,participant_id,function_fid,system_timestamp,device_timestamp,valid_gaze_left,valid_gaze_right,gaze_left_eye,gaze_right_eye,valid_pd_left,valid_pd_right,pd_left,pd_right,irl_left_eye_coordinates,irl_right_eye_coordinates,irl_left_point_on_screen,irl_right_point_on_screen,geometry,-----------.1,-----------.2,-----------.3,-----------.4,class.1,Point.1,public.1,Point.2,().1,std.1,cout.2,<<.1,Constructor.1,called.1,-----------.7,-----------.8,-----------.9,int.1,main.1,Point.3,t1.1,*.1,t2.1,return.1,0.1,-----------.10,question,code,choices
0,13,5,408074049602,2230890858,1,1,"(0.4306122064590454, 0.19989712536334991)","(0.43444153666496277, 0.1947309523820877)",1,1,2.43597412109375,2.418487548828125,"(-49.62684631347656, 31.32684326171875, 530.9466552734375)","(11.81144905090332, 26.68950653076172, 531.4823608398438)","(-25.594894409179688, 163.64378356933594, 48.91967010498047)","(-24.27176284790039, 164.58731079101562, 49.26309585571289)",POINT (0.4325268715620041 0.1973140388727188),,,,,,,,,,,1,,,,,,,,,,,,,,,,,,
0,13,5,408074066272,2230907527,1,1,"(0.43113914132118225, 0.19815024733543396)","(0.439081609249115, 0.2025735229253769)",1,1,2.434478759765625,2.412826538085937,"(-49.6737060546875, 31.3136043548584, 530.893310546875)","(11.796957015991211, 26.697589874267578, 531.388671875)","(-25.412818908691406, 163.96282958984375, 49.03577423095703)","(-22.668498992919922, 163.15496826171875, 48.741756439208984)",POINT (0.4351103752851486 0.2003618851304054),,,,,,,,,,,1,,,,,,,,,,,,,,,,,,
0,13,5,408074082939,2230924194,1,1,"(0.4259844124317169, 0.19515137374401093)","(0.4344719350337982, 0.2079116255044937)",1,1,2.421539306640625,2.4244842529296875,"(-49.71864700317383, 31.30399513244629, 530.8226318359375)","(11.77226448059082, 26.713924407958984, 531.3346557617188)","(-27.19392204284668, 164.5105438232422, 49.235137939453125)","(-24.261260986328125, 162.18003845214844, 48.386924743652344)",POINT (0.4302281737327576 0.2015314996242523),,,,,,,,,,,,,,,,,,,,,,,,,,,,,
0,13,5,408074099607,2230940861,1,1,"(0.4282362759113312, 0.19784961640834808)","(0.44034117460250854, 0.20274579524993896)",1,1,2.409530639648437,2.42352294921875,"(-49.773704528808594, 31.302724838256836, 530.8297119140625)","(11.741458892822266, 26.73369026184082, 531.304443359375)","(-26.415828704833984, 164.01773071289062, 49.0557861328125)","(-22.233287811279297, 163.12350463867188, 48.730308532714844)",POINT (0.4342887252569199 0.2002977058291435),,,,,,,,,,,1,,,,,,,,,,,,,,,,,,
0,13,5,408074116272,2230957527,1,1,"(0.43079671263694763, 0.2024267166852951)","(0.4453065097332001, 0.20417936146259308)",1,1,2.4127197265625,2.3914337158203125,"(-49.80840301513672, 31.29485321044922, 530.7529907226562)","(11.722776412963867, 26.7473087310791, 531.2426147460938)","(-25.53115463256836, 163.18177795410156, 48.75153732299805)","(-20.517627716064453, 162.8616943359375, 48.6350212097168)",POINT (0.4380516111850738 0.2033030390739441),,,,,,,,,,,,,,,,,,,,,,,,,,,,,
0,13,5,408074132939,2230974193,1,1,"(0.4264604449272156, 0.19669769704341888)","(0.4386686682701111, 0.2058781534433365)",1,1,2.4220428466796875,2.415313720703125,"(-49.82048034667969, 31.28650665283203, 530.7430419921875)","(11.729316711425781, 26.742198944091797, 531.15576171875)","(-27.02944564819336, 164.22811889648438, 49.132354736328125)","(-22.811180114746094, 162.5514373779297, 48.52208709716797)",POINT (0.4325645565986633 0.2012879252433777),,,,,,,,,,,1,,,,,,,,,,,,,,,,,,
0,13,5,408074149607,2230990861,1,1,"(0.4247298538684845, 0.20693300664424896)","(0.4412961006164551, 0.20840784907341003)",1,1,2.4209442138671875,2.4084930419921875,"(-49.8128662109375, 31.27896499633789, 530.6490478515625)","(11.744422912597656, 26.742870330810547, 531.0928955078125)","(-27.627395629882812, 162.3587646484375, 48.45195388793945)","(-21.903345108032227, 162.0894012451172, 48.35395050048828)",POINT (0.4330129772424698 0.2076704278588295),,,,,,,,,,,1,,,,,,,,,,,,,,,,,,
0,13,5,408074166274,2231007527,1,1,"(0.4253682494163513, 0.21020077168941498)","(0.43727508187294006, 0.2061915397644043)",1,1,2.4071807861328125,2.385848999023437,"(-49.788726806640625, 31.26915740966797, 530.589111328125)","(11.77685546875, 26.717117309570312, 531.060546875)","(-27.40681266784668, 161.761962890625, 48.234745025634766)","(-23.29269027709961, 162.49420166015625, 48.50124740600586)",POINT (0.4313216656446457 0.2081961557269096),,,,,,,,,,,1,,,,,,,,,,,,,,,,,,
0,13,5,408074182941,2231024194,1,1,"(0.42329591512680054, 0.20704814791679382)","(0.4423954486846924, 0.20905347168445587)",1,1,2.398101806640625,2.374969482421875,"(-49.74590301513672, 31.25476837158203, 530.5164794921875)","(11.826257705688477, 26.687469482421875, 531.0667724609375)","(-28.122861862182617, 162.3377227783203, 48.44432830810547)","(-21.523473739624023, 161.97149658203125, 48.3110237121582)",POINT (0.4328456819057465 0.2080508098006248),,,,,,,,,,,1,,,,,,,,,,,,,,,,,,
0,13,5,408074199614,2231040866,1,1,"(0.42915621399879456, 0.2040734887123108)","(0.43941307067871094, 0.21351712942123413)",1,1,2.393539428710937,2.3813934326171875,"(-49.70363235473633, 31.24159812927246, 530.4593505859375)","(11.883211135864258, 26.64272689819336, 530.94775390625)","(-26.09797477722168, 162.88104248046875, 48.64202880859375)","(-22.553972244262695, 161.15626525878906, 48.01428985595703)",POINT (0.4342846423387528 0.2087953090667725),,,,,,,,,,,1,,,,,,,,,,,,,,,,,,
0,13,5,408074216280,2231057532,1,1,"(0.42739006876945496, 0.2075798362493515)","(0.4412131905555725, 0.21342575550079346)",1,1,2.3777008056640625,2.3664703369140625,"(-49.658775329589844, 31.225141525268555, 530.371337890625)","(11.932241439819336, 26.609609603881836, 530.96142578125)","(-26.70822525024414, 162.2406463623047, 48.408958435058594)","(-21.931982040405273, 161.17295837402344, 48.020355224609375)",POINT (0.4343016296625137 0.2105027958750725),,,,,,,,,,,1,,,,,,,,,,,,,,,,,,
0,13,5,408074232948,2231074199,1,1,"(0.42576926946640015, 0.2046414464712143)","(0.44198283553123474, 0.21073153614997864)",1,1,2.369049072265625,2.369476318359375,"(-49.61530685424805, 31.211458206176758, 530.393798828125)","(11.97900104522705, 26.574623107910156, 530.9761962890625)","(-27.26824188232422, 162.7772979736328, 48.60430908203125)","(-21.666057586669922, 161.66502380371094, 48.19947052001953)",POINT (0.4338760524988174 0.2076864913105965),,,,,,,,,,,1,,,,,,,,,,,,,,,,,,
0,13,5,408074249615,2231090866,1,1,"(0.4261404275894165, 0.20024140179157257)","(0.44071581959724426, 0.2136019617319107)",1,1,2.3497772216796875,2.344024658203125,"(-49.582923889160156, 31.185382843017578, 530.3671875)","(12.015412330627441, 26.541030883789062, 530.9906616210938)","(-27.14000129699707, 163.58090209960938, 48.89678955078125)","(-22.103837966918945, 161.1407928466797, 48.008636474609375)",POINT (0.4334281235933304 0.2069216817617416),,,,,,,,,,,1,,,,,,,,,,,,,,,,,,
0,13,5,408074266282,2231107532,1,1,"(0.4231741726398468, 0.2080882042646408)","(0.441206157207489, 0.21180985867977142)",1,1,2.352157592773437,2.343856811523437,"(-49.55902099609375, 31.15301513671875, 530.277099609375)","(12.036438941955566, 26.514381408691406, 530.9507446289062)","(-28.164928436279297, 162.14779663085938, 48.37516784667969)","(-21.934415817260742, 161.46807861328125, 48.12775802612305)",POINT (0.4321901649236679 0.2099490314722061),,,,,,,,,,,1,,,,,,,,,,,,,,,,,,
0,13,5,408074282949,2231124199,1,1,"(0.4268381893634796, 0.20292659103870392)","(0.4361070990562439, 0.21440668404102325)",1,1,2.344955444335937,2.3288726806640625,"(-49.55804443359375, 31.12266731262207, 530.238037109375)","(12.0447998046875, 26.48900032043457, 530.8956298828125)","(-26.898906707763672, 163.0904998779297, 48.71828842163086)","(-23.69626808166504, 160.99380493164062, 47.95514678955078)",POINT (0.4314726442098618 0.2086666375398636),,,,,,,,,,,1,,,,,,,,,,,,,,,,,,
0,13,5,408074299617,2231140866,1,1,"(0.4263406991958618, 0.20434340834617615)","(0.4372776746749878, 0.21170975267887115)",1,1,2.35101318359375,2.351959228515625,"(-49.5751953125, 31.08514976501465, 530.1961059570312)","(12.031285285949707, 26.467084884643555, 530.90380859375)","(-27.070817947387695, 162.8317108154297, 48.62411880493164)","(-23.291810989379883, 161.4863739013672, 48.13444137573242)",POINT (0.4318091869354248 0.2080265805125236),,,,,,,,,,,1,,,,,,,,,,,,,,,,,,
0,13,5,408074316283,2231157532,1,1,"(0.42742905020713806, 0.20930896699428558)","(0.43990135192871094, 0.21597997844219208)",1,1,2.3576812744140625,2.330352783203125,"(-49.602638244628906, 31.057525634765625, 530.144287109375)","(11.99901008605957, 26.448360443115234, 530.8424072265625)","(-26.694766998291016, 161.92483520507812, 48.29402160644531)","(-22.38525390625, 160.70645141601562, 47.8505744934082)",POINT (0.4336652010679245 0.2126444727182388),,,,,,,,,,,,,,,,,,,,,,,,,,,,,
0,13,5,408074332957,2231174205,1,1,"(0.42591097950935364, 0.20385195314884186)","(0.4403076469898224, 0.22306889295578003)",1,1,2.3629302978515625,2.33587646484375,"(-49.652976989746094, 31.03521156311035, 530.1913452148438)","(11.964274406433105, 26.434019088745117, 530.8355102539062)","(-27.219280242919922, 162.92147827148438, 48.65681076049805)","(-22.244882583618164, 159.41177368164062, 47.37935256958008)",POINT (0.433109313249588 0.2134604230523109),,,,,,,,,,,,,,,,,,,,,,,,,,,,1,
0,13,5,408074349623,2231190871,1,1,"(0.42636576294898987, 0.21363644301891327)","(0.4424971342086792, 0.2173359990119934)",1,1,2.3362579345703125,2.3385009765625,"(-49.70130920410156, 31.009653091430664, 530.2545776367188)","(11.923563003540039, 26.422117233276367, 530.8212890625)","(-27.062145233154297, 161.1344757080078, 48.00636672973633)","(-21.488351821899414, 160.45880126953125, 47.760433197021484)",POINT (0.4344314485788345 0.2154862210154533),,,,,,,,,,,,,,,,,,,,,,,,,,,,1,
0,13,5,408074366291,2231207538,1,1,"(0.42687439918518066, 0.20692263543605804)","(0.4416789412498474, 0.22871406376361847)",1,1,2.36492919921875,2.326034545898437,"(-49.75727462768555, 30.969940185546875, 530.2469482421875)","(11.866836547851562, 26.41230010986328, 530.846923828125)","(-26.88640022277832, 162.3606719970703, 48.45265197753906)","(-21.771055221557617, 158.38075256347656, 47.00407028198242)",POINT (0.434276670217514 0.2178183495998383),,,,,,,,,,,,,,,,,,,,,,,,,,,,1,
0,13,5,408074382958,2231224205,1,1,"(0.4102637469768524, 0.19183863699436188)","(0.4153619408607483, 0.19775384664535522)",1,1,2.33984375,2.344711303710937,"(-49.869606018066406, 30.940479278564453, 530.3480224609375)","(11.72848892211914, 26.4205265045166, 530.92919921875)","(-32.625797271728516, 165.1155548095703, 49.45535659790039)","(-30.864238739013672, 164.03521728515625, 49.06214141845703)",POINT (0.4128128439188004 0.1947962418198586),,,,,,,,,,,,,,,,,,,,,,,,,,,,,
0,13,5,408074399624,2231240871,1,1,"(0.4067593812942505, 0.1998956799507141)","(0.4198036193847656, 0.19817322492599487)",1,1,2.323516845703125,2.3357086181640625,"(-49.93058776855469, 30.90203285217285, 530.3787231445312)","(11.676456451416016, 26.420082092285156, 531.0408935546875)","(-33.83665084838867, 163.64404296875, 48.919761657714844)","(-29.32953453063965, 163.95863342285156, 49.03425598144531)",POINT (0.4132815003395081 0.1990344524383545),,,,,,,,,,,,,,,,,,,,,,,,,,,,,
0,13,5,408074416291,2231257538,1,1,"(0.4054538607597351, 0.1989613175392151)","(0.4215899109840393, 0.2022838443517685)",1,1,2.318572998046875,2.337005615234375,"(-49.984169006347656, 30.87580108642578, 530.3065795898438)","(11.6221284866333, 26.407011032104492, 530.9718017578125)","(-34.2877311706543, 163.814697265625, 48.981876373291016)","(-28.712329864501953, 163.2078857421875, 48.76101303100586)",POINT (0.4135218858718872 0.2006225809454918),,,,,,,,,,,,,,,,,,,,,,,,,,,,,
0,13,5,408074432959,2231274205,1,1,"(0.4044625163078308, 0.1933169811964035)","(0.4181171953678131, 0.19767379760742188)",1,1,2.33154296875,2.32098388671875,"(-50.04093933105469, 30.84733772277832, 530.2973022460938)","(11.57331657409668, 26.402130126953125, 530.9738159179688)","(-34.63027572631836, 164.84555053710938, 49.357078552246094)","(-29.912240982055664, 164.04983520507812, 49.06747817993164)",POINT (0.411289855837822 0.1954953894019127),,,,,,,,,,,,,,,,,,,,,,,,,,,,,
0,13,5,408074449625,2231290871,1,1,"(0.406273752450943, 0.2006334513425827)","(0.41855600476264954, 0.2052171379327774)",1,1,2.309112548828125,2.306976318359375,"(-50.09241485595703, 30.81615447998047, 530.327880859375)","(11.522385597229004, 26.37995147705078, 530.91259765625)","(-34.00444412231445, 163.50930786132812, 48.87071990966797)","(-29.76061248779297, 162.67214965820312, 48.566036224365234)",POINT (0.4124148786067963 0.20292529463768),,,,,,,,,,,,,,,,,,,,,,,,,,,,,
0,13,5,408074466298,2231307543,1,1,"(0.40459591150283813, 0.1949135661125183)","(0.4194931387901306, 0.20294693112373352)",1,1,2.3174285888671875,2.316513061523437,"(-50.146324157714844, 30.780590057373047, 530.273681640625)","(11.470850944519043, 26.371688842773438, 530.94580078125)","(-34.58417892456055, 164.55397033691406, 49.250953674316406)","(-29.436809539794922, 163.08677673339844, 48.71693801879883)",POINT (0.4120445251464844 0.1989302486181259),,,,,,,,,,,,,,,,,,,,,,,,,,,,,
0,13,5,408074482964,2231324209,1,1,"(0.40429675579071045, 0.1986057162284851)","(0.42171353101730347, 0.20901016891002655)",1,1,2.29241943359375,2.3205718994140625,"(-50.18766784667969, 30.74448585510254, 530.2681274414062)","(11.426827430725098, 26.35285186767578, 530.89208984375)","(-34.68754577636719, 163.87965393066406, 49.00550079345703)","(-28.66961097717285, 161.9794158935547, 48.313907623291016)",POINT (0.413005143404007 0.2038079425692558),,,,,,,,,,,,,,,,,,,,,,,,,,,,,
0,13,5,408074499632,2231340876,1,1,"(0.425557017326355, 0.18173383176326752)","(0.43880611658096313, 0.21061459183692932)",1,1,2.3031158447265625,2.29718017578125,"(-50.14037322998047, 30.731836318969727, 530.156494140625)","(11.468801498413086, 26.338722229003906, 530.76611328125)","(-27.341594696044922, 166.96107482910156, 50.12705612182617)","(-22.763687133789062, 161.68637084960938, 48.207237243652344)",POINT (0.4321815669536591 0.1961742118000984),,,,,,,,,,,1,,,,,,,,,,,,,,,,1,,
0,13,5,408074516299,2231357543,1,1,"(0.47078827023506165, 0.1736244410276413)","(0.48556622862815857, 0.18099121749401093)",1,1,2.307769775390625,2.30560302734375,"(-49.94453811645508, 30.738595962524414, 530.0990600585938)","(11.611098289489746, 26.327484130859375, 530.6448364257812)","(-11.713047981262207, 168.442138671875, 50.666133880615234)","(-6.606901168823242, 167.09671020507812, 50.17642593383789)",POINT (0.4781772494316101 0.1773078292608261),,,,,,,,,,,,,,,,,,,,,,,,,,,1,,
0,13,5,408074532966,2231374209,1,1,"(0.46630972623825073, 0.1728421002626419)","(0.48341503739356995, 0.18656158447265625)",1,1,2.2904815673828125,2.2948760986328125,"(-49.9637451171875, 30.729820251464844, 530.1533813476562)","(11.597363471984863, 26.33248519897461, 530.6295166015625)","(-13.260496139526367, 168.58502197265625, 50.718162536621094)","(-7.3501691818237305, 166.079345703125, 49.8061408996582)",POINT (0.4748623818159103 0.1797018423676491),,,,,,,,,,,,,,,,,,,,,,,,,,,1,,
0,13,5,408074549633,2231390876,1,1,"(0.4747500717639923, 0.17232540249824524)","(0.48511698842048645, 0.1917748600244522)",1,1,2.278594970703125,2.295806884765625,"(-50.00914001464844, 30.695470809936523, 530.1376953125)","(11.577962875366211, 26.316652297973633, 530.552001953125)","(-10.344138145446777, 168.67938232421875, 50.75248336791992)","(-6.762120246887207, 165.12721252441406, 49.459598541259766)",POINT (0.4799335300922394 0.1820501312613487),,,,,,,,,,,,,,,,,,,,,,,,,,,1,,
0,13,5,408074566301,2231407543,1,1,"(0.4709932208061218, 0.18154188990592957)","(0.48635274171829224, 0.19184927642345428)",1,1,2.298828125,2.3009796142578125,"(-50.05131149291992, 30.66766929626465, 530.1539306640625)","(11.546485900878906, 26.284610748291016, 530.4512939453125)","(-11.642234802246094, 166.99612426757812, 50.139801025390625)","(-6.335122585296631, 165.11361694335938, 49.454647064208984)",POINT (0.478672981262207 0.1866955831646919),,,,,,,,,,,,,,,,,,,,,,,,,,,1,,
0,13,5,408074582972,2231424214,1,1,"(0.47085198760032654, 0.17593854665756226)","(0.48567700386047363, 0.19057074189186096)",1,1,2.30035400390625,2.287811279296875,"(-50.0970344543457, 30.60287094116211, 530.1083984375)","(11.510040283203125, 26.24594497680664, 530.3983154296875)","(-11.691030502319336, 168.01951599121094, 50.512298583984375)","(-6.568617343902588, 165.3471221923828, 49.53964614868164)",POINT (0.4782644957304001 0.1832546442747116),,,,,,,,,,,,,,,,,,,,,,,,,,,1,,
0,13,5,408074599639,2231440880,1,1,"(0.4716402590274811, 0.16983269155025482)","(0.4865158200263977, 0.1880352944135666)",1,1,2.2771453857421875,2.2869415283203125,"(-50.13070297241211, 30.52349853515625, 530.0331420898438)","(11.473153114318848, 26.205039978027344, 530.4387817382812)","(-11.418649673461914, 169.1346435546875, 50.918190002441406)","(-6.278778553009033, 165.8101806640625, 49.70819091796875)",POINT (0.4790780395269394 0.1789339929819107),,,,,,,,,,,,,,,,,,,,,,,,,,,1,,
0,13,5,408074616306,2231457547,1,1,"(0.47216278314590454, 0.17822293937206268)","(0.4861530065536499, 0.18733619153499603)",1,1,2.27996826171875,2.27880859375,"(-50.17128372192383, 30.481861114501953, 530.0245361328125)","(11.435632705688477, 26.178146362304688, 530.4473876953125)","(-11.238112449645996, 167.602294921875, 50.360450744628906)","(-6.404143333435059, 165.9378662109375, 49.75465774536133)",POINT (0.4791578948497772 0.1827795654535294),,,,,,,,,,,,,,,,,,,,,,,,,,,1,,
0,13,5,408074632974,2231474214,1,1,"(0.4698035418987274, 0.17829477787017822)","(0.48623213171958923, 0.1869831532239914)",1,1,2.279769897460937,2.2706298828125,"(-50.197021484375, 30.437786102294922, 529.998291015625)","(11.417174339294434, 26.168867111206055, 530.4713134765625)","(-12.053292274475098, 167.58917236328125, 50.355648040771484)","(-6.376814365386963, 166.00234985351562, 49.77812576293945)",POINT (0.4780178368091583 0.1826389655470848),,,,,,,,,,,,,,,,,,,,,,,,,,,1,,
0,13,5,408074649640,2231490880,1,1,"(0.5296860933303833, 0.18351618945598602)","(0.5382038950920105, 0.19112084805965424)",1,1,2.257598876953125,2.27435302734375,"(-50.04225158691406, 30.408876419067383, 530.0076293945312)","(11.557781219482422, 26.175296783447266, 530.5980224609375)","(8.637630462646484, 166.6355438232422, 50.00860595703125)","(11.580765724182129, 165.24664306640625, 49.503082275390625)",POINT (0.5339449942111969 0.1873185187578201),,,,,,,,,,,,,,,,,,,,,,,,,,,1,,
0,13,5,408074666308,2231507547,1,1,"(0.5371038317680359, 0.17507518827915192)","(0.550512433052063, 0.19439008831977844)",1,1,2.2600860595703125,2.259368896484375,"(-49.954280853271484, 30.37715721130371, 529.9346313476562)","(11.587187767028809, 26.197540283203125, 531.09716796875)","(11.200634002685547, 168.17718505859375, 50.569698333740234)","(15.83366870880127, 164.64956665039062, 49.28573989868164)",POINT (0.5438081324100494 0.1847326382994652),,,,,,,,,,,,,,,,,,,,,,,,,,,1,,
0,13,5,408074682975,2231524214,1,1,"(0.5396037697792053, 0.17846344411373138)","(0.5459566116333008, 0.1915537714958191)",1,1,2.273468017578125,2.2833404541015625,"(-49.99718475341797, 30.346553802490234, 530.01513671875)","(11.588979721069336, 26.18177032470703, 531.0428466796875)","(12.064436912536621, 167.55836486816406, 50.344459533691406)","(14.25951862335205, 165.1676025390625, 49.47427749633789)",POINT (0.542780190706253 0.1850086078047752),,,,,,,,,,,,,,,,,,,,,,,,,,,1,,
0,13,5,408074699641,2231540880,1,1,"(0.5394254922866821, 0.17913325130939484)","(0.5476382374763489, 0.1952035129070282)",1,1,2.2705841064453125,2.2777557373046875,"(-49.99358367919922, 30.315120697021484, 529.9987182617188)","(11.605573654174805, 26.138690948486328, 530.8231811523438)","(12.002843856811523, 167.43601989746094, 50.2999382019043)","(14.840576171875, 164.5010223388672, 49.23167419433594)",POINT (0.5435318648815155 0.1871683821082115),,,,,,,,,,,,,,,,,,,,,,,,,,,1,,
0,13,5,408074716313,2231557552,1,1,"(0.5406765341758728, 0.18591636419296265)","(0.5459473729133606, 0.18957911431789398)",1,1,2.2481842041015625,2.2711639404296875,"(-49.99433135986328, 30.283676147460938, 529.951171875)","(11.62289810180664, 26.088886260986328, 530.549560546875)","(12.435111999511719, 166.19717407226562, 49.84902572631836)","(14.256330490112305, 165.52822875976562, 49.60554504394531)",POINT (0.5433119535446167 0.1877477392554283),,,,,,,,,,,,,,,,,,,,,,,,,,,1,,
0,13,5,408074732980,2231574218,1,1,"(0.5351985096931458, 0.185367152094841)","(0.5432778596878052, 0.1933855563402176)",1,1,2.2846221923828125,2.2701568603515625,"(-49.991058349609375, 30.23569107055664, 529.85888671875)","(11.637691497802734, 26.054306030273438, 530.431640625)","(10.542332649230957, 166.2974853515625, 49.885536193847656)","(13.333959579467773, 164.83302307128906, 49.3525276184082)",POINT (0.5392381846904755 0.1893763542175293),,,,,,,,,,,,,,,,,,,,,,,,,,,1,,
0,13,5,408074749647,2231590885,1,1,"(0.5386106967926025, 0.17923030257225037)","(0.5495163202285767, 0.19606229662895203)",1,1,2.252777099609375,2.273834228515625,"(-49.995880126953125, 30.205909729003906, 529.8822631835938)","(11.63338851928711, 26.047473907470703, 530.6414184570312)","(11.721321105957031, 167.41830444335938, 50.29347610473633)","(15.489480018615723, 164.3441619873047, 49.1745719909668)",POINT (0.5440635085105896 0.1876462996006012),,,,,,,,,,,,,,,,,,,,,,,,,,,1,,
0,13,5,408074766315,2231607552,1,1,"(0.5377476215362549, 0.18253032863140106)","(0.5524914264678955, 0.20161770284175873)",1,1,2.26611328125,2.2732696533203125,"(-49.997074127197266, 30.188922882080078, 529.8900146484375)","(11.60970401763916, 26.073549270629883, 531.2693481445312)","(11.423104286193848, 166.81561279296875, 50.07412338256836)","(16.517440795898438, 163.32955932617188, 48.80528259277344)",POINT (0.5451195240020752 0.1920740157365799),,,,,,,,,,,,,,,,,,,,,,,,,,,1,,
0,13,5,408074782981,2231624218,1,1,"(0.543822705745697, 0.17801368236541748)","(0.5482853651046753, 0.197459414601326)",1,1,2.2464752197265625,2.265655517578125,"(-50.004302978515625, 30.19048309326172, 529.9041748046875)","(11.638266563415527, 26.044509887695312, 530.7041015625)","(13.522181510925293, 167.6405029296875, 50.37437057495117)","(15.064159393310547, 164.0889892578125, 49.08170700073242)",POINT (0.5460540354251862 0.1877365484833717),,,,,,,,,,,,,,,,,,,,,,,,,,,1,,
0,13,5,408074799649,2231640885,1,1,"(0.45831814408302307, 0.2091076821088791)","(0.4747002422809601, 0.23100818693637848)",1,1,2.2782440185546875,2.261505126953125,"(-50.21426010131836, 30.14409828186035, 529.9650268554688)","(11.377334594726562, 25.980304718017578, 530.3245239257812)","(-16.021785736083984, 161.96157836914062, 48.30741500854492)","(-10.361370086669922, 157.9617462158203, 46.85158157348633)",POINT (0.4665091931819916 0.2200579345226288),,,,,,,,,,,,,,,,,,,,,,,,,,,,1,
0,13,5,408074816315,2231657551,1,1,"(0.42336249351501465, 0.23684388399124146)","(0.4371560215950012, 0.25318336486816406)",1,1,2.2519683837890625,2.2720489501953125,"(-50.43413543701172, 30.097074508666992, 530.0169677734375)","(11.130701065063477, 25.9894962310791, 530.5191650390625)","(-28.099853515625, 156.8959503173828, 46.46367645263672)","(-23.333839416503906, 153.91175842285156, 45.37749481201172)",POINT (0.4302592575550079 0.2450136244297028),,,,,,,,,,,,,,,,,,,,,,,,,,,1,1,
0,13,5,408074832984,2231674219,1,1,"(0.4217572808265686, 0.23009467124938965)","(0.43793508410453796, 0.24831433594226837)",1,1,2.27313232421875,2.281585693359375,"(-50.4491081237793, 30.08942222595215, 530.0465087890625)","(11.140443801879883, 25.991573333740234, 530.550048828125)","(-28.65449333190918, 158.12860107421875, 46.912296295166016)","(-23.064647674560547, 154.801025390625, 45.70114517211914)",POINT (0.4298461824655533 0.239204503595829),,,,,,,,,,,,,,,,,,,,,,,,,,,1,1,
0,13,5,408074849656,2231690891,1,1,"(0.41093334555625916, 0.2310236245393753)","(0.43837597966194153, 0.25650009512901306)",1,1,2.246337890625,2.270111083984375,"(-50.478919982910156, 30.08565330505371, 530.0813598632812)","(11.126936912536621, 26.00111961364746, 530.55078125)","(-32.39442443847656, 157.9589385986328, 46.85053253173828)","(-22.912309646606445, 153.30601501464844, 45.15703582763672)",POINT (0.4246546626091003 0.2437618598341942),,,,,,,,,,,,,,,,,,,,,,,,,,,1,1,
0,13,5,408074866323,2231707557,1,1,"(0.4186399281024933, 0.23973502218723297)","(0.43223968148231506, 0.25389406085014343)",1,1,2.255966186523437,2.2831268310546875,"(-50.506954193115234, 30.053730010986328, 530.05419921875)","(11.106273651123047, 25.9959716796875, 530.52783203125)","(-29.731611251831055, 156.36790466308594, 46.271484375)","(-25.032554626464844, 153.78196716308594, 45.33027267456055)",POINT (0.4254398047924042 0.2468145415186882),,,,,,,,,,,,,,,,,,,,,,,,,,,1,1,
0,13,5,408074882990,2231724224,1,1,"(0.4186970293521881, 0.2344570904970169)","(0.440766841173172, 0.24729202687740326)",1,1,2.260772705078125,2.2869415283203125,"(-50.55060958862305, 30.0338191986084, 530.1268920898438)","(11.084651947021484, 26.00135040283203, 530.5521850585938)","(-29.71187400817871, 157.3318634033203, 46.62233352661133)","(-22.086210250854492, 154.98773193359375, 45.76911926269531)",POINT (0.42973193526268 0.2408745586872101),,,,,,,,,,,,,,,,,,,,,,,,,,,1,1,
0,13,5,408074899658,2231740891,1,1,"(0.41489002108573914, 0.23709999024868011)","(0.43647170066833496, 0.2533882260322571)",1,1,2.275787353515625,2.268783569335937,"(-50.576683044433594, 30.004005432128906, 530.08251953125)","(11.068550109863281, 25.99776840209961, 530.5447998046875)","(-31.027311325073242, 156.84918212890625, 46.44662857055664)","(-23.570293426513672, 153.8743438720703, 45.363887786865234)",POINT (0.425680860877037 0.2452441081404686),,,,,,,,,,,,,,,,,,,,,,,,,,,1,1,
0,13,5,408074916325,2231757558,1,1,"(0.4160877764225006, 0.23770807683467865)","(0.43373116850852966, 0.2566339373588562)",1,1,2.28509521484375,2.297576904296875,"(-50.60689163208008, 29.97970199584961, 530.0546875)","(11.044218063354492, 25.97806739807129, 530.4907836914062)","(-30.61345100402832, 156.7381134033203, 46.406211853027344)","(-24.517215728759766, 153.2815704345703, 45.14811325073242)",POINT (0.4249094724655151 0.2471710070967674),,,,,,,,,,,,,,,,,,,,,,,,,,,1,1,
0,13,5,408074932992,2231774224,1,1,"(0.41308924555778503, 0.23524580895900726)","(0.43541646003723145, 0.26381242275238037)",1,1,2.2952117919921875,2.301116943359375,"(-50.63105773925781, 29.94040298461914, 530.0494995117188)","(11.028093338012695, 25.935680389404297, 530.3976440429688)","(-31.64952278137207, 157.1878204345703, 46.569908142089844)","(-23.934898376464844, 151.97048950195312, 44.67095947265625)",POINT (0.4242528527975082 0.2495291158556938),,,,,,,,,,,,,,,,,,,,,,,,,,,1,1,
0,13,5,408074949659,2231790891,1,1,"(0.4108843207359314, 0.236397847533226)","(0.4337519109249115, 0.25549232959747314)",1,1,2.2989501953125,2.31488037109375,"(-50.64775848388672, 29.87314796447754, 530.024658203125)","(11.018186569213867, 25.871286392211914, 530.34326171875)","(-32.411376953125, 156.97740173339844, 46.493309020996094)","(-24.510053634643555, 153.49005126953125, 45.2240104675293)",POINT (0.4223181158304214 0.2459450885653496),,,,,,,,,,,,,,,,,,,,,,,,,,,1,1,
0,13,5,408074966327,2231807558,1,1,"(0.41444796323776245, 0.2355474829673767)","(0.43493640422821045, 0.2577793598175049)",1,1,2.33197021484375,2.31878662109375,"(-50.65565872192383, 29.80448341369629, 529.9750366210938)","(11.01150894165039, 25.806793212890625, 530.382568359375)","(-31.18006134033203, 157.13272094726562, 46.54982376098633)","(-24.10077667236328, 153.07235717773438, 45.071998596191406)",POINT (0.4246921837329864 0.2466634213924408),,,,,,,,,,,,,,,,,,,,,,,,,,,1,1,
0,13,5,408074982995,2231824226,1,1,"(0.41174623370170593, 0.24317052960395813)","(0.43212977051734924, 0.25714656710624695)",1,1,2.306549072265625,2.3134307861328125,"(-50.657135009765625, 29.744544982910156, 529.9116821289062)","(11.012504577636719, 25.735584259033203, 530.3202514648438)","(-32.11354446411133, 155.74046325683594, 46.04309844970703)","(-25.07053565979004, 153.18792724609375, 45.114044189453125)",POINT (0.4219380021095276 0.2501585483551025),,,,,,,,,,,,,,,,,,,,,,,,,,,1,1,
0,13,5,408074999662,2231840893,1,1,"(0.4122278094291687, 0.23711024224758148)","(0.4334670305252075, 0.2531704604625702)",1,1,2.3217315673828125,2.3372039794921875,"(-50.655677795410156, 29.670886993408203, 529.93701171875)","(11.012210845947266, 25.672317504882812, 530.3436279296875)","(-31.947162628173828, 156.8472900390625, 46.44595718383789)","(-24.608470916748047, 153.9141082763672, 45.37837600708008)",POINT (0.4228474199771881 0.2451403513550758),,,,,,,,,,,,,,,,,,,,,,,,,,,1,1,
0,13,5,408075016329,2231857560,1,1,"(0.41445955634117126, 0.2413644641637802)","(0.4347791075706482, 0.25565963983535767)",1,1,2.334320068359375,2.3420562744140625,"(-50.66529846191406, 29.631200790405273, 529.91943359375)","(11.005141258239746, 25.638198852539062, 530.3670043945312)","(-31.17603874206543, 156.07032775878906, 46.16314697265625)","(-24.155115127563477, 153.45950317382812, 45.21289825439453)",POINT (0.4246193319559097 0.2485120519995689),,,,,,,,,,,,,,,,,,,,,,,,,,,1,1,
0,13,5,408075032996,2231874226,1,1,"(0.4175559878349304, 0.23789599537849426)","(0.4335905611515045, 0.26246964931488037)",1,1,2.3534393310546875,2.332305908203125,"(-50.69098663330078, 29.603668212890625, 529.898193359375)","(10.986137390136719, 25.61491584777832, 530.3759155273438)","(-30.106149673461914, 156.7037811279297, 46.39372634887695)","(-24.5657958984375, 152.21572875976562, 44.760223388671875)",POINT (0.4255732744932175 0.2501828223466873),,,,,,,,,,,,,,,,,,,,,,,,,,,1,1,
0,13,5,408075049663,2231890893,1,1,"(0.41854962706565857, 0.24305422604084015)","(0.4314713180065155, 0.2648342549800873)",1,1,2.360504150390625,2.367050170898437,"(-50.723114013671875, 29.59381866455078, 529.9486694335938)","(10.953680038452148, 25.611085891723633, 530.4700317382812)","(-29.7628116607666, 155.76170349121094, 46.050819396972656)","(-25.298044204711914, 151.7838897705078, 44.6030158996582)",POINT (0.425010472536087 0.2539442405104637),,,,,,,,,,,,,,,,,,,,,,,,,,,1,1,
0,13,5,408075066330,2231907559,1,1,"(0.4467151463031769, 0.2883267402648926)","(0.45436108112335205, 0.3163570761680603)",1,1,2.3285064697265625,2.3418426513671875,"(-50.68260955810547, 29.46294403076172, 529.816162109375)","(10.939132690429688, 25.51509666442871, 530.5958251953125)","(-20.030920028686523, 147.49327087402344, 43.041378021240234)","(-17.38905143737793, 142.3739013671875, 41.178104400634766)",POINT (0.4505381137132645 0.3023419082164764),,,,,,,,,,,,,,,,,,,,,,,,,,,,1,
0,13,5,408075082997,2231924226,1,1,"(0.43422064185142517, 0.30086013674736023)","(0.4465283453464508, 0.3211668133735657)",1,1,2.3475341796875,2.365264892578125,"(-50.692352294921875, 29.402889251708984, 529.6484375)","(10.882081985473633, 25.520126342773438, 530.7689819335938)","(-24.348085403442383, 145.2042236328125, 42.208248138427734)","(-20.095468521118164, 141.49545288085938, 40.85835647583008)",POINT (0.440374493598938 0.311013475060463),,,,,,,,,,,,,,,,,,,,,,,,,,,,1,
0,13,5,408075099665,2231940893,1,1,"(0.42741844058036804, 0.30062124133110046)","(0.44850289821624756, 0.32646942138671875)",1,1,2.3497467041015625,2.363433837890625,"(-50.77271270751953, 29.396095275878906, 529.6517333984375)","(10.822196006774902, 25.578401565551758, 530.9273681640625)","(-26.698423385620117, 145.24786376953125, 42.22410583496094)","(-19.41320037841797, 140.5270233154297, 40.505863189697266)",POINT (0.4379606693983078 0.3135453313589096),,,,,,,,,,,,,,,,,,,,,,,,,,,,1,
0,13,5,408075116336,2231957564,1,1,"(0.43185606598854065, 0.30263039469718933)","(0.44412726163864136, 0.3317181468009949)",1,1,2.35772705078125,2.36865234375,"(-50.8697509765625, 29.42176055908203, 529.8417358398438)","(10.73932933807373, 25.65233612060547, 531.0311279296875)","(-25.16510772705078, 144.8809051513672, 42.0905647277832)","(-20.925092697143555, 139.56842041015625, 40.15696716308594)",POINT (0.437991663813591 0.3171742707490921),,,,,,,,,,,,,,,,,,,,,,,,,,,,1,
0,13,5,408075133004,2231974231,1,1,"(0.4322560727596283, 0.30678823590278625)","(0.4509435296058655, 0.33239102363586426)",1,1,2.3647918701171875,2.393524169921875,"(-50.96470260620117, 29.443689346313477, 529.9451904296875)","(10.649054527282715, 25.717567443847656, 531.127685546875)","(-25.02688980102539, 144.12152099609375, 41.81415557861328)","(-18.569904327392578, 139.44552612304688, 40.112220764160156)",POINT (0.4415998011827469 0.3195896297693253),,,,,,,,,,,,,,,,,,,,,,,,,,,,1,
0,13,5,408075149670,2231990897,1,1,"(0.43920019268989563, 0.3062060475349426)","(0.4508286118507385, 0.3215077817440033)",1,1,2.39471435546875,2.3810272216796875,"(-51.07553482055664, 29.464794158935547, 530.1182861328125)","(10.548141479492188, 25.769771575927734, 531.2481079101562)","(-22.627531051635742, 144.2278594970703, 41.85286331176758)","(-18.6096134185791, 141.43321228027344, 40.83567428588867)",POINT (0.4450144022703171 0.313856914639473),,,,,,,,,,,,,,,,,,,,,,,,,,,,1,
0,13,5,408075166339,2232007566,1,1,"(0.4306325614452362, 0.3063492178916931)","(0.4493052065372467, 0.33075687289237976)",1,1,2.385955810546875,2.3904266357421875,"(-51.18169021606445, 29.4798583984375, 530.2120361328125)","(10.449995040893555, 25.825393676757812, 531.336669921875)","(-25.587852478027344, 144.20172119140625, 41.843345642089844)","(-19.1359920501709, 139.74398803710938, 40.22086715698242)",POINT (0.4399688839912415 0.3185530453920364),,,,,,,,,,,,,,,,,,,,,,,,,,,,1,
0,13,5,408075183005,2232024231,1,1,"(0.43333691358566284, 0.31273046135902405)","(0.4524625837802887, 0.3322118818759918)",1,1,2.409088134765625,2.390716552734375,"(-51.29168701171875, 29.49563980102539, 530.368896484375)","(10.342185974121094, 25.87521743774414, 531.39453125)","(-24.65342903137207, 143.03627014160156, 41.41914367675781)","(-18.045042037963867, 139.47824096679688, 40.12413787841797)",POINT (0.4428997486829758 0.3224711716175079),,,,,,,,,,,,,,,,,,,,,,,,,,,,1,
0,13,5,408075199671,2232040897,1,1,"(0.4329695403575897, 0.298933207988739)","(0.45201173424720764, 0.32344597578048706)",1,1,2.3978729248046875,2.383819580078125,"(-51.405311584472656, 29.501739501953125, 530.5324096679688)","(10.24350643157959, 25.91902732849121, 531.5460815429688)","(-24.780380249023438, 145.55616760253906, 42.33631134033203)","(-18.20081901550293, 141.0792236328125, 40.706851959228516)",POINT (0.4424906373023987 0.311189591884613),,,,,,,,,,,,,,,,,,,,,,,,,,,,1,
0,13,5,408075216340,2232057565,1,1,"(0.4352324306964874, 0.3077334463596344)","(0.44832995533943176, 0.3292280435562134)",1,1,2.4048004150390625,2.396575927734375,"(-51.51219177246094, 29.504486083984375, 530.6107177734375)","(10.143288612365723, 25.961069107055664, 531.5645751953125)","(-23.99847984313965, 143.9488983154297, 41.75133514404297)","(-19.472944259643555, 140.023193359375, 40.32249069213867)",POINT (0.4417811930179596 0.3184807449579239),,,,,,,,,,,,,,,,,,,,,,,,,,,,1,
0,13,5,408075233008,2232074233,1,1,"(0.43578702211380005, 0.30147436261177063)","(0.44655516743659973, 0.33914196491241455)",1,1,2.4103546142578125,2.3973541259765625,"(-51.63523864746094, 29.50838851928711, 530.7484741210938)","(10.03846263885498, 26.009870529174805, 531.6141967773438)","(-23.806865692138672, 145.09205627441406, 42.16737747192383)","(-20.086191177368164, 138.21255493164062, 39.663448333740234)",POINT (0.4411710947751999 0.3203081637620926),,,,,,,,,,,,,,,,,,,,,,,,,,,,1,
0,13,5,408075249681,2232090905,1,1,"(0.43420007824897766, 0.3054784834384918)","(0.44675859808921814, 0.3324015438556671)",1,1,2.412750244140625,2.399398803710937,"(-51.73670959472656, 29.502582550048828, 530.7794189453125)","(9.930419921875, 26.04912567138672, 531.6483764648438)","(-24.355192184448242, 144.36074829101562, 41.90120315551758)","(-20.015907287597656, 139.443603515625, 40.11152648925781)",POINT (0.4404793381690979 0.3189400136470795),,,,,,,,,,,,,,,,,,,,,,,,,,,,1,
0,13,5,408075266350,2232107574,1,1,"(0.43188217282295227, 0.3069808781147003)","(0.4443860948085785, 0.3281358778476715)",1,1,2.39654541015625,2.397201538085937,"(-51.85004425048828, 29.48843765258789, 530.840087890625)","(9.82213306427002, 26.07343292236328, 531.6669311523438)","(-25.15608787536621, 144.08636474609375, 41.80134201049805)","(-20.835662841796875, 140.22267150878906, 40.39508819580078)",POINT (0.4381341338157654 0.3175583779811859),,,,,,,,,,,,,,,,,,,,,,,,,,,,1,
0,13,5,408075283018,2232124241,1,1,"(0.43313729763031006, 0.31454309821128845)","(0.44729185104370117, 0.3320350646972656)",1,1,2.388290405273437,2.385971069335937,"(-51.979347229003906, 29.457778930664062, 530.9390869140625)","(9.706159591674805, 26.08757781982422, 531.7482299804688)","(-24.722414016723633, 142.7052001953125, 41.29865646362305)","(-19.83165168762207, 139.51052856445312, 40.135894775390625)",POINT (0.4402145743370056 0.323289081454277),,,,,,,,,,,,,,,,,,,,,,,,,,,,1,
0,13,5,408075299685,2232140908,1,1,"(0.4339689314365387, 0.3025805950164795)","(0.4481647312641144, 0.3329542875289917)",1,1,2.3901824951171875,2.398422241210937,"(-52.09837341308594, 29.425867080688477, 530.9761962890625)","(9.585975646972656, 26.094593048095703, 531.7357177734375)","(-24.435054779052734, 144.88999938964844, 42.09386444091797)","(-19.53004264831543, 139.3426513671875, 40.07478713989258)",POINT (0.4410668313503265 0.3177674412727356),,,,,,,,,,,,,,,,,,,,,,,,,,,,1,
0,13,5,408075316352,2232157574,1,1,"(0.4320967197418213, 0.29959481954574585)","(0.44621390104293823, 0.3265669345855713)",1,1,2.386505126953125,2.3853912353515625,"(-52.21146774291992, 29.388307571411133, 531.0137939453125)","(9.478086471557617, 26.10418701171875, 531.7935180664062)","(-25.081966400146484, 145.43531799316406, 42.292335510253906)","(-20.20411491394043, 140.50921630859375, 40.4993782043457)",POINT (0.4391553103923798 0.3130808770656586),,,,,,,,,,,,,,,,,,,,,,,,,,,,1,
0,13,5,408075333019,2232174241,1,1,"(0.4372563362121582, 0.3073001801967621)","(0.44748738408088684, 0.33394354581832886)",1,1,2.39117431640625,2.3755340576171875,"(-52.338218688964844, 29.370885848999023, 531.1509399414062)","(9.360440254211426, 26.11988067626953, 531.8823852539062)","(-23.299169540405273, 144.02801513671875, 41.78013229370117)","(-19.764095306396484, 139.1619873046875, 40.00902557373047)",POINT (0.4423718601465225 0.3206218630075455),,,,,,,,,,,,,,,,,,,,,,,,,,,,1,
0,13,5,408075349686,2232190907,1,1,"(0.42756709456443787, 0.29759812355041504)","(0.4339759647846222, 0.3186013996601105)",1,1,2.384613037109375,2.385040283203125,"(-52.45001983642578, 29.36626434326172, 531.1636352539062)","(9.214701652526855, 26.156848907470703, 531.8863525390625)","(-26.647066116333008, 145.79998779296875, 42.425052642822266)","(-24.432632446289062, 141.96401977539062, 41.02888870239258)",POINT (0.43077152967453 0.3080997616052628),,,,,,,,,,,,,,,,,,,,,,,,,,,,1,
0,13,5,408075366353,2232207574,1,1,"(0.4252450168132782, 0.30020636320114136)","(0.4414428770542145, 0.33031997084617615)",1,1,2.3839111328125,2.377777099609375,"(-52.554779052734375, 29.341991424560547, 531.12939453125)","(9.119344711303711, 26.189197540283203, 531.8961181640625)","(-27.44939613342285, 145.32363891601562, 42.25168991088867)","(-21.852630615234375, 139.82379150390625, 40.24990463256836)",POINT (0.4333439469337463 0.3152631670236588),,,,,,,,,,,,,,,,,,,,,,,,,,,,1,
0,13,5,408075383024,2232224244,1,1,"(0.4237056076526642, 0.3015907108783722)","(0.43893948197364807, 0.325114905834198)",1,1,2.397705078125,2.385482788085937,"(-52.675662994384766, 29.35080337524414, 531.205322265625)","(9.0113525390625, 26.232669830322266, 531.953857421875)","(-27.981306076049805, 145.07078552246094, 42.159671783447266)","(-22.717599868774414, 140.77438354492188, 40.595916748046875)",POINT (0.4313225448131561 0.3133528083562851),,,,,,,,,,,,,,,,,,,,,,,,,,,,1,
0,13,5,408075399690,2232240910,1,1,"(0.42660069465637207, 0.2959299087524414)","(0.44066116213798523, 0.3178348243236542)",1,1,2.3872222900390625,2.37335205078125,"(-52.78528594970703, 29.345600128173828, 531.1712036132812)","(8.904212951660156, 26.271644592285156, 531.971923828125)","(-26.98097038269043, 146.1046600341797, 42.535953521728516)","(-22.122716903686523, 142.10401916503906, 41.079837799072266)",POINT (0.4336309283971786 0.3068823665380478),,,,,,,,,,,,,,,,,,,,,,,,,,,,1,
0,13,5,408075416358,2232257577,1,1,"(0.4257664382457733, 0.3064194917678833)","(0.4360422194004059, 0.31478583812713623)",1,1,2.389312744140625,2.368392944335937,"(-52.902835845947266, 29.35004997253418, 531.2555541992188)","(8.804073333740234, 26.306169509887695, 531.91162109375)","(-27.26922035217285, 144.1888885498047, 41.83866500854492)","(-23.718690872192383, 142.66087341308594, 41.28254318237305)",POINT (0.4309043288230896 0.3106026649475098),,,,,,,,,,,,,,,,,,,,,,,,,,,,1,
0,13,5,408075433025,2232274244,1,1,"(0.43097734451293945, 0.29559195041656494)","(0.4421832859516144, 0.3179483711719513)",1,1,2.397491455078125,2.3796539306640625,"(-53.03626251220703, 29.357057571411133, 531.3290405273438)","(8.684099197387695, 26.33824348449707, 531.836181640625)","(-25.468738555908203, 146.1663818359375, 42.558433532714844)","(-21.5967960357666, 142.08328247070312, 41.0722770690918)",POINT (0.4365803152322769 0.3067701607942581),,,,,,,,,,,,,,,,,,,,,,,,,,,,1,
0,13,5,408075449692,2232290910,1,1,"(0.43016353249549866, 0.3026696741580963)","(0.4370913803577423, 0.33010563254356384)",1,1,2.386444091796875,2.3897857666015625,"(-53.137271881103516, 29.34981346130371, 531.280029296875)","(8.58422565460205, 26.36395835876465, 531.7279052734375)","(-25.74992561340332, 144.87374877929688, 42.08791732788086)","(-23.356168746948242, 139.86289978027344, 40.26414489746094)",POINT (0.4336274564266205 0.3163876533508301),,,,,,,,,,,,,,,,,,,,,,,,,,,,1,
0,13,5,408075466359,2232307577,1,1,"(0.4310705065727234, 0.2957358956336975)","(0.43855389952659607, 0.32607826590538025)",1,1,2.3833160400390625,2.3943634033203125,"(-53.24433898925781, 29.345218658447266, 531.3184814453125)","(8.496068000793457, 26.381759643554688, 531.6755981445312)","(-25.436538696289062, 146.14010620117188, 42.548851013183594)","(-22.850831985473633, 140.5984649658203, 40.53187561035156)",POINT (0.4348122030496597 0.3109070807695389),,,,,,,,,,,,,,,,,,,,,,,,,,,,1,
0,13,5,408075483027,2232324244,1,1,"(0.4330897629261017, 0.2903931438922882)","(0.4379538297653198, 0.32644200325012207)",1,1,2.3990631103515625,2.3800811767578125,"(-53.33116149902344, 29.36130142211914, 531.2957763671875)","(8.420694351196289, 26.413658142089844, 531.6771240234375)","(-24.738826751708984, 147.11587524414062, 42.904014587402344)","(-23.058176040649414, 140.5320281982422, 40.50770568847656)",POINT (0.4355217963457108 0.3084175735712051),,,,,,,,,,,,,,,,,,,,,,,,,,,,1,
0,13,5,408075499696,2232340913,1,1,"(0.43003448843955994, 0.30979040265083313)","(0.44147276878356934, 0.3317783772945404)",1,1,2.402252197265625,2.38409423828125,"(-53.40058135986328, 29.392589569091797, 531.3321533203125)","(8.385801315307617, 26.427982330322266, 531.8582763671875)","(-25.794513702392578, 143.5732421875, 41.614593505859375)","(-21.842302322387695, 139.5574188232422, 40.152950286865234)",POINT (0.4357536286115646 0.3207843899726868),,,,,,,,,,,,,,,,,,,,,,,,,,,,1,
0,13,5,408075516364,2232357580,1,1,"(0.43423447012901306, 0.3605065941810608)","(0.4303573668003082, 0.36463162302970886)",1,1,2.322372436523437,2.2994842529296875,"(-53.384132385253906, 29.481342315673828, 531.33544921875)","(8.362741470336914, 26.477798461914062, 531.8900756835938)","(-24.343305587768555, 134.31057739257812, 38.24326705932617)","(-25.682958602905273, 133.55722045898438, 37.96904754638672)",POINT (0.4322959184646606 0.3625691086053848),,,,,,,,,,,,,,,,,,,,,,1,1,,,,,,
0,13,5,408075616367,2232457580,1,1,"(0.5031444430351257, 0.33422279357910156)","(0.5159063339233398, 0.379696786403656)",1,1,2.3533477783203125,2.31085205078125,"(-52.9610595703125, 29.706327438354492, 530.721435546875)","(8.753400802612305, 26.450439453125, 530.7232666015625)","(-0.5331660509109497, 139.11099243164062, 39.990447998046875)","(3.876390218734741, 130.80575561523438, 36.96759796142578)",POINT (0.5095253884792328 0.3569597899913788),,,,,,,,,,,,,,,,,,,,,,,,,,,,1,
0,13,5,408075633039,2232474252,1,1,"(0.5089287757873535, 0.3405802845954895)","(0.5190629959106445, 0.34119725227355957)",1,1,2.3272705078125,2.366546630859375,"(-52.934112548828125, 29.681753158569336, 530.6134033203125)","(8.76804256439209, 26.417518615722656, 531.0345458984375)","(1.4654613733291626, 137.9498748779297, 39.56785583496094)","(4.9670939445495605, 137.83718872070312, 39.52683639526367)",POINT (0.513995885848999 0.3408887684345245),,,,,,,,,,,,,,,,,,,,,,,,,,,,1,
0,13,5,408075649707,2232490919,1,1,"(0.4996790587902069, 0.3157138228416443)","(0.5172268748283386, 0.3352389931678772)",1,1,2.366729736328125,2.3721160888671875,"(-52.86568069458008, 29.639301300048828, 530.4193725585938)","(8.821497917175293, 26.351276397705078, 530.798828125)","(-1.7305530309677124, 142.49139404296875, 41.2208251953125)","(4.33264684677124, 138.92539978027344, 39.92290115356445)",POINT (0.5084529668092728 0.3254764080047607),,,,,,,,,,,,,,,,,,,,,,,,,,,,1,
0,13,5,408075666373,2232507585,1,1,"(0.503724992275238, 0.3131141662597656)","(0.5236557126045227, 0.3293994069099426)",1,1,2.384674072265625,2.407867431640625,"(-52.82481384277344, 29.61897850036621, 530.346923828125)","(8.866822242736816, 26.282527923583984, 530.7275390625)","(-0.33257821202278137, 142.96617126464844, 41.393672943115234)","(6.5539960861206055, 139.9918975830078, 40.31109619140625)",POINT (0.5136903524398804 0.3212567865848541),,,,,,,,,,,,,,,,,,,,,,,,,,,,1,
0,13,5,408075683041,2232524252,1,1,"(0.5070218443870544, 0.31567835807800293)","(0.5187532305717468, 0.31585249304771423)",1,1,2.3886260986328125,2.4148101806640625,"(-52.772682189941406, 29.61311149597168, 530.188720703125)","(8.923942565917969, 26.22504234313965, 530.656982421875)","(0.8065659403800964, 142.49786376953125, 41.22318649291992)","(4.8600616455078125, 142.466064453125, 41.21160888671875)",POINT (0.5128875374794006 0.3157654255628586),,,,,,,,,,,,,,,,,,,,,,,,,,,,1,
0,13,5,408075699708,2232540919,1,1,"(0.5091140866279602, 0.3245537579059601)","(0.5166361331939697, 0.3277391791343689)",1,1,2.40252685546875,2.4199981689453125,"(-52.72883605957031, 29.6230525970459, 530.1784057617188)","(9.002814292907715, 26.16408920288086, 530.171142578125)","(1.5294831991195679, 140.87689208984375, 40.633201599121094)","(4.128551483154297, 140.2951202392578, 40.42147445678711)",POINT (0.512875109910965 0.3261464685201645),,,,,,,,,,,,,,,,,,,,,,,,,,,,1,
0,13,5,408075716375,2232557585,1,1,"(0.504600465297699, 0.3307657837867737)","(0.511867105960846, 0.325461745262146)",1,1,2.397735595703125,2.400421142578125,"(-52.65675354003906, 29.625045776367188, 530.01708984375)","(9.057817459106445, 26.148584365844727, 530.34912109375)","(-0.030076270923018456, 139.74237060546875, 40.22027587890625)","(2.480736017227173, 140.7110595703125, 40.5728645324707)",POINT (0.5082337856292725 0.3281137645244598),,,,,,,,,,,,,,,,,,,,,,,,,,,,1,
0,13,5,408075733042,2232574252,1,1,"(0.5069226622581482, 0.3251051604747772)","(0.5136712193489075, 0.3264285624027252)",1,1,2.413177490234375,2.4342498779296875,"(-52.59435272216797, 29.61733055114746, 529.9959716796875)","(9.08857536315918, 26.159442901611328, 530.934326171875)","(0.7722994685173035, 140.77618408203125, 40.596553802490234)","(3.1040866374969482, 140.53448486328125, 40.50856399536133)",POINT (0.5102969408035278 0.3257668614387512),,,,,,,,,,,,,,,,,,,,,,,,,,,,1,
0,13,5,408075749709,2232590918,1,1,"(0.5032649040222168, 0.3197655975818634)","(0.5174792408943176, 0.3308603763580322)",1,1,2.420928955078125,2.4351959228515625,"(-52.52621078491211, 29.622522354125977, 529.9207153320312)","(9.145132064819336, 26.156700134277344, 531.12890625)","(-0.49155038595199585, 141.75140380859375, 40.95148849487305)","(4.419871807098389, 139.72508239746094, 40.21398162841797)",POINT (0.5103720724582672 0.3253129869699478),,,,,,,,,,,,,,,,,,,,,,,,,,,,1,
0,13,5,408075766381,2232607590,1,1,"(0.5046176910400391, 0.3104267418384552)","(0.5192540884017944, 0.3370204567909241)",1,1,2.4284210205078125,2.4270782470703125,"(-52.446353912353516, 29.623414993286133, 529.7449340820312)","(9.243791580200195, 26.132999420166016, 530.6795654296875)","(-0.024118784815073013, 143.45701599121094, 41.57229995727539)","(5.033137798309326, 138.6000213623047, 39.804500579833984)",POINT (0.5119358897209167 0.3237235993146896),,,,,,,,,,,,,,,,,,,,,,,,,,,,1,
0,13,5,408075783049,2232624257,1,1,"(0.5022500157356262, 0.3190702199935913)","(0.5176942944526672, 0.33661216497421265)",1,1,2.416015625,2.4114532470703125,"(-52.35605239868164, 29.644603729248047, 529.7603759765625)","(9.353157997131348, 26.153369903564453, 530.5198974609375)","(-0.8422187566757202, 141.87838745117188, 40.997703552246094)","(4.494157314300537, 138.67459106445312, 39.83161926269531)",POINT (0.5099721550941467 0.327841192483902),,,,,,,,,,,,,,,,,,,,,,,,,,,,1,
0,13,5,408075799716,2232640924,1,1,"(0.5737536549568176, 0.3116690218448639)","(0.579995334148407, 0.32138195633888245)",1,1,2.4224853515625,2.4196319580078125,"(-52.0499267578125, 29.679161071777344, 529.71533203125)","(9.636495590209961, 26.13275909423828, 530.0381469726562)","(23.864091873168945, 143.23011779785156, 41.48971176147461)","(26.020761489868164, 141.45619201660156, 40.84403991699219)",POINT (0.5768744945526123 0.3165254890918732),,,,,,,,,,,,,,,,,,,,,,,,,,,,1,
0,13,5,408075816383,2232657590,1,1,"(0.5684807300567627, 0.30790722370147705)","(0.5768075585365295, 0.3248326778411865)",1,1,2.443099975585937,2.416778564453125,"(-51.92919921875, 29.725059509277344, 529.7102661132812)","(9.746467590332031, 26.144838333129883, 530.0196533203125)","(22.04217529296875, 143.9171600341797, 41.739776611328125)","(24.919300079345703, 140.82595825195312, 40.61467361450195)",POINT (0.5726441442966461 0.3163699507713318),,,,,,,,,,,,,,,,,,,,,,,,,,,,1,
0,13,5,408075833049,2232674256,1,1,"(0.5736275911331177, 0.30659589171409607)","(0.5819017291069031, 0.330650269985199)",1,1,2.4281463623046875,2.434356689453125,"(-51.87932586669922, 29.76409149169922, 529.599609375)","(9.808676719665527, 26.183734893798828, 529.9712524414062)","(23.820531845092773, 144.15664672851562, 41.82694625854492)","(26.679481506347656, 139.76345825195312, 40.22793197631836)",POINT (0.5777646601200104 0.3186230808496475),,,,,,,,,,,,,,,,,,,,,,,,,,,,1,
0,13,5,408075849718,2232690924,1,1,"(0.5730973482131958, 0.3017779290676117)","(0.5813949108123779, 0.33024436235427856)",1,1,2.457061767578125,2.4537353515625,"(-51.78899383544922, 29.818317413330078, 529.4891357421875)","(9.88343334197998, 26.236896514892578, 530.1019287109375)","(23.637317657470703, 145.03660583496094, 42.14720153808594)","(26.50435447692871, 139.83758544921875, 40.25493240356445)",POINT (0.5772461295127869 0.3160111457109451),,,,,,,,,,,,,,,,,,,,,,,,,,,,1,
0,13,5,408075866384,2232707590,1,1,"(0.5701709985733032, 0.3225550949573517)","(0.5810671448707581, 0.3328537344932556)",1,1,2.4549560546875,2.460418701171875,"(-51.70153045654297, 29.891311645507812, 529.4534912109375)","(9.983023643493652, 26.285263061523438, 529.9664306640625)","(22.62621307373047, 141.24192810058594, 40.766048431396484)","(26.391101837158203, 139.3610076904297, 40.08149337768555)",POINT (0.5756190717220306 0.3277044147253036),,,,,,,,,,,,,,,,,,,,,,,,,,,,1,
0,13,5,408075883050,2232724255,1,1,"(0.5706239342689514, 0.30901092290878296)","(0.5818473696708679, 0.3282867968082428)",1,1,2.4457550048828125,2.418121337890625,"(-51.596961975097656, 29.93962287902832, 529.4225463867188)","(10.111286163330078, 26.32070541381836, 529.7760009765625)","(22.78271484375, 143.71556091308594, 41.666419982910156)","(26.660669326782227, 140.1951141357422, 40.38507080078125)",POINT (0.5762356519699097 0.3186488598585129),,,,,,,,,,,,,,,,,,,,,,,,,,,,1,
0,13,5,408075899722,2232740927,1,1,"(0.5726794600486755, 0.3067576289176941)","(0.5829510688781738, 0.3297467827796936)",1,1,2.4779510498046875,2.440414428710937,"(-51.476776123046875, 29.97056007385254, 529.2860717773438)","(10.229351043701172, 26.3218994140625, 529.7035522460938)","(23.492919921875, 144.12713623046875, 41.81617736816406)","(27.04204750061035, 139.92845153808594, 40.288002014160156)",POINT (0.5778152644634247 0.3182522058486938),,,,,,,,,,,,,,,,,,,,,,,,,,,,1,
0,13,5,408075916389,2232757593,1,1,"(0.5709787607192993, 0.31315746903419495)","(0.5774648785591125, 0.3282238841056824)",1,1,2.445953369140625,2.46063232421875,"(-51.35837173461914, 30.00779151916504, 529.2022705078125)","(10.356291770935059, 26.332134246826172, 529.7146606445312)","(22.90532112121582, 142.95826721191406, 41.39077377319336)","(25.146427154541016, 140.20660400390625, 40.38922119140625)",POINT (0.5742218196392059 0.3206906765699387),,,,,,,,,,,,,,,,,,,,,,,,,,,,1,
0,13,5,408075933056,2232774260,1,1,"(0.569176197052002, 0.30700841546058655)","(0.5772023797035217, 0.3224000036716461)",1,1,2.490936279296875,2.455062866210937,"(-51.241844177246094, 30.020658493041992, 529.1182861328125)","(10.479108810424805, 26.314624786376953, 529.63330078125)","(22.28247833251953, 144.08131408691406, 41.7995491027832)","(25.055707931518555, 141.27024841308594, 40.77638244628906)",POINT (0.5731892883777618 0.3147042095661163),,,,,,,,,,,,,,,,,,,,,,,,,,,,1,
0,13,5,408075949723,2232790926,1,1,"(0.5707871913909912, 0.3091081976890564)","(0.5776698589324951, 0.3349088132381439)",1,1,2.454437255859375,2.468994140625,"(-51.13346862792969, 30.04629135131836, 529.103759765625)","(10.591225624084473, 26.274078369140625, 529.4287109375)","(22.839094161987305, 143.6978302001953, 41.65991973876953)","(25.21725845336914, 138.98568725585938, 39.94485092163086)",POINT (0.5742285251617432 0.3220085054636002),,,,,,,,,,,,,,,,,,,,,,,,,,,,1,
0,13,5,408075966390,2232807593,1,1,"(0.5698861479759216, 0.30906379222869873)","(0.5767173171043396, 0.327311247587204)",1,1,2.45904541015625,2.4785614013671875,"(-51.03159713745117, 30.05755615234375, 529.0242309570312)","(10.701255798339844, 26.249366760253906, 529.3168334960938)","(22.527786254882812, 143.7059326171875, 41.66289138793945)","(24.88812255859375, 140.37327575683594, 40.449920654296875)",POINT (0.5733017325401306 0.3181875199079514),,,,,,,,,,,,,,,,,,,,,,,,,,,,1,
0,13,5,408075983057,2232824259,1,1,"(0.5667161345481873, 0.30290892720222473)","(0.5742599368095398, 0.33306685090065)",1,1,2.475860595703125,2.4508056640625,"(-50.92504119873047, 30.05823516845703, 528.96337890625)","(10.793571472167969, 26.227521896362305, 529.2203979492188)","(21.432462692260742, 144.83004760742188, 42.072017669677734)","(24.03903579711914, 139.3220977783203, 40.067317962646484)",POINT (0.5704880356788635 0.3179878890514374),,,,,,,,,,,,,,,,,,,,,,,,,,,,1,
0,13,5,408075999724,2232840926,1,1,"(0.5700476169586182, 0.30916449427604675)","(0.5717228055000305, 0.33674371242523193)",1,1,2.486968994140625,2.457550048828125,"(-50.82280731201172, 30.05739402770996, 528.8231811523438)","(10.897523880004883, 26.19735336303711, 529.015380859375)","(22.583580017089844, 143.6875457763672, 41.656185150146484)","(23.162389755249023, 138.6505584716797, 39.8228874206543)",POINT (0.5708852112293243 0.3229541033506393),,,,,,,,,,,,,,,,,,,,,,,,,,,,1,
0,13,5,408076016392,2232857593,1,1,"(0.5512051582336426, 0.3205008804798126)","(0.5650591254234314, 0.3436903953552246)",1,1,2.4732818603515625,2.4513092041015625,"(-50.78377151489258, 29.950157165527344, 528.7589721679688)","(10.846578598022461, 26.090274810791016, 528.8462524414062)","(16.07302474975586, 141.6171112060547, 40.902618408203125)","(20.85993003845215, 137.3818359375, 39.36110305786133)",POINT (0.558132141828537 0.3320956379175186),,,,,,,,,,,,,,,,,,,,,,,,,,,,1,
0,13,5,408076033061,2232874262,1,1,"(0.4669702351093292, 0.5232486128807068)","(0.48238351941108704, 0.5676334500312805)",1,1,2.430389404296875,2.485336303710937,"(-50.852508544921875, 29.678464889526367, 528.67724609375)","(10.581777572631836, 25.778419494628906, 529.398193359375)","(-13.0322847366333, 104.58790588378906, 27.425086975097656)","(-7.706599712371826, 96.48160552978516, 24.47463035583496)",POINT (0.4746768772602081 0.5454410314559937),,,,,,,,,,,,,,,,,,,,,,,,,,,,1,
0,13,5,408076049729,2232890929,1,1,"(0.45800191164016724, 0.5812143087387085)","(0.46807771921157837, 0.6106858253479004)",1,1,2.4673614501953125,2.490997314453125,"(-50.8443489074707, 29.589475631713867, 528.6571044921875)","(10.592554092407227, 25.662151336669922, 529.5618286132812)","(-16.131057739257812, 94.0012435913086, 23.571847915649414)","(-12.649613380432129, 88.61865997314453, 21.612777709960938)",POINT (0.4630398154258728 0.5959500670433044),,,,,,,,,,,,,,,,,,,,,,,,,,,,1,
0,13,5,408076066396,2232907596,1,1,"(0.4476841390132904, 0.5953439474105835)","(0.4597664773464203, 0.6175965070724487)",1,1,2.42431640625,2.4701385498046875,"(-50.76893615722656, 29.636262893676758, 528.612548828125)","(10.747758865356445, 25.654386520385742, 529.4638671875)","(-19.69611167907715, 91.420654296875, 22.632604598999023)","(-15.521347045898438, 87.35652160644531, 21.15338706970215)",POINT (0.4537253081798554 0.6064702272415161),,,,,,,,,,,,,,,,,,,,,,,,,,,,,
0,13,5,408076083063,2232924262,1,1,"(0.4494827389717102, 0.5901163816452026)","(0.4614114463329315, 0.6190927624702454)",1,1,2.43658447265625,2.44818115234375,"(-50.67582321166992, 29.679141998291016, 528.5703735351562)","(10.858128547668457, 25.654354095458984, 529.4063110351562)","(-19.074655532836914, 92.37539672851562, 22.98008918762207)","(-14.95297908782959, 87.08323669433594, 21.053922653198242)",POINT (0.4554470926523209 0.604604572057724),,,,,,,,,,,,,,,,,,,,,,,,,,,,,
0,13,5,408076099730,2232940929,1,1,"(0.44955405592918396, 0.5845099091529846)","(0.46213647723197937, 0.6106693148612976)",1,1,2.4134979248046875,2.438995361328125,"(-50.583900451660156, 29.682920455932617, 528.4447021484375)","(10.96381950378418, 25.624916076660156, 529.3174438476562)","(-19.05000114440918, 93.39934539794922, 23.352783203125)","(-14.702462196350098, 88.62167358398438, 21.613861083984375)",POINT (0.4558452665805817 0.5975896120071411),,,,,,,,,,,,,,,,,,,,,,,,,,,,1,
0,13,5,408076116398,2232957596,1,1,"(0.4521568715572357, 0.5803123116493225)","(0.4609823226928711, 0.6184180378913879)",1,1,2.409942626953125,2.470245361328125,"(-50.49378967285156, 29.699216842651367, 528.412353515625)","(11.072111129760742, 25.61005210876465, 529.2832641601562)","(-18.150665283203125, 94.16597747802734, 23.631845474243164)","(-15.101252555847168, 87.20647430419922, 21.098756790161133)",POINT (0.4565695971250534 0.5993651747703552),,,,,,,,,,,,,,,,,,,,,,,,,,,,1,
0,13,5,408076133065,2232974263,1,1,"(0.44489285349845886, 0.5982713103294373)","(0.4582459330558777, 0.6083939075469971)",1,1,2.436370849609375,2.44232177734375,"(-50.41679382324219, 29.703777313232422, 528.3538818359375)","(11.164314270019531, 25.589996337890625, 529.2804565429688)","(-20.66056251525879, 90.885986328125, 22.438018798828125)","(-16.046730041503906, 89.0372314453125, 21.765113830566406)",POINT (0.4515693932771683 0.6033326089382172),,,,,,,,,,,,,,,,,,,,,,,,,,,,,
0,13,5,408076149732,2232990929,1,1,"(0.44652655720710754, 0.582813024520874)","(0.46199509501457214, 0.6127786040306091)",1,1,2.3918914794921875,2.438812255859375,"(-50.345001220703125, 29.718170166015625, 528.3341064453125)","(11.249136924743652, 25.578571319580078, 529.2000732421875)","(-20.09609031677246, 93.70925903320312, 23.465587615966797)","(-14.751297950744629, 88.23644256591797, 21.473661422729492)",POINT (0.4542608261108398 0.5977958142757416),,,,,,,,,,,,,,,,,,,,,,,,,,,,1,
0,13,5,408076166405,2233007602,1,1,"(0.4529860317707062, 0.5956745743751526)","(0.4575498104095459, 0.6207038164138794)",1,1,2.4150848388671875,2.453948974609375,"(-50.27479553222656, 29.7207088470459, 528.25146484375)","(11.318593978881836, 25.566970825195312, 529.1590576171875)","(-17.864168167114258, 91.36027526855469, 22.610610961914062)","(-16.287275314331055, 86.78900146484375, 20.946796417236328)",POINT (0.455267921090126 0.608189195394516),,,,,,,,,,,,,,,,,,,,,,,,,,,,,
0,13,5,408076183073,2233024269,1,1,"(0.4501653015613556, 0.5985751152038574)","(0.45250749588012695, 0.6095766425132751)",1,1,2.413787841796875,2.43634033203125,"(-50.21683883666992, 29.74167823791504, 528.244873046875)","(11.389476776123047, 25.569299697875977, 529.203369140625)","(-18.838794708251953, 90.83052062988281, 22.417802810668945)","(-18.029518127441406, 88.82122039794922, 21.686513900756836)",POINT (0.4513363987207413 0.6040758788585663),,,,,,,,,,,,,,,,,,,,,,,,,,,,,
0,13,5,408076199739,2233040935,1,1,"(0.44633811712265015, 0.5941876769065857)","(0.4604595899581909, 0.6245430111885071)",1,1,2.41552734375,2.458740234375,"(-50.172603607177734, 29.763635635375977, 528.2667236328125)","(11.442264556884766, 25.576297760009766, 529.1474609375)","(-20.16118621826172, 91.63182830810547, 22.709449768066406)","(-15.281865119934082, 86.08782958984375, 20.691614151000977)",POINT (0.4533988535404205 0.6093653440475464),,,,,,,,,,,,,,,,,,,,,,,,,,,,,
0,13,5,408076216407,2233057602,1,1,"(0.4460105299949646, 0.6009460687637329)","(0.4591379165649414, 0.6224011778831482)",1,1,2.4361724853515625,2.450790405273437,"(-50.11887741088867, 29.782352447509766, 528.2591552734375)","(11.491082191467285, 25.57077407836914, 529.1072998046875)","(-20.274372100830078, 90.39749908447266, 22.260211944580078)","(-15.738530158996582, 86.47900390625, 20.8339786529541)",POINT (0.452574223279953 0.6116736233234406),,,,,,,,,,,,,,,,,,,,,,,,,,,,,1
0,13,5,408076233074,2233074269,1,1,"(0.44867292046546936, 0.6038492321968079)","(0.45656245946884155, 0.6075273752212524)",1,1,2.4362335205078125,2.433349609375,"(-50.076725006103516, 29.791019439697266, 528.2572631835938)","(11.547470092773438, 25.565242767333984, 529.1986083984375)","(-19.354448318481445, 89.86725616455078, 22.067232131958008)","(-16.6284236907959, 89.19551086425781, 21.82272720336914)",POINT (0.4526176899671555 0.6056883037090302),,,,,,,,,,,,,,,,,,,,,,,,,,,,,
0,13,5,408076249741,2233090935,1,1,"(0.44478628039360046, 0.5884352326393127)","(0.4558684527873993, 0.6119905114173889)",1,1,2.428329467773437,2.44488525390625,"(-50.04209899902344, 29.81182098388672, 528.2944946289062)","(11.59140682220459, 25.567272186279297, 529.1812744140625)","(-20.697385787963867, 92.68244934082031, 23.091854095458984)","(-16.86823272705078, 88.38036346435547, 21.526052474975586)",POINT (0.4503273665904999 0.6002128720283508),,,,,,,,,,,,,,,,,,,,,,,,,,,,1,
0,13,5,408076266407,2233107601,1,1,"(0.455298513174057, 0.5928147435188293)","(0.45770469307899475, 0.6263477802276611)",1,1,2.40472412109375,2.466094970703125,"(-50.000614166259766, 29.813688278198242, 528.2529907226562)","(11.635037422180176, 25.559494018554688, 529.1722412109375)","(-17.065141677856445, 91.88257598876953, 22.800752639770508)","(-16.233762741088867, 85.75821685791016, 20.571632385253906)",POINT (0.4565016031265259 0.6095812618732452),,,,,,,,,,,,,,,,,,,,,,,,,,,,,
0,13,5,408076283076,2233124269,1,1,"(0.4489379823207855, 0.5972034931182861)","(0.4569789171218872, 0.6155298948287964)",1,1,2.42608642578125,2.460678100585937,"(-49.946571350097656, 29.814659118652344, 528.2847900390625)","(11.685995101928711, 25.53963851928711, 529.1322021484375)","(-19.26288604736328, 91.08103942871094, 22.50899314880371)","(-16.484525680541992, 87.73395538330078, 21.290729522705078)",POINT (0.4529584497213364 0.6063666939735413),,,,,,,,,,,,,,,,,,,,,,,,,,,,,
0,13,5,408076299748,2233140941,1,1,"(0.4352383613586426, 0.6026488542556763)","(0.44010069966316223, 0.6343134641647339)",1,1,2.429061889648437,2.465316772460937,"(-49.940467834472656, 29.80211639404297, 528.2861328125)","(11.679946899414062, 25.508960723876953, 529.1944580078125)","(-23.996431350708008, 90.08649444580078, 22.14702796936035)","(-22.316377639770508, 84.30339050292969, 20.0421142578125)",POINT (0.4376695305109024 0.6184811592102051),,,,,,,,,,,,,,,,,,,,,,,,,,,,,1
0,13,5,408076316416,2233157608,1,1,"(0.4379802644252777, 0.5910231471061707)","(0.4445505440235138, 0.6138625741004944)",1,1,2.4329833984375,2.473114013671875,"(-49.90498352050781, 29.800615310668945, 528.2916870117188)","(11.716880798339844, 25.49070930480957, 529.216552734375)","(-23.04903793334961, 92.20979309082031, 22.91983413696289)","(-20.77883529663086, 88.0384521484375, 21.401588439941406)",POINT (0.4412654042243958 0.6024428606033325),,,,,,,,,,,,,,,,,,,,,,,,,,,,,
0,13,5,408076333083,2233174275,1,1,"(0.4306548237800598, 0.5965344905853271)","(0.4445737898349762, 0.611445963382721)",1,1,2.42889404296875,2.4677886962890625,"(-49.853389739990234, 29.78164291381836, 528.2926025390625)","(11.775033950805664, 25.426128387451172, 529.183837890625)","(-25.58016014099121, 91.20320892333984, 22.553478240966797)","(-20.77081298828125, 88.4798355102539, 21.56223487854004)",POINT (0.437614306807518 0.603990226984024),,,,,,,,,,,,,,,,,,,,,,,,,,,,,
0,13,5,408076349750,2233190941,1,1,"(0.4345480501651764, 0.5971580147743225)","(0.4438757002353668, 0.6209553480148315)",1,1,2.441513061523437,2.4834442138671875,"(-49.8021354675293, 29.769729614257812, 528.23779296875)","(11.821495056152344, 25.38550567626953, 529.151123046875)","(-24.234960556030273, 91.0893325805664, 22.512020111083984)","(-21.012020111083984, 86.74307250976562, 20.930086135864258)",POINT (0.4392118752002716 0.609056681394577),,,,,,,,,,,,,,,,,,,,,,,,,,,,,
0,13,5,408076366417,2233207608,1,1,"(0.4376724362373352, 0.6058658361434937)","(0.43799835443496704, 0.6200031638145447)",1,1,2.454498291015625,2.4727783203125,"(-49.74912643432617, 29.758583068847656, 528.1915283203125)","(11.862875938415527, 25.34931182861328, 529.203857421875)","(-23.1553955078125, 89.49896240234375, 21.93317222595215)","(-23.04279136657715, 86.91697692871094, 20.993383407592773)",POINT (0.4378353953361511 0.6129344999790192),,,,,,,,,,,,,,,,,,,,,,,,,,,,,1
0,13,5,408076383084,2233224274,1,1,"(0.4351898431777954, 0.6074638366699219)","(0.4359425902366638, 0.6276482939720154)",1,1,2.483139038085937,2.492645263671875,"(-49.71892547607422, 29.75728988647461, 528.1724853515625)","(11.897754669189453, 25.3200626373291, 529.234130859375)","(-24.01320457458496, 89.20710754394531, 21.82695198059082)","(-23.753108978271484, 85.52067565917969, 20.485197067260742)",POINT (0.4355662167072296 0.6175560653209686),,,,,,,,,,,,,,,,,,,,,,,,,,,,,1
0,13,5,408076399751,2233240941,1,1,"(0.4138934314250946, 0.46434977650642395)","(0.43242180347442627, 0.49931997060775757)",1,1,2.47979736328125,2.46337890625,"(-49.700035095214844, 29.967403411865234, 528.2999877929688)","(11.829526901245117, 25.53533935546875, 529.266845703125)","(-31.37164878845215, 115.34500885009766, 31.34033966064453)","(-24.969623565673828, 108.95816802978516, 29.015722274780273)",POINT (0.4231576174497604 0.4818348735570908),,,,,,,,,,,,,,,,,,,,,,,,,,,,1,
0,13,5,408076416423,2233257612,1,1,"(0.4143311381340027, 0.4118781089782715)","(0.43471643328666687, 0.449874609708786)",1,1,2.43548583984375,2.46710205078125,"(-49.66141891479492, 30.08859634399414, 528.3304443359375)","(11.74899673461914, 25.608539581298828, 529.0785522460938)","(-31.22042465209961, 124.92826080322266, 34.828392028808594)","(-24.176780700683594, 117.98870849609375, 32.302555084228516)",POINT (0.4245237857103348 0.4308763593435288),,,,,,,,,,,,,,,,,,,,,,,,,,,,,
0,13,5,408076433089,2233274278,1,1,"(0.421796053647995, 0.4154018759727478)","(0.4224434494972229, 0.43624934554100037)",1,1,2.473388671875,2.443084716796875,"(-49.69651794433594, 30.05503273010254, 528.2537841796875)","(11.803549766540527, 25.600704193115234, 529.2137451171875)","(-28.64109230041504, 124.28468322753906, 34.594139099121094)","(-28.417407989501953, 120.47718811035156, 33.208309173583984)",POINT (0.422119751572609 0.4258256107568741),,,,,,,,,,,,,,,,,,,,,,,,,,,,,
0,13,5,408076449757,2233290945,1,1,"(0.42720746994018555, 0.4058443307876587)","(0.42953017354011536, 0.4271056056022644)",1,1,2.442977905273437,2.443389892578125,"(-49.73320007324219, 30.057680130004883, 528.2481689453125)","(11.811874389648438, 25.612281799316406, 529.2830810546875)","(-26.77130699157715, 126.03024291992188, 35.22946548461914)","(-25.96876335144043, 122.14715576171875, 33.81614303588867)",POINT (0.4283688217401504 0.4164749681949616),,,,,,,,,,,,,,,,,,,,,,,,,,,,,
0,13,5,408076466423,2233307611,1,1,"(0.421080082654953, 0.4124116003513336)","(0.42170700430870056, 0.4281555116176605)",1,1,2.4613037109375,2.4358062744140625,"(-49.75724792480469, 30.07267951965332, 528.2366943359375)","(11.796442031860352, 25.63365936279297, 529.2373046875)","(-28.88848304748535, 124.83084106445312, 34.79288864135742)","(-28.671859741210938, 121.95541381835938, 33.74634552001953)",POINT (0.4213935434818268 0.4202835559844971),,,,,,,,,,,,,,,,,,,,,,,,,,,,,
0,13,5,408076483090,2233324278,1,1,"(0.4226348400115967, 0.4023902118206024)","(0.4238213896751404, 0.4342551529407501)",1,1,2.41888427734375,2.431747436523437,"(-49.79793930053711, 30.105484008789062, 528.2377319335938)","(11.783329963684082, 25.661544799804688, 529.1831665039062)","(-28.351268768310547, 126.66107940673828, 35.45909118652344)","(-27.941293716430664, 120.84139251708984, 33.34086990356445)",POINT (0.4232281148433685 0.4183226823806763),,,,,,,,,,,,,,,,,,,,,,,,,,,,,
0,13,5,408076499758,2233340945,1,1,"(0.41933614015579224, 0.42029520869255066)","(0.4188690185546875, 0.4374566078186035)",1,1,2.440704345703125,2.46893310546875,"(-49.8350944519043, 30.149520874023438, 528.2304077148438)","(11.764205932617188, 25.700775146484375, 529.1759033203125)","(-29.491052627563477, 123.3909912109375, 34.26884460449219)","(-29.65245819091797, 120.25668334960938, 33.12806701660156)",POINT (0.4191025793552399 0.4288759082555771),,,,,,,,,,,,,,,,,,,,,,,,,,,,,
0,13,5,408076516425,2233357612,1,1,"(0.4184367060661316, 0.4210161566734314)","(0.419887512922287, 0.4328714907169342)",1,1,2.447128295898437,2.4166412353515625,"(-49.87495040893555, 30.18231773376465, 528.2395629882812)","(11.747188568115234, 25.735633850097656, 529.0753173828125)","(-29.801834106445312, 123.25932312011719, 34.22093200683594)","(-29.300546646118164, 121.0940933227539, 33.43285369873047)",POINT (0.4191621094942093 0.4269438236951828),,,,,,,,,,,,,,,,,,,,,,,,,,,,,
0,13,5,408076533092,2233374278,1,1,"(0.4239199161529541, 0.41339778900146484)","(0.4260138273239136, 0.4239809811115265)",1,1,2.414901733398437,2.395355224609375,"(-49.893028259277344, 30.190292358398438, 528.150634765625)","(11.727449417114258, 25.752517700195312, 529.0294799804688)","(-27.90725326538086, 124.65070343017578, 34.72737121582031)","(-27.183746337890625, 122.71783447265625, 34.02384567260742)",POINT (0.4249668717384338 0.4186893850564957),,,,,,,,,,,,,,,,,,,,,,,,,,,,,
0,13,5,408076549763,2233390949,1,1,"(0.4141518771648407, 0.41579669713974)","(0.42715561389923096, 0.4245638847351074)",1,1,2.403472900390625,2.3939666748046875,"(-49.91385269165039, 30.192829132080078, 528.1317749023438)","(11.71435832977295, 25.766136169433594, 528.952392578125)","(-31.2823486328125, 124.21257781982422, 34.567874908447266)","(-26.789236068725586, 122.61137390136719, 33.98509979248047)",POINT (0.4206537455320358 0.4201802909374237),,,,,,,,,,,,,,,,,,,,,,,,,,,,,
0,13,5,408076566431,2233407616,1,1,"(0.4179796278476715, 0.40899279713630676)","(0.42682313919067383, 0.4220038652420044)",1,1,2.40576171875,2.397933959960937,"(-49.923301696777344, 30.189924240112305, 528.0597534179688)","(11.708819389343262, 25.771337509155273, 528.913818359375)","(-29.959760665893555, 125.45521545410156, 35.02018356323242)","(-26.904111862182617, 123.07892608642578, 34.15528869628906)",POINT (0.4224013835191727 0.4154983311891556),,,,,,,,,,,,,,,,,,,,,,,,,,,,,
0,13,5,408076583097,2233424282,1,1,"(0.4211568236351013, 0.4130536913871765)","(0.4227430522441864, 0.4236346185207367)",1,1,2.388900756835937,2.3962860107421875,"(-49.940147399902344, 30.189075469970703, 528.08056640625)","(11.703730583190918, 25.768474578857422, 528.8905029296875)","(-28.861955642700195, 124.71355438232422, 34.7502326965332)","(-28.313879013061523, 122.78108978271484, 34.04689407348633)",POINT (0.4219499379396439 0.4183441549539566),,,,,,,,,,,,,,,,,,,,,,,,,,,,,
0,13,5,408076599765,2233440949,1,1,"(0.4151599109172821, 0.41034194827079773)","(0.4246116876602173, 0.42645198106765747)",1,1,2.4158172607421875,2.4099884033203125,"(-49.94471740722656, 30.197690963745117, 527.9864501953125)","(11.695993423461914, 25.78190803527832, 528.852294921875)","(-30.934064865112305, 125.20882415771484, 34.93048095703125)","(-27.668216705322266, 122.26654052734375, 33.85960006713867)",POINT (0.4198857992887497 0.4183969646692276),,,,,,,,,,,,,,,,,,,,,,,,,,,,,
0,13,5,408076616431,2233457615,1,1,"(0.41807395219802856, 0.41264358162879944)","(0.42577290534973145, 0.4220636785030365)",1,1,2.411468505859375,2.4084014892578125,"(-49.95407485961914, 30.212783813476562, 527.9541015625)","(11.691963195800781, 25.804887771606445, 528.8057861328125)","(-29.92717933654785, 124.78845977783203, 34.77749252319336)","(-27.26699447631836, 123.0679931640625, 34.151302337646484)",POINT (0.42192342877388 0.417353630065918),,,,,,,,,,,,,,,,,,,,,,,,,,,,,
0,13,5,408076633099,2233474282,1,1,"(0.417799711227417, 0.4056670069694519)","(0.4226652681827545, 0.431423157453537)",1,1,2.3955078125,2.411041259765625,"(-49.964111328125, 30.230541229248047, 527.9135131835938)","(11.687810897827148, 25.829181671142578, 528.7902221679688)","(-30.021930694580078, 126.0626220703125, 35.241268157958984)","(-28.340761184692383, 121.35862731933594, 33.529136657714844)",POINT (0.4202324897050858 0.4185450822114944),,,,,,,,,,,,,,,,,,,,,,,,,,,,,
0,13,5,408076649766,2233490949,1,1,"(0.40552422404289246, 0.40069684386253357)","(0.41189825534820557, 0.42773252725601196)",1,1,2.4088897705078125,2.4095611572265625,"(-50.008914947509766, 30.265254974365234, 527.968505859375)","(11.635133743286133, 25.873870849609375, 528.729736328125)","(-34.2634162902832, 126.97037506103516, 35.5716438293457)","(-32.061031341552734, 122.03266143798828, 33.77445983886719)",POINT (0.408711239695549 0.4142146855592728),,,,,,,,,,,,,,,,,,,,,,,,,,,,,
0,13,5,408076666433,2233507615,1,1,"(0.40276020765304565, 0.3899465799331665)","(0.4090043008327484, 0.41214218735694885)",1,1,2.3912353515625,2.409896850585937,"(-50.02819061279297, 30.275354385375977, 527.9417114257812)","(11.59047794342041, 25.906335830688477, 528.723388671875)","(-35.21846008300781, 128.93377685546875, 36.28626251220703)","(-33.06096649169922, 124.88002014160156, 34.810829162597656)",POINT (0.405882254242897 0.4010443836450577),,,,,,,,,,,,,,,,,,,,,,,,,,,,,
0,13,5,408076683102,2233524284,1,1,"(0.40852832794189453, 0.38935256004333496)","(0.40931129455566406, 0.4090123176574707)",1,1,2.4193572998046875,2.40509033203125,"(-50.038700103759766, 30.235750198364258, 527.8779296875)","(11.610179901123047, 25.88372039794922, 528.70703125)","(-33.225433349609375, 129.04225158691406, 36.32575988769531)","(-32.954898834228516, 125.45166015625, 35.018863677978516)",POINT (0.4089198112487793 0.3991824388504028),,,,,,,,,,,,,,,,,,,,,,,,,,,,,
0,13,5,408076699770,2233540951,1,1,"(0.4023865759372711, 0.3800241947174072)","(0.4083239436149597, 0.40582364797592163)",1,1,2.404525756835937,2.4226531982421875,"(-50.038272857666016, 30.211456298828125, 527.8235473632812)","(11.616320610046387, 25.866256713867188, 528.68359375)","(-35.34755325317383, 130.74595642089844, 36.94584274291992)","(-33.29604721069336, 126.03402709960938, 35.23084259033203)",POINT (0.4053552597761154 0.3929239213466644),,,,,,,,,,,,,,,,,,,,,,,,,,,,,
0,13,5,408076716436,2233557617,1,1,"(0.40121200680732727, 0.38098010420799255)","(0.40935274958610535, 0.4043053388595581)",1,1,2.405059814453125,2.423919677734375,"(-50.033565521240234, 30.1986083984375, 527.8397216796875)","(11.625245094299316, 25.845895767211914, 528.5983276367188)","(-35.75340270996094, 130.5713653564453, 36.88229751586914)","(-32.940574645996094, 126.31131744384766, 35.33177185058594)",POINT (0.4052823781967163 0.3926427215337753),,,,,,,,,,,,,,,,,,,,,,,,,,,,,
0,13,5,408076733104,2233574284,1,1,"(0.4015997648239136, 0.38789787888526917)","(0.40902000665664673, 0.40520983934402466)",1,1,2.41522216796875,2.4125213623046875,"(-50.01388931274414, 30.186052322387695, 527.7874755859375)","(11.643363952636719, 25.827234268188477, 528.55908203125)","(-35.61942672729492, 129.3079376220703, 36.42245101928711)","(-33.0555534362793, 126.14613342285156, 35.271629333496094)",POINT (0.4053098857402802 0.3965538591146469),,,,,,,,,,,,,,,,,,,,,,,,,,,,,
0,13,5,408076749771,2233590951,1,1,"(0.4046187698841095, 0.38475412130355835)","(0.4114757776260376, 0.4125860035419464)",1,1,2.4347686767578125,2.421249389648437,"(-49.99543762207031, 30.181304931640625, 527.7823486328125)","(11.667271614074707, 25.819637298583984, 528.55078125)","(-34.57628631591797, 129.88209533691406, 36.63141632080078)","(-32.207008361816406, 124.79896545410156, 34.78131866455078)",POINT (0.4080472737550736 0.3986700624227524),,,,,,,,,,,,,,,,,,,,,,,,,,,,,
0,13,5,408076766439,2233607618,1,1,"(0.40244877338409424, 0.3942679166793823)","(0.410731703042984, 0.410268098115921)",1,1,2.4398345947265625,2.442245483398437,"(-49.96366882324219, 30.182514190673828, 527.7949829101562)","(11.704452514648438, 25.816184997558594, 528.6114501953125)","(-35.32606887817383, 128.14453125, 35.99901580810547)","(-32.46410369873047, 125.2223129272461, 34.93537521362305)",POINT (0.4065902382135391 0.4022680073976517),,,,,,,,,,,,,,,,,,,,,,,,,,,,,
0,13,5,408076783105,2233624284,1,1,"(0.4020236134529114, 0.3893571197986603)","(0.4131869673728943, 0.40689969062805176)",1,1,2.4447021484375,2.4232177734375,"(-49.923439025878906, 30.184326171875, 527.79345703125)","(11.747365951538086, 25.8044490814209, 528.6177978515625)","(-35.47297668457031, 129.04141235351562, 36.32545471191406)","(-31.615753173828125, 125.83751678466797, 35.15928649902344)",POINT (0.4076052904129028 0.398128405213356),,,,,,,,,,,,,,,,,,,,,,,,,,,,,
0,13,5,408076799773,2233640951,1,1,"(0.40035775303840637, 0.37742748856544495)","(0.4155051112174988, 0.420428991317749)",1,1,2.42626953125,2.464263916015625,"(-49.889671325683594, 30.197185516357422, 527.83837890625)","(11.78672981262207, 25.802675247192383, 528.6087036132812)","(-36.04856491088867, 131.22019958496094, 37.11848068237305)","(-30.814777374267578, 123.3665542602539, 34.25996398925781)",POINT (0.4079314321279526 0.398928239941597),,,,,,,,,,,,,,,,,,,,,,,,,,,,,
0,13,5,408076816449,2233657627,1,1,"(0.40149667859077454, 0.3812297582626343)","(0.4156247675418854, 0.40616607666015625)",1,1,2.4538726806640625,2.437652587890625,"(-49.84684753417969, 30.194406509399414, 527.7982788085938)","(11.8256196975708, 25.798015594482422, 528.630615234375)","(-35.65504837036133, 130.52578735351562, 36.86569595336914)","(-30.773435592651367, 125.97148132324219, 35.20809555053711)",POINT (0.40856072306633 0.3936979174613953),,,,,,,,,,,,,,,,,,,,,,,,,,,,,
0,13,5,408076833116,2233674293,1,1,"(0.40460270643234253, 0.3849542438983917)","(0.4096255898475647, 0.4163159728050232)",1,1,2.450225830078125,2.446502685546875,"(-49.81796646118164, 30.20159149169922, 527.7799072265625)","(11.857894897460938, 25.813358306884766, 528.6607666015625)","(-34.581825256347656, 129.84555053710938, 36.618133544921875)","(-32.84630584716797, 124.11775207519531, 34.53336715698242)",POINT (0.4071141481399536 0.4006351083517075),,,,,,,,,,,,,,,,,,,,,,,,,,,,,
0,13,5,408076849783,2233690960,1,1,"(0.4180210828781128, 0.3958177864551544)","(0.41829216480255127, 0.427744597196579)",1,1,2.428817749023437,2.451690673828125,"(-49.74212646484375, 30.171119689941406, 527.8916015625)","(11.925179481506348, 25.768373489379883, 528.7982177734375)","(-29.94544792175293, 127.86146545410156, 35.89595413208008)","(-29.85177230834961, 122.03045654296875, 33.77366638183594)",POINT (0.418156623840332 0.4117811918258667),,,,,,,,,,,,,,,,,,,,,,,,,,,,,
0,13,5,408076866450,2233707626,1,1,"(0.42860618233680725, 0.44423383474349976)","(0.4359726309776306, 0.47811174392700195)",1,1,2.469955444335937,2.452255249023437,"(-49.643646240234375, 30.110462188720703, 527.8294677734375)","(11.98660945892334, 25.726421356201172, 528.9202880859375)","(-26.288026809692383, 119.01890563964844, 32.67755889892578)","(-23.742725372314453, 112.8315658569336, 30.42552947998047)",POINT (0.4322894066572189 0.4611727893352508),,,,,,,,,,,,,,,,,,,,,,,,,,,,,
0,13,5,408076883117,2233724293,1,1,"(0.42531177401542664, 0.44296541810035706)","(0.4287797808647156, 0.46550440788269043)",1,1,2.4623260498046875,2.4561920166015625,"(-49.64292907714844, 30.118488311767578, 527.87646484375)","(12.008872985839844, 25.730701446533203, 528.9268798828125)","(-27.42632484436035, 119.25057983398438, 32.761871337890625)","(-26.228050231933594, 115.13412475585938, 31.263607025146484)",POINT (0.4270457774400711 0.4542349129915237),,,,,,,,,,,,,,,,,,,,,,,,,,,,,
0,13,5,408076899785,2233740960,1,1,"(0.4293062388896942, 0.4350278675556183)","(0.42662709951400757, 0.45781368017196655)",1,1,2.45123291015625,2.4241485595703125,"(-49.619991302490234, 30.12830352783203, 527.887939453125)","(12.030799865722656, 25.734601974487305, 528.9107666015625)","(-26.046140670776367, 120.70026397705078, 33.28951644897461)","(-26.97185516357422, 116.53874969482422, 31.774839401245117)",POINT (0.4279666692018509 0.4464207738637924),,,,,,,,,,,,,,,,,,,,,,,,,,,,,
0,13,5,408076916452,2233757627,1,1,"(0.42746466398239136, 0.43778207898139954)","(0.4320962727069855, 0.46403348445892334)",1,1,2.4381256103515625,2.4600372314453125,"(-49.5914306640625, 30.14632797241211, 527.9071044921875)","(12.062747955322266, 25.73185920715332, 528.9100341796875)","(-26.682453155517578, 120.1972427368164, 33.10641098022461)","(-25.08210563659668, 115.40277099609375, 31.361385345458984)",POINT (0.4297804683446884 0.4509077817201614),,,,,,,,,,,,,,,,,,,,,,,,,,,,,
0,13,5,408076933119,2233774293,1,1,"(0.42373940348625183, 0.44010186195373535)","(0.4366839528083801, 0.46034348011016846)",1,1,2.471282958984375,2.444931030273437,"(-49.56037902832031, 30.15448760986328, 527.96728515625)","(12.110254287719727, 25.728551864624023, 529.00146484375)","(-27.969623565673828, 119.7735595703125, 32.95222473144531)","(-23.496950149536133, 116.07671356201172, 31.606670379638672)",POINT (0.430211678147316 0.4502226710319519),,,,,,,,,,,,,,,,,,,,,,,,,,,,,
0,13,5,408076949787,2233790961,1,1,"(0.4234444499015808, 0.4430101811885834)","(0.42300641536712646, 0.46796566247940063)",1,1,2.4765625,2.4418487548828125,"(-49.519004821777344, 30.151397705078125, 527.9501953125)","(12.156089782714844, 25.71310043334961, 529.0078735351562)","(-28.071537017822266, 119.24238586425781, 32.75891876220703)","(-28.222875595092773, 114.68460083007812, 31.100004196166992)",POINT (0.4232254326343536 0.455487921833992),,,,,,,,,,,,,,,,,,,,,,,,,,,,,
0,13,5,408076966455,2233807628,1,1,"(0.4254457652568817, 0.4356800615787506)","(0.4314325451850891, 0.4687356948852539)",1,1,2.4490509033203125,2.4534149169921875,"(-49.477935791015625, 30.141128540039062, 527.893798828125)","(12.189154624938965, 25.69068145751953, 528.9756469726562)","(-27.38003158569336, 120.58116149902344, 33.24614715576172)","(-25.311429977416992, 114.54396057128906, 31.048812866210938)",POINT (0.4284391552209854 0.4522078782320023),,,,,,,,,,,,,,,,,,,,,,,,,,,,,
0,13,5,408076983122,2233824295,1,1,"(0.4265551269054413, 0.447797030210495)","(0.4286770820617676, 0.47261083126068115)",1,1,2.46551513671875,2.4576873779296875,"(-49.45429611206055, 30.128183364868164, 527.9136352539062)","(12.215983390808105, 25.671192169189453, 528.9981689453125)","(-26.996713638305664, 118.36813354492188, 32.440696716308594)","(-26.26351547241211, 113.83622741699219, 30.79120635986328)",POINT (0.4276161044836044 0.4602039307355881),,,,,,,,,,,,,,,,,,,,,,,,,,,,,
0,13,5,408076999789,2233840961,1,1,"(0.42475128173828125, 0.4474329352378845)","(0.4254104495048523, 0.48241788148880005)",1,1,2.46246337890625,2.4679412841796875,"(-49.43285369873047, 30.114545822143555, 527.8699951171875)","(12.235673904418945, 25.663658142089844, 529.044189453125)","(-27.61998176574707, 118.43462371826172, 32.464908599853516)","(-27.39222526550293, 112.04509735107422, 30.13928985595703)",POINT (0.4250808656215668 0.4649254083633423),,,,,,,,,,,,,,,,,,,,,,,,,,,,,
0,13,5,408077016456,2233857628,1,1,"(0.4230588972568512, 0.44046905636787415)","(0.42906320095062256, 0.48898977041244507)",1,1,2.471893310546875,2.475250244140625,"(-49.43102264404297, 30.11591339111328, 527.9102783203125)","(12.24226188659668, 25.665164947509766, 529.0361328125)","(-28.20475196838379, 119.70650482177734, 32.92782211303711)","(-26.130107879638672, 110.84483337402344, 29.702451705932617)",POINT (0.4260610491037369 0.4647294133901596),,,,,,,,,,,,,,,,,,,,,,,,,,,,,
0,13,5,408077033124,2233874295,1,1,"(0.4198298156261444, 0.4448331892490387)","(0.4257373511791229, 0.47324398159980774)",1,1,2.468124389648437,2.469268798828125,"(-49.44007110595703, 30.12521743774414, 527.947021484375)","(12.239676475524902, 25.672239303588867, 529.0519409179688)","(-29.32047462463379, 118.90945434570312, 32.63771057128906)","(-27.279272079467773, 113.72058868408203, 30.749099731445312)",POINT (0.4227835834026337 0.4590385854244232),,,,,,,,,,,,,,,,,,,,,,,,,,,,,
0,13,5,408077049791,2233890962,1,1,"(0.4188264310359955, 0.4456729292869568)","(0.42454904317855835, 0.4804903268814087)",1,1,2.491058349609375,2.470077514648437,"(-49.45893096923828, 30.133068084716797, 527.9832153320312)","(12.226930618286133, 25.6777286529541, 529.036376953125)","(-29.66717529296875, 118.7560806274414, 32.581886291503906)","(-27.68986701965332, 112.39714813232422, 30.267423629760742)",POINT (0.4216877371072769 0.4630816280841827),,,,,,,,,,,,,,,,,,,,,,,,,,,,,
0,13,5,408077066458,2233907628,1,1,"(0.425009548664093, 0.44810429215431213)","(0.4268070459365845, 0.4764164984226227)",1,1,2.496673583984375,2.4702301025390625,"(-49.47220993041992, 30.13533592224121, 527.9810180664062)","(12.21191120147705, 25.684024810791016, 529.0062255859375)","(-27.530744552612305, 118.31201934814453, 32.420265197753906)","(-26.909664154052734, 113.14118194580078, 30.538217544555664)",POINT (0.4259082973003388 0.4622603952884674),,,,,,,,,,,,,,,,,,,,,,,,,,,,,
0,13,5,408077083130,2233924300,1,1,"(0.4194290339946747, 0.45413973927497864)","(0.4278396964073181, 0.48423340916633606)",1,1,2.497222900390625,2.473419189453125,"(-49.488807678222656, 30.132396697998047, 527.994384765625)","(12.201736450195312, 25.696142196655273, 529.052978515625)","(-29.45896339416504, 117.20972442626953, 32.01909255981445)","(-26.55286407470703, 111.71351623535156, 30.018590927124023)",POINT (0.4236343652009964 0.4691865742206574),,,,,,,,,,,,,,,,,,,,,,,,,,,,,
0,13,5,408077099798,2233940967,1,1,"(0.4238736629486084, 0.455579936504364)","(0.4282534420490265, 0.4869685471057892)",1,1,2.5058135986328125,2.493927001953125,"(-49.512733459472656, 30.132648468017578, 528.0144653320312)","(12.183746337890625, 25.70272445678711, 529.06884765625)","(-27.923219680786133, 116.94670104980469, 31.923328399658203)","(-26.40990447998047, 111.21398162841797, 29.836795806884766)",POINT (0.4260635524988174 0.4712742418050766),,,,,,,,,,,,,,,,,,,,,,,,,,,,1,
0,13,5,408077116464,2233957633,1,1,"(0.4235372543334961, 0.4594488739967346)","(0.4255203604698181, 0.4891968369483948)",1,1,2.504425048828125,2.5006866455078125,"(-49.52910232543945, 30.125747680664062, 527.9805908203125)","(12.167768478393555, 25.711389541625977, 529.1080932617188)","(-28.039474487304688, 116.24009704589844, 31.666133880615234)","(-27.354249954223633, 110.80702209472656, 29.688657760620117)",POINT (0.4245288074016571 0.4743228554725647),,,,,,,,,,,,,,,,,,,,,,,,,,,,1,
0,13,5,408077133132,2233974300,1,1,"(0.4522865116596222, 0.45217204093933105)","(0.46378856897354126, 0.4784942865371704)",1,1,2.4933319091796875,2.495452880859375,"(-49.440433502197266, 30.111366271972656, 527.9713134765625)","(12.225800514221191, 25.723270416259766, 529.2083740234375)","(-18.10586929321289, 117.5691146850586, 32.149864196777344)","(-14.131620407104492, 112.76168823242188, 30.400110244750977)",POINT (0.4580375403165817 0.4653331637382507),,,,,,,,,,,,,,,,,,,,,,,,,,,,1,
0,13,5,408077149798,2233990966,1,1,"(0.4433334469795227, 0.4419347941875458)","(0.4536270797252655, 0.49035564064979553)",1,1,2.482269287109375,2.5000762939453125,"(-49.439456939697266, 30.1207275390625, 528.0106201171875)","(12.216819763183594, 25.744503021240234, 529.1771850585938)","(-21.199384689331055, 119.43879699707031, 32.830406188964844)","(-17.642667770385742, 110.59537506103516, 29.611621856689453)",POINT (0.4484802633523941 0.4661452174186706),,,,,,,,,,,,,,,,,,,,,,,,,,,,1,
0,13,5,408077166466,2234007633,1,1,"(0.4492891728878021, 0.4481089115142822)","(0.4586806297302246, 0.49833303689956665)",1,1,2.499542236328125,2.516098022460937,"(-49.47831726074219, 30.10483169555664, 527.9893798828125)","(12.192468643188477, 25.7492618560791, 529.1547241210938)","(-19.141530990600586, 118.31118774414062, 32.419952392578125)","(-15.89653205871582, 109.13839721679688, 29.081331253051758)",POINT (0.4539849013090134 0.4732209742069244),,,,,,,,,,,,,,,,,,,,,,,,,,,,1,
0,13,5,408077183133,2234024300,1,1,"(0.45042645931243896, 0.44789934158325195)","(0.45796629786491394, 0.498121976852417)",1,1,2.4817352294921875,2.528564453125,"(-49.493003845214844, 30.101417541503906, 527.9713134765625)","(12.175272941589355, 25.75399398803711, 529.124267578125)","(-18.74856948852539, 118.34945678710938, 32.433895111083984)","(-16.143362045288086, 109.17695617675781, 29.095373153686523)",POINT (0.4541963785886764 0.4730106592178345),,,,,,,,,,,,,,,,,,,,,,,,,,,,1,
0,13,5,408077199800,2234040966,1,1,"(0.4550763964653015, 0.4410483241081238)","(0.4540882706642151, 0.49116742610931396)",1,1,2.48004150390625,2.493743896484375,"(-49.508811950683594, 30.094167709350586, 527.9462890625)","(12.162102699279785, 25.75029182434082, 529.1243286132812)","(-17.14190101623535, 119.6007080078125, 32.889305114746094)","(-17.483312606811523, 110.44710540771484, 29.55767059326172)",POINT (0.4545823335647583 0.4661078751087189),,,,,,,,,,,,,,,,,,,,,,,,,,,,1,
0,13,5,408077216472,2234057638,1,1,"(0.44892510771751404, 0.43806207180023193)","(0.45731106400489807, 0.49241262674331665)",1,1,2.48974609375,2.5144195556640625,"(-49.518524169921875, 30.096969604492188, 527.9752197265625)","(12.150352478027344, 25.749065399169922, 529.1556396484375)","(-19.26732635498047, 120.14610290527344, 33.087833404541016)","(-16.369766235351562, 110.21971130371094, 29.47489356994629)",POINT (0.453118085861206 0.4652373492717743),,,,,,,,,,,,,,,,,,,,,,,,,,,,1,
0,13,5,408077233140,2234074305,1,1,"(0.45133090019226074, 0.4356703460216522)","(0.45510435104370117, 0.4938197135925293)",1,1,2.465850830078125,2.5206756591796875,"(-49.52366638183594, 30.095792770385742, 527.9746704101562)","(12.14609146118164, 25.744853973388672, 529.15576171875)","(-18.436065673828125, 120.58291625976562, 33.24680709838867)","(-17.132238388061523, 109.96270751953125, 29.38136863708496)",POINT (0.453217625617981 0.4647450298070908),,,,,,,,,,,,,,,,,,,,,,,,,,,,1,
0,13,5,408077249806,2234090971,1,1,"(0.44838428497314453, 0.4490424692630768)","(0.4539249539375305, 0.4901302754878998)",1,1,2.506256103515625,2.507537841796875,"(-49.52412414550781, 30.10447883605957, 527.9898681640625)","(12.148309707641602, 25.74087142944336, 529.1328125)","(-19.454191207885742, 118.14067840576172, 32.35789108276367)","(-17.539743423461914, 110.63653564453125, 29.62660789489746)",POINT (0.4511546194553375 0.4695863723754883),,,,,,,,,,,,,,,,,,,,,,,,,,,,1,
0,13,5,408077266474,2234107638,1,1,"(0.4509519040584564, 0.4521048963069916)","(0.45381346344947815, 0.5042375326156616)",1,1,2.5127716064453125,2.5288543701171875,"(-49.5178337097168, 30.101900100708008, 527.9439697265625)","(12.152353286743164, 25.74020767211914, 529.2027587890625)","(-18.5670108795166, 117.58137512207031, 32.154319763183594)","(-17.578266143798828, 108.0600357055664, 28.688852310180664)",POINT (0.4523826837539673 0.4781712144613266),,,,,,,,,,,,,,,,,,,,,,,,,,,,1,
0,13,5,408077283140,2234124304,1,1,"(0.44713419675827026, 0.4486846327781677)","(0.4535086154937744, 0.4931783676147461)",1,1,2.495468139648437,2.499420166015625,"(-49.51662826538086, 30.106355667114258, 527.9758911132812)","(12.153411865234375, 25.740671157836914, 529.17919921875)","(-19.886123657226562, 118.2060317993164, 32.38169479370117)","(-17.683605194091797, 110.07984161376953, 29.423994064331055)",POINT (0.4503214061260223 0.4709315001964569),,,,,,,,,,,,,,,,,,,,,,,,,,,,1,
0,13,5,408077299808,2234140971,1,1,"(0.4530053734779358, 0.44730299711227417)","(0.452580988407135, 0.49320971965789795)",1,1,2.5091705322265625,2.499298095703125,"(-49.52262878417969, 30.097549438476562, 527.974365234375)","(12.148571014404297, 25.731218338012695, 529.1719970703125)","(-17.857486724853516, 118.4583740234375, 32.47352600097656)","(-18.004119873046875, 110.07411193847656, 29.421920776367188)",POINT (0.4527931809425354 0.4702563583850861),,,,,,,,,,,,,,,,,,,,,,,,,,,,1,
0,13,5,408077316475,2234157638,1,1,"(0.4496229588985443, 0.44577425718307495)","(0.45363447070121765, 0.49805158376693726)",1,1,2.4908905029296875,2.5080108642578125,"(-49.538551330566406, 30.07539939880371, 527.9567260742188)","(12.134109497070312, 25.720632553100586, 529.1954345703125)","(-19.026193618774414, 118.73757934570312, 32.57514953613281)","(-17.640117645263672, 109.18981170654297, 29.100055694580078)",POINT (0.451628714799881 0.4719129204750061),,,,,,,,,,,,,,,,,,,,,,,,,,,,1,
0,13,5,408077333142,2234174304,1,1,"(0.4524189233779907, 0.427877277135849)","(0.4571194052696228, 0.4951997399330139)",1,1,2.462921142578125,2.496063232421875,"(-49.56171417236328, 30.049697875976562, 527.985107421875)","(12.108514785766602, 25.70134735107422, 529.1963500976562)","(-18.060121536254883, 122.00621795654297, 33.76485061645508)","(-16.435997009277344, 109.71066284179688, 29.289636611938477)",POINT (0.4547691643238068 0.4615385085344315),,,,,,,,,,,,,,,,,,,,,,,,,,,,1,
0,13,5,408077349816,2234190978,1,1,"(0.4443551003932953, 0.4450269043445587)","(0.4594295024871826, 0.4959937334060669)",1,1,2.490997314453125,2.500839233398437,"(-49.58659362792969, 30.02655029296875, 527.9564819335938)","(12.082849502563477, 25.685909271240234, 529.1971435546875)","(-20.846372604370117, 118.87406921386719, 32.624813079833984)","(-15.63779354095459, 109.56565856933594, 29.236827850341797)",POINT (0.451892301440239 0.4705103188753128),,,,,,,,,,,,,,,,,,,,,,,,,,,,1,
0,13,5,408077366483,2234207644,1,1,"(0.44508522748947144, 0.45142683386802673)","(0.45556384325027466, 0.4923281669616699)",1,1,2.478759765625,2.47149658203125,"(-49.61931610107422, 30.01026725769043, 527.927734375)","(12.052661895751953, 25.66704559326172, 529.113037109375)","(-20.594100952148438, 117.70520782470703, 32.199405670166016)","(-16.97346305847168, 110.23511505126953, 29.480514526367188)",POINT (0.450324535369873 0.4718775004148483),,,,,,,,,,,,,,,,,,,,,,,,,,,,1,
0,13,5,408077383149,2234224310,1,1,"(0.4501766264438629, 0.4422035217285156)","(0.45400872826576233, 0.4879041612148285)",1,1,2.4672393798828125,2.484130859375,"(-49.6446647644043, 30.009082794189453, 527.939208984375)","(12.026607513427734, 25.670120239257812, 529.0748901367188)","(-18.834890365600586, 119.38973236083984, 32.81250762939453)","(-17.510805130004883, 111.04310607910156, 29.77459144592285)",POINT (0.4520926773548126 0.4650538414716721),,,,,,,,,,,,,,,,,,,,,,,,,,,,1,
0,13,5,408077399817,2234240977,1,1,"(0.4495454430580139, 0.4328783452510834)","(0.4592282474040985, 0.49358072876930237)",1,1,2.4777984619140625,2.4701690673828125,"(-49.672523498535156, 30.010997772216797, 527.958984375)","(12.007392883300781, 25.679096221923828, 529.0673828125)","(-19.052968978881836, 121.09283447265625, 33.432411193847656)","(-15.707324981689453, 110.00635528564453, 29.39725685119629)",POINT (0.4543868452310562 0.4632295370101929),,,,,,,,,,,,,,,,,,,,,,,,,,,,1,
0,13,5,408077416484,2234257644,1,1,"(0.44721150398254395, 0.4466243088245392)","(0.45905154943466187, 0.4881082773208618)",1,1,2.468490600585937,2.4569244384765625,"(-49.684288024902344, 30.022729873657227, 527.934814453125)","(11.996610641479492, 25.696422576904297, 529.0604248046875)","(-19.85941505432129, 118.58232879638672, 32.518646240234375)","(-15.768379211425781, 111.00582122802734, 29.76103401184082)",POINT (0.4531315267086029 0.4673662930727005),,,,,,,,,,,,,,,,,,,,,,,,,,,,1,
0,13,5,408077433152,2234274311,1,1,"(0.44880568981170654, 0.4449585974216461)","(0.4581175744533539, 0.5002503395080566)",1,1,2.459335327148437,2.4824676513671875,"(-49.69195556640625, 30.03372573852539, 527.9569091796875)","(11.998546600341797, 25.709213256835938, 529.0371704101562)","(-19.308582305908203, 118.88655090332031, 32.629364013671875)","(-16.09109115600586, 108.78824615478516, 28.95387840270996)",POINT (0.4534616321325302 0.4726044684648514),,,,,,,,,,,,,,,,,,,,,,,,,,,,1,
0,13,5,408077449818,2234290977,1,1,"(0.4488709270954132, 0.44693702459335327)","(0.4582826495170593, 0.5036689043045044)",1,1,2.472076416015625,2.470077514648437,"(-49.69025802612305, 30.039718627929688, 527.980224609375)","(11.998995780944824, 25.7134952545166, 529.0057373046875)","(-19.286039352416992, 118.52521514892578, 32.497859954833984)","(-16.0340518951416, 108.16387176513672, 28.726661682128906)",POINT (0.4535767883062363 0.4753029644489288),,,,,,,,,,,,,,,,,,,,,,,,,,,,1,
0,13,5,408077466490,2234307648,1,1,"(0.44999757409095764, 0.445589542388916)","(0.4569661617279053, 0.4990178644657135)",1,1,2.46490478515625,2.476715087890625,"(-49.6820068359375, 30.03586196899414, 527.9663696289062)","(12.007406234741211, 25.710721969604492, 529.0443725585938)","(-18.89676284790039, 118.77130889892578, 32.58745193481445)","(-16.488910675048828, 109.0133285522461, 29.035810470581055)",POINT (0.4534818679094315 0.4723037034273148),,,,,,,,,,,,,,,,,,,,,,,,,,,,1,
0,13,5,408077483157,2234324315,1,1,"(0.45242196321487427, 0.4424162209033966)","(0.46145859360694885, 0.5074275135993958)",1,1,2.439361572265625,2.4781646728515625,"(-49.66804504394531, 30.02497100830078, 527.9375)","(12.01842212677002, 25.70052719116211, 529.0984497070312)","(-18.059072494506836, 119.35088348388672, 32.798370361328125)","(-14.936697006225586, 107.47742462158203, 28.4768123626709)",POINT (0.4569402784109116 0.4749218672513962),,,,,,,,,,,,,,,,,,,,,,,,,,,,1,
0,13,5,408077499824,2234340981,1,1,"(0.47789666056632996, 0.4301265478134155)","(0.49365994334220886, 0.47270962595939636)",1,1,2.42742919921875,2.4517974853515625,"(-49.56263732910156, 30.031471252441406, 527.984619140625)","(12.088338851928711, 25.655197143554688, 528.878173828125)","(-9.256928443908691, 121.59542846679688, 33.61530685424805)","(-3.810298204421997, 113.81819152832031, 30.784648895263672)",POINT (0.4857783019542694 0.4514180868864059),,,,,,,,,,,,,,,,,,,,,,,,,,,,1,
0,13,5,408077516491,2234357648,1,1,"(0.4673748314380646, 0.43285462260246277)","(0.4879923164844513, 0.46189242601394653)",1,1,2.429595947265625,2.41851806640625,"(-49.53157043457031, 30.0246639251709, 527.965576171875)","(12.10243034362793, 25.614341735839844, 528.7769165039062)","(-12.892465591430664, 121.09717559814453, 33.43397521972656)","(-5.7686004638671875, 115.79380798339844, 31.503694534301758)",POINT (0.4776835739612579 0.4473735243082046),,,,,,,,,,,,,,,,,,,,,,,,,,,,1,
0,13,5,408077533158,2234374314,1,1,"(0.4679480791091919, 0.4320841431617737)","(0.48506006598472595, 0.46391761302948)",1,1,2.42303466796875,2.4140167236328125,"(-49.52321243286133, 30.017379760742188, 527.9979248046875)","(12.1216459274292, 25.60445785522461, 528.7843017578125)","(-12.694398880004883, 121.2378921508789, 33.48518753051758)","(-6.781774520874023, 115.42393493652344, 31.369081497192383)",POINT (0.4765040725469589 0.4480008780956268),,,,,,,,,,,,,,,,,,,,,,,,,,,,1,
0,13,5,408077549825,2234390981,1,1,"(0.4730954170227051, 0.4324328899383545)","(0.486285924911499, 0.4556901454925537)",1,1,2.414657592773437,2.4232330322265625,"(-49.493045806884766, 30.003780364990234, 527.93994140625)","(12.142436981201172, 25.591110229492188, 528.7988891601562)","(-10.91585922241211, 121.1741943359375, 33.46200180053711)","(-6.35820198059082, 116.92656707763672, 31.91600227355957)",POINT (0.479690670967102 0.4440615177154541),,,,,,,,,,,,,,,,,,,,,,,,,,,,,
0,13,5,408077566493,2234407648,1,1,"(0.4710637927055359, 0.4392052888870239)","(0.48528367280960083, 0.4605914056301117)",1,1,2.413436889648437,2.429595947265625,"(-49.47423553466797, 29.98763084411621, 527.958251953125)","(12.165047645568848, 25.584259033203125, 528.9066162109375)","(-11.617847442626953, 119.93730926513672, 33.01183319091797)","(-6.704525947570801, 116.03142547607422, 31.590190887451172)",POINT (0.4781737327575684 0.4498983472585678),,,,,,,,,,,,,,,,,,,,,,,,,,,,1,
0,13,5,408077583159,2234424314,1,1,"(0.47584158182144165, 0.4387168288230896)","(0.4871929883956909, 0.4595198333263397)",1,1,2.4300079345703125,2.422943115234375,"(-49.4493408203125, 29.958393096923828, 527.9703369140625)","(12.188912391662598, 25.559980392456055, 528.8903198242188)","(-9.967005729675293, 120.02651977539062, 33.04429244995117)","(-6.044790267944336, 116.22712707519531, 31.661407470703125)",POINT (0.4815172851085663 0.4491183310747147),,,,,,,,,,,,,,,,,,,,,,,,,,,,1,
0,13,5,408077599828,2234440982,1,1,"(0.4693047106266022, 0.4451066255569458)","(0.4857620298862457, 0.47277745604515076)",1,1,2.4398651123046875,2.410507202148437,"(-49.43284606933594, 29.925567626953125, 527.9891967773438)","(12.205612182617188, 25.521751403808594, 528.8660888671875)","(-12.225646018981934, 118.8595199584961, 32.61952209472656)","(-6.5392279624938965, 113.80580139160156, 30.78013801574707)",POINT (0.477533370256424 0.4589420408010483),,,,,,,,,,,,,,,,,,,,,,,,,,,,1,
0,13,5,408077616495,2234457649,1,1,"(0.4721105694770813, 0.4384376108646393)","(0.4857145845890045, 0.4652503430843353)",1,1,2.419219970703125,2.4152069091796875,"(-49.41534423828125, 29.88777732849121, 528.0164794921875)","(12.226031303405762, 25.48641586303711, 528.93505859375)","(-11.256162643432617, 120.07752227783203, 33.062862396240234)","(-6.5556230545043945, 115.18052673339844, 31.280492782592773)",POINT (0.4789125770330429 0.4518439769744873),,,,,,,,,,,,,,,,,,,,,,,,,,,,1,
0,13,5,408077633162,2234474315,1,1,"(0.4643508493900299, 0.4315798878669739)","(0.4843118190765381, 0.4609970450401306)",1,1,2.423736572265625,2.418487548828125,"(-49.398414611816406, 29.87530517578125, 528.112548828125)","(12.24008846282959, 25.467397689819336, 528.9896240234375)","(-13.93734359741211, 121.32998657226562, 33.518707275390625)","(-7.040318012237549, 115.95732879638672, 31.563222885131836)",POINT (0.474331334233284 0.4462884664535522),,,,,,,,,,,,,,,,,,,,,,,,,,,,,
0,13,5,408077649830,2234490983,1,1,"(0.46949589252471924, 0.4455808699131012)","(0.48638227581977844, 0.4658898711204529)",1,1,2.44366455078125,2.420013427734375,"(-49.371971130371094, 29.86380386352539, 528.1165161132812)","(12.259531021118164, 25.453712463378906, 529.0587158203125)","(-12.159590721130371, 118.77289581298828, 32.58799362182617)","(-6.324922561645508, 115.063720703125, 31.237977981567383)",POINT (0.4779390841722488 0.455735370516777),,,,,,,,,,,,,,,,,,,,,,,,,,,,1,
0,13,5,408077666497,2234507649,1,1,"(0.46454018354415894, 0.42648419737815857)","(0.4736776351928711, 0.4630037546157837)",1,1,2.407684326171875,2.4472808837890625,"(-49.36901092529297, 29.92562484741211, 528.2034912109375)","(12.251263618469238, 25.538301467895508, 529.2220458984375)","(-13.871912002563477, 122.26065063476562, 33.857460021972656)","(-10.714698791503906, 115.59083557128906, 31.42984390258789)",POINT (0.469108909368515 0.4447439759969711),,,,,,,,,,,,,,,,,,,,,,,,,,,,,
0,13,5,408077683163,2234524315,1,1,"(0.4317847192287445, 0.25175338983535767)","(0.4570615589618683, 0.27297502756118774)",1,1,2.481796264648437,2.4656219482421875,"(-49.348907470703125, 30.217947006225586, 528.5718994140625)","(12.125502586364746, 25.86321258544922, 529.5289916992188)","(-25.18975830078125, 154.17291259765625, 45.47256851196289)","(-16.455970764160156, 150.2970733642578, 44.0618782043457)",POINT (0.4444231390953064 0.2623642086982727),,,,,,,,,,,,,,,,,,,,,,,,,,,1,1,
0,13,5,408077699831,2234540982,1,1,"(0.443758487701416, 0.29015666246414185)","(0.4607374668121338, 0.30781400203704834)",1,1,2.466293334960937,2.453460693359375,"(-49.30327224731445, 30.2786865234375, 528.5416259765625)","(12.15469741821289, 25.924331665039062, 529.613525390625)","(-21.052528381347656, 147.1590576171875, 42.91973114013672)","(-15.185856819152832, 143.93418884277344, 41.7459831237793)",POINT (0.4522479772567749 0.2989853322505951),,,,,,,,,,,,,,,,,,,,,,,,,,,,1,
0,13,5,408077716498,2234557649,1,1,"(0.43417635560035706, 0.2596948742866516)","(0.45516347885131836, 0.27579113841056824)",1,1,2.478424072265625,2.47418212890625,"(-49.281837463378906, 30.245500564575195, 528.6071166992188)","(12.23890495300293, 25.871957778930664, 529.7664184570312)","(-24.363391876220703, 152.72251892089844, 44.944644927978516)","(-17.111793518066406, 149.78273010253906, 43.87466812133789)",POINT (0.4446699172258377 0.2677430063486099),,,,,,,,,,,,,,,,,,,,,,,,,,,1,1,
0,13,5,408077733173,2234574323,1,1,"(0.44504836201667786, 0.27031421661376953)","(0.45548346638679504, 0.28149792551994324)",1,1,2.4725341796875,2.469879150390625,"(-49.23723602294922, 30.251449584960938, 528.574462890625)","(12.297782897949219, 25.862934112548828, 529.7489013671875)","(-20.60683822631836, 150.7830352783203, 44.23875427246094)","(-17.00124740600586, 148.740478515625, 43.495296478271484)",POINT (0.4502659142017364 0.2759060710668564),,,,,,,,,,,,,,,,,,,,,,,,,,,1,1,
0,13,5,408077749840,2234590990,1,1,"(0.4430888891220093, 0.27260664105415344)","(0.45147839188575745, 0.2781717777252197)",1,1,2.453842163085937,2.454818725585937,"(-49.20103454589844, 30.24767303466797, 528.635986328125)","(12.364727020263672, 25.841567993164062, 529.778076171875)","(-21.283885955810547, 150.36434936523438, 44.08636474609375)","(-18.385099411010742, 149.3479461669922, 43.71642303466797)",POINT (0.4472836405038834 0.2753892093896866),,,,,,,,,,,,,,,,,,,,,,,,,,,1,1,
0,13,5,408077766507,2234607657,1,1,"(0.43878883123397827, 0.26902225613594055)","(0.4512714147567749, 0.27843183279037476)",1,1,2.477020263671875,2.4517974853515625,"(-49.16373062133789, 30.246326446533203, 528.6806030273438)","(12.412261962890625, 25.82001495361328, 529.7685546875)","(-22.7696590423584, 151.0189971923828, 44.324615478515625)","(-18.45660400390625, 149.30044555664062, 43.69914627075195)",POINT (0.4450301229953766 0.2737270444631576),,,,,,,,,,,,,,,,,,,,,,,,,,,1,1,
0,13,5,408077783174,2234624323,1,1,"(0.43970784544944763, 0.27817991375923157)","(0.4465697109699249, 0.28504595160484314)",1,1,2.4703826904296875,2.455902099609375,"(-49.11408233642578, 30.245323181152344, 528.6879272460938)","(12.472057342529297, 25.810626983642578, 529.84423828125)","(-22.452112197875977, 149.34646606445312, 43.715877532958984)","(-20.0811767578125, 148.09246826171875, 43.25946044921875)",POINT (0.4431387782096863 0.2816129326820374),,,,,,,,,,,,,,,,,,,,,,,,,,,1,1,
0,13,5,408077799841,2234640990,1,1,"(0.4402014911174774, 0.27380770444869995)","(0.45094847679138184, 0.2804529070854187)",1,1,2.4811248779296875,2.463134765625,"(-49.062198638916016, 30.238040924072266, 528.72705078125)","(12.528258323669434, 25.79265022277832, 529.83447265625)","(-22.281543731689453, 150.14498901367188, 44.00652313232422)","(-18.568195343017578, 148.9313201904297, 43.56479263305664)",POINT (0.4455749839544296 0.2771303057670593),,,,,,,,,,,,,,,,,,,,,,,,,,,1,1,
0,13,5,408077816509,2234657657,1,1,"(0.4445444941520691, 0.2782905399799347)","(0.45427361130714417, 0.28419652581214905)",1,1,2.469589233398437,2.4476318359375,"(-49.00896453857422, 30.239566802978516, 528.750732421875)","(12.58969497680664, 25.778728485107422, 529.8868408203125)","(-20.780941009521484, 149.32626342773438, 43.70852279663086)","(-17.41927146911621, 148.2476043701172, 43.3159294128418)",POINT (0.4494090527296066 0.2812435328960419),,,,,,,,,,,,,,,,,,,,,,,,,,,1,1,
0,13,5,408077833175,2234674323,1,1,"(0.4374435842037201, 0.27660802006721497)","(0.4534882605075836, 0.29082825779914856)",1,1,2.4998016357421875,2.462646484375,"(-48.95527648925781, 30.241662979125977, 528.8458251953125)","(12.651570320129395, 25.749834060668945, 529.876953125)","(-23.23447608947754, 149.633544921875, 43.820369720458984)","(-17.69063377380371, 147.0364227294922, 42.87509536743164)",POINT (0.4454659223556519 0.2837181389331818),,,,,,,,,,,,,,,,,,,,,,,,,,,1,1,
0,13,5,408077849843,2234690990,1,1,"(0.44421273469924927, 0.2722989320755005)","(0.4535418748855591, 0.2817312479019165)",1,1,2.4927215576171875,2.456756591796875,"(-48.891685485839844, 30.2308349609375, 528.8232421875)","(12.718851089477539, 25.724201202392578, 529.91357421875)","(-20.89555549621582, 150.42054748535156, 44.106788635253906)","(-17.67209815979004, 148.69786071777344, 43.47979736328125)",POINT (0.4488773047924042 0.2770150899887085),,,,,,,,,,,,,,,,,,,,,,,,,,,1,1,
0,13,5,408077866515,2234707662,1,1,"(0.43870019912719727, 0.27611640095710754)","(0.45335516333580017, 0.28706103563308716)",1,1,2.489288330078125,2.4789276123046875,"(-48.83281326293945, 30.21937370300293, 528.82421875)","(12.780345916748047, 25.69137954711914, 529.9426879882812)","(-22.80028533935547, 149.7233428955078, 43.85303497314453)","(-17.736629486083984, 147.7244415283203, 43.125518798828125)",POINT (0.4460276812314987 0.2815887182950974),,,,,,,,,,,,,,,,,,,,,,,,,,,1,1,
0,13,5,408077883183,2234724329,1,1,"(0.44520002603530884, 0.27930566668510437)","(0.4530782103538513, 0.2823491394519806)",1,1,2.479843139648437,2.468597412109375,"(-48.78744125366211, 30.2165584564209, 528.8951416015625)","(12.827238082885742, 25.667030334472656, 529.9412841796875)","(-20.554431915283203, 149.140869140625, 43.641029357910156)","(-17.832319259643555, 148.58502197265625, 43.43873596191406)",POINT (0.4491391181945801 0.2808274030685425),,,,,,,,,,,,,,,,,,,,,,,,,,,1,1,
0,13,5,408077899850,2234740996,1,1,"(0.4445355534553528, 0.27935755252838135)","(0.4510652422904968, 0.2922932207584381)",1,1,2.48175048828125,2.472015380859375,"(-48.74325942993164, 30.212556838989258, 528.9085693359375)","(12.874585151672363, 25.649595260620117, 529.939453125)","(-20.784013748168945, 149.13137817382812, 43.637596130371094)","(-18.527849197387695, 146.7688446044922, 42.7777099609375)",POINT (0.4478003978729248 0.2858253866434097),,,,,,,,,,,,,,,,,,,,,,,,,,,1,1,
0,13,5,408077916517,2234757662,1,1,"(0.44414809346199036, 0.27504169940948486)","(0.45249873399734497, 0.28839683532714844)",1,1,2.476348876953125,2.4772491455078125,"(-48.70983123779297, 30.193565368652344, 528.8672485351562)","(12.911640167236328, 25.634532928466797, 529.96923828125)","(-20.91790008544922, 149.91961669921875, 43.92449188232422)","(-18.032550811767578, 147.48049926757812, 43.036712646484375)",POINT (0.4483234137296677 0.2817192673683166),,,,,,,,,,,,,,,,,,,,,,,,,,,1,1,
0,13,5,408077933185,2234774330,1,1,"(0.44096487760543823, 0.27014729380607605)","(0.4553801119327545, 0.28772562742233276)",1,1,2.4965972900390625,2.472274780273437,"(-48.68760681152344, 30.18738555908203, 528.87841796875)","(12.934961318969727, 25.62158966064453, 530.0230102539062)","(-22.01776885986328, 150.81350708007812, 44.24982833862305)","(-17.03695297241211, 147.60305786132812, 43.081336975097656)",POINT (0.4481724947690964 0.2789364606142044),,,,,,,,,,,,,,,,,,,,,,,,,,,1,1,
0,13,5,408077949852,2234790996,1,1,"(0.4414430260658264, 0.2721754014492035)","(0.45515871047973633, 0.29496222734451294)",1,1,2.5052947998046875,2.470489501953125,"(-48.670448303222656, 30.16614532470703, 528.8818359375)","(12.954190254211426, 25.59908103942871, 530.02978515625)","(-21.852569580078125, 150.443115234375, 44.11500549316406)","(-17.11345672607422, 146.28138732910156, 42.60029220581055)",POINT (0.4483008682727814 0.2835688143968582),,,,,,,,,,,,,,,,,,,,,,,,,,,1,1,
0,13,5,408077966518,2234807662,1,1,"(0.44539380073547363, 0.2731587588787079)","(0.45444777607917786, 0.29138463735580444)",1,1,2.509857177734375,2.4745025634765625,"(-48.65237808227539, 30.137584686279297, 528.8460693359375)","(12.966224670410156, 25.561811447143555, 529.99072265625)","(-20.48747444152832, 150.26351928710938, 44.04966735839844)","(-17.359100341796875, 146.93479919433594, 42.83808898925781)",POINT (0.4499207884073257 0.2822716981172562),,,,,,,,,,,,,,,,,,,,,,,,,,,1,1,
0,13,5,408077983187,2234824330,1,1,"(0.44382259249687195, 0.2698391377925873)","(0.4551362097263336, 0.2843228876590729)",1,1,2.48260498046875,2.491668701171875,"(-48.647796630859375, 30.116697311401367, 528.8862915039062)","(12.976434707641602, 25.533706665039062, 530.0137329101562)","(-21.030366897583008, 150.86978149414062, 44.27033996582031)","(-17.12123680114746, 148.2245330810547, 43.307518005371094)",POINT (0.4494794011116028 0.2770810127258301),,,,,,,,,,,,,,,,,,,,,,,,,,,1,1,
0,13,5,408077999857,2234841000,1,1,"(0.4430818259716034, 0.2667675018310547)","(0.4564944803714752, 0.2788597345352173)",1,1,2.5088043212890625,2.5037994384765625,"(-48.63427734375, 30.105079650878906, 528.87158203125)","(12.984355926513672, 25.518659591674805, 529.9979248046875)","(-21.286325454711914, 151.4307861328125, 44.4744987487793)","(-16.651905059814453, 149.22230529785156, 43.670692443847656)",POINT (0.4497881531715393 0.272813618183136),,,,,,,,,,,,,,,,,,,,,,,,,,,1,1,
0,13,5,408078016525,2234857667,1,1,"(0.4415366053581238, 0.2728807032108307)","(0.458778440952301, 0.2860814332962036)",1,1,2.5007476806640625,2.4913330078125,"(-48.63246154785156, 30.098167419433594, 528.87353515625)","(12.993413925170898, 25.51095199584961, 529.997802734375)","(-21.820236206054688, 150.3142852783203, 44.06814193725586)","(-15.86274242401123, 147.90335083007812, 43.190650939941406)",POINT (0.4501575231552124 0.2794810682535172),,,,,,,,,,,,,,,,,,,,,,,,,,,1,1,
0,13,5,408078033191,2234874333,1,1,"(0.44064220786094666, 0.2689498960971832)","(0.4569580852985382, 0.2807452082633972)",1,1,2.501190185546875,2.488189697265625,"(-48.62892532348633, 30.095401763916016, 528.8963012695312)","(12.995105743408203, 25.508899688720703, 530.0054931640625)","(-22.129261016845703, 151.03219604492188, 44.32945251464844)","(-16.49172019958496, 148.87796020507812, 43.54533386230469)",POINT (0.4488001465797424 0.2748475521802902),,,,,,,,,,,,,,,,,,,,,,,,,,,1,1,
0,13,5,408078049859,2234891000,1,1,"(0.44097742438316345, 0.2698558270931244)","(0.4573696553707123, 0.28205910325050354)",1,1,2.529525756835937,2.508209228515625,"(-48.630374908447266, 30.092227935791016, 528.8729858398438)","(12.994876861572266, 25.509033203125, 530.0131225585938)","(-22.013444900512695, 150.86676025390625, 44.269222259521484)","(-16.349523544311523, 148.6379852294922, 43.45800018310547)",POINT (0.4491735398769379 0.275957465171814),,,,,,,,,,,,,,,,,,,,,,,,,,,1,1,
0,13,5,408078066525,2234907666,1,1,"(0.44226568937301636, 0.27016231417655945)","(0.4535956382751465, 0.2862919569015503)",1,1,2.5445098876953125,2.5107421875,"(-48.63665771484375, 30.080371856689453, 529.0118408203125)","(12.992137908935547, 25.487089157104492, 529.9979858398438)","(-21.56832504272461, 150.81077575683594, 44.248844146728516)","(-17.653541564941406, 147.8649139404297, 43.17665100097656)",POINT (0.4479306638240814 0.2782271355390549),,,,,,,,,,,,,,,,,,,,,,,,,,,1,1,
0,13,5,408078083193,2234924333,1,1,"(0.45544442534446716, 0.4313155710697174)","(0.47763898968696594, 0.439668744802475)",1,1,2.4891510009765625,2.4911651611328125,"(-48.472225189208984, 29.74142837524414, 528.78955078125)","(12.98876667022705, 25.176481246948242, 529.9825439453125)","(-17.014734268188477, 121.37825012207031, 33.53629684448242)","(-9.345947265625, 119.85266876220703, 32.98101043701172)",POINT (0.4665417075157166 0.4354921579360962),,,,,,,,,,,,,,,,,,,,,,,,,,,,,
0,13,5,408078099860,2234941000,1,1,"(0.46554845571517944, 0.5396989583969116)","(0.4864298105239868, 0.5692183971405029)",1,1,2.5164337158203125,2.528106689453125,"(-48.370643615722656, 29.527713775634766, 528.8195190429688)","(12.997750282287598, 24.986106872558594, 530.076171875)","(-13.523533821105957, 101.58345794677734, 26.331573486328125)","(-6.308502197265625, 96.192138671875, 24.36927604675293)",POINT (0.4759891331195831 0.5544586777687073),,,,,,,,,,,,,,,,,,,,,,,,,,,,1,
0,13,5,408078116527,2234957666,1,1,"(0.4624194800853729, 0.5007122159004211)","(0.47996556758880615, 0.5504713654518127)",1,1,2.509307861328125,2.5130767822265625,"(-48.43562698364258, 29.54370880126953, 528.8726806640625)","(13.038848876953125, 24.990875244140625, 530.1134643554688)","(-14.604656219482422, 108.70387268066406, 28.923208236694336)","(-8.542067527770996, 99.61603546142578, 25.61546516418457)",POINT (0.4711925238370895 0.5255917906761169),,,,,,,,,,,,,,,,,,,,,,,,,,,,1,
0,13,5,408078133196,2234974335,1,1,"(0.46979275345802307, 0.5249640941619873)","(0.48750627040863037, 0.5632411241531372)",1,1,2.47247314453125,2.498046875,"(-48.45100784301758, 29.545166015625, 528.869873046875)","(13.04100227355957, 24.992427825927734, 530.1370239257812)","(-12.057022094726562, 104.27461242675781, 27.311059951782227)","(-5.936552047729492, 97.28379821777344, 24.766651153564453)",POINT (0.4786495119333267 0.5441026091575623),,,,,,,,,,,,,,,,,,,,,,,,,,,,1,
0,13,5,408078149864,2234991002,1,1,"(0.46720486879348755, 0.513012170791626)","(0.48202475905418396, 0.5637631416320801)",1,1,2.4373321533203125,2.50775146484375,"(-48.45176696777344, 29.545372009277344, 528.8228759765625)","(13.05852222442627, 24.9835147857666, 530.066162109375)","(-12.951203346252441, 106.45745086669922, 28.105567932128906)","(-7.830560207366943, 97.18846130371094, 24.731914520263672)",POINT (0.4746148139238358 0.538387656211853),,,,,,,,,,,,,,,,,,,,,,,,,,,,1,
0,13,5,408078166530,2235007668,1,1,"(0.46878349781036377, 0.5279896259307861)","(0.48507145047187805, 0.5611407160758972)",1,1,2.4787750244140625,2.49664306640625,"(-48.452972412109375, 29.544301986694336, 528.7913818359375)","(13.07029914855957, 24.98296356201172, 530.0345458984375)","(-12.405740737915039, 103.72200775146484, 27.109962463378906)","(-6.777838706970215, 97.66743469238281, 24.906213760375977)",POINT (0.4769274741411209 0.5445651710033417),,,,,,,,,,,,,,,,,,,,,,,,,,,,1,
0,13,5,408078183198,2235024335,1,1,"(0.4646163880825043, 0.5162163376808167)","(0.4867253601551056, 0.558617115020752)",1,1,2.4658203125,2.48541259765625,"(-48.46003723144531, 29.540821075439453, 528.7823486328125)","(13.075126647949219, 24.978683471679688, 530.04150390625)","(-13.845579147338867, 105.87226104736328, 27.89255714416504)","(-6.206386566162109, 98.12833404541016, 25.07400894165039)",POINT (0.4756708741188049 0.5374167263507843),,,,,,,,,,,,,,,,,,,,,,,,,,,,1,
0,13,5,408078199865,2235041002,1,1,"(0.4691186547279358, 0.5203750133514404)","(0.48343366384506226, 0.5501948595046997)",1,1,2.446395874023437,2.468353271484375,"(-48.47435760498047, 29.54148292541504, 528.827392578125)","(13.083024978637695, 24.965492248535156, 530.0963745117188)","(-12.28994369506836, 105.11273956298828, 27.61611557006836)","(-7.343755722045898, 99.66654968261719, 25.633848190307617)",POINT (0.476276159286499 0.5352849364280701),,,,,,,,,,,,,,,,,,,,,,,,,,,,1,
0,13,5,408078216532,2235057668,1,1,"(0.4688008427619934, 0.5198456645011902)","(0.48045483231544495, 0.5514105558395386)",1,1,2.4501495361328125,2.4455718994140625,"(-48.48712921142578, 29.540550231933594, 528.84912109375)","(13.08226203918457, 24.963451385498047, 530.1122436523438)","(-12.399744033813477, 105.20940399169922, 27.651315689086914)","(-8.37299919128418, 99.44451141357422, 25.55302619934082)",POINT (0.4746278375387192 0.5356281101703644),,,,,,,,,,,,,,,,,,,,,,,,,,,,1,
0,13,5,408078233199,2235074335,1,1,"(0.47043782472610474, 0.44737181067466736)","(0.49248769879341125, 0.4711560606956482)",1,1,2.412704467773437,2.4481201171875,"(-48.466678619384766, 29.611087799072266, 528.8138427734375)","(13.05005931854248, 25.035884857177734, 530.1051635742188)","(-11.834136962890625, 118.44580078125, 32.46895217895508)","(-4.215338230133057, 114.1019287109375, 30.887910842895508)",POINT (0.481462761759758 0.4592639356851578),,,,,,,,,,,,,,,,,,,,,,,,,,,,1,
0,13,5,408078249867,2235091002,1,1,"(0.46607697010040283, 0.4596346914768219)","(0.4835619628429413, 0.4840807616710663)",1,1,2.4258270263671875,2.394012451171875,"(-48.492618560791016, 29.648391723632812, 528.8644409179688)","(12.999292373657227, 25.027502059936523, 529.873046875)","(-13.340917587280273, 116.2061538696289, 31.65378761291504)","(-7.299415111541748, 111.74138641357422, 30.028751373291016)",POINT (0.4748194664716721 0.4718577265739441),,,,,,,,,,,,,,,,,,,,,,,,,,,,1,
0,13,5,408078266540,2235107675,1,1,"(0.46171483397483826, 0.4562562108039856)","(0.4895648658275604, 0.47055453062057495)",1,1,2.433349609375,2.41162109375,"(-48.5300407409668, 29.636730194091797, 528.8984375)","(12.994704246520996, 25.026752471923828, 529.9044799804688)","(-14.848142623901367, 116.82318878173828, 31.878355026245117)","(-5.225270748138428, 114.2117919921875, 30.927902221679688)",POINT (0.4756398499011993 0.4634053707122803),,,,,,,,,,,,,,,,,,,,,,,,,,,,1,
0,13,5,408078283208,2235124342,1,1,"(0.4687403738498688, 0.45979294180870056)","(0.48819056153297424, 0.47036007046699524)",1,1,2.398651123046875,2.42529296875,"(-48.586368560791016, 29.652095794677734, 528.968505859375)","(12.966315269470215, 25.04363250732422, 529.905517578125)","(-12.420647621154785, 116.17725372314453, 31.64325523376465)","(-5.70012092590332, 114.24729919433594, 30.94082260131836)",POINT (0.4784654676914215 0.4650765061378479),,,,,,,,,,,,,,,,,,,,,,,,,,,,1,
0,13,5,408078299875,2235141009,1,1,"(0.4720723330974579, 0.45161643624305725)","(0.4849472641944885, 0.5057647228240967)",1,1,2.401458740234375,2.4513092041015625,"(-48.62579345703125, 29.646987915039062, 528.9617919921875)","(12.940919876098633, 25.053449630737305, 529.9063720703125)","(-11.269372940063477, 117.67058563232422, 32.1867790222168)","(-6.820765018463135, 107.78112030029297, 28.58732032775879)",POINT (0.4785097986459732 0.478690579533577),,,,,,,,,,,,,,,,,,,,,,,,,,,,1,
0,13,5,408078316542,2235157675,1,1,"(0.46937295794487, 0.45178520679473877)","(0.4877307713031769, 0.4883383810520172)",1,1,2.4053192138671875,2.4419097900390625,"(-48.65816879272461, 29.62912368774414, 528.9026489257812)","(12.907750129699707, 25.05556869506836, 529.84521484375)","(-12.202071189880371, 117.63975524902344, 32.17558288574219)","(-5.858987331390381, 110.96379089355469, 29.7457332611084)",POINT (0.4785518646240234 0.470061793923378),,,,,,,,,,,,,,,,,,,,,,,,,,,,1,
0,13,5,408078333209,2235174342,1,1,"(0.4661058187484741, 0.4563819468021393)","(0.48568397760391235, 0.49591848254203796)",1,1,2.41412353515625,2.4213409423828125,"(-48.70631408691406, 29.625137329101562, 528.9503173828125)","(12.872650146484375, 25.058204650878906, 529.7997436523438)","(-13.33094596862793, 116.80021667480469, 31.870019912719727)","(-6.5661940574646, 109.57939910888672, 29.24184799194336)",POINT (0.4758948981761932 0.4761502146720886),,,,,,,,,,,,,,,,,,,,,,,,,,,,1,
0,13,5,408078349876,2235191008,1,1,"(0.4715649485588074, 0.45488521456718445)","(0.4851607382297516, 0.4832764267921448)",1,1,2.4087371826171875,2.4245147705078125,"(-48.74540328979492, 29.620532989501953, 528.89013671875)","(12.846658706665039, 25.078807830810547, 529.870849609375)","(-11.44469165802002, 117.0735855102539, 31.969511032104492)","(-6.746984958648682, 111.88829803466797, 30.082218170166016)",POINT (0.4783628433942795 0.4690808206796646),,,,,,,,,,,,,,,,,,,,,,,,,,,,1,
0,13,5,408078366543,2235207675,1,1,"(0.47678032517433167, 0.4483734965324402)","(0.4867125451564789, 0.47634944319725037)",1,1,2.4050445556640625,2.4216766357421875,"(-48.78854751586914, 29.624393463134766, 528.835693359375)","(12.806312561035156, 25.08850860595703, 529.7866821289062)","(-9.642647743225098, 118.26286315917969, 32.40237045288086)","(-6.210798740386963, 113.15340423583984, 30.542701721191406)",POINT (0.4817464351654053 0.4623614698648453),,,,,,,,,,,,,,,,,,,,,,,,,,,,1,
0,13,5,408078383216,2235224347,1,1,"(0.47714734077453613, 0.4553768038749695)","(0.48956355452537537, 0.4644663631916046)",1,1,2.401580810546875,2.402252197265625,"(-48.835296630859375, 29.646379470825195, 528.780517578125)","(12.770792007446289, 25.114498138427734, 529.7802124023438)","(-9.515829086303711, 116.98380279541016, 31.936817169189453)","(-5.22570276260376, 115.3237075805664, 31.332592010498047)",POINT (0.4833554476499558 0.459921583533287),,,,,,,,,,,,,,,,,,,,,,,,,,,,1,
0,13,5,408078399882,2235241013,1,1,"(0.47158876061439514, 0.45854684710502625)","(0.48310089111328125, 0.48296335339546204)",1,1,2.395736694335937,2.439926147460937,"(-48.880279541015625, 29.666412353515625, 528.7969360351562)","(12.732109069824219, 25.133230209350586, 529.6099853515625)","(-11.436448097229004, 116.40482330322266, 31.726099014282227)","(-7.4587202072143555, 111.94548034667969, 30.103023529052734)",POINT (0.4773448258638382 0.4707551002502441),,,,,,,,,,,,,,,,,,,,,,,,,,,,1,
0,13,5,408078416550,2235257680,1,1,"(0.4525589346885681, 0.4654697775840759)","(0.46615496277809143, 0.4997204840183258)",1,1,2.409423828125,2.42626953125,"(-48.980613708496094, 29.69550895690918, 528.732666015625)","(12.657819747924805, 25.239051818847656, 530.0177001953125)","(-18.011741638183594, 115.14043426513672, 31.26592254638672)","(-13.31396484375, 108.885009765625, 28.989120483398438)",POINT (0.4593569487333298 0.4825951308012009),,,,,,,,,,,,,,,,,,,,,,,,,,,,1,
0,13,5,408078433217,2235274347,1,1,"(0.41846486926078796, 0.4366466999053955)","(0.41857242584228516, 0.4786146879196167)",1,1,2.3705596923828125,2.430938720703125,"(-49.14767837524414, 29.717273712158203, 528.7404174804688)","(12.4855318069458, 25.257299423217773, 529.8289794921875)","(-29.7921085357666, 120.40460968017578, 33.18189239501953)","(-29.75494384765625, 112.73971557617188, 30.3920955657959)",POINT (0.4185186475515366 0.4576306939125061),,,,,,,,,,,,,,,,,,,,,,,,,,,,,
0,13,5,408078449884,2235291013,1,1,"(0.430208295583725, 0.43901655077934265)","(0.43120327591896057, 0.4650161862373352)",1,1,2.372177124023437,2.406723022460937,"(-49.191993713378906, 29.721954345703125, 528.6865234375)","(12.451407432556152, 25.284439086914062, 529.8225708007812)","(-25.734453201293945, 119.9717788696289, 33.02436828613281)","(-25.39065933227539, 115.2232894897461, 31.296062469482422)",POINT (0.4307057857513428 0.4520163685083389),,,,,,,,,,,,,,,,,,,,,,,,,,,,,
0,13,5,408078466551,2235307680,1,1,"(0.4248505234718323, 0.43802833557128906)","(0.42921140789985657, 0.46883007884025574)",1,1,2.421127319335937,2.395538330078125,"(-49.230289459228516, 29.720584869384766, 528.546875)","(12.420256614685059, 25.295249938964844, 529.76904296875)","(-27.5856990814209, 120.15226745605469, 33.090065002441406)","(-26.078907012939453, 114.5267333984375, 31.04254150390625)",POINT (0.4270309656858444 0.4534292072057724),,,,,,,,,,,,,,,,,,,,,,,,,,,,,
0,13,5,408078483219,2235324347,1,1,"(0.4262144863605499, 0.4382399618625641)","(0.43240877985954285, 0.4683743715286255)",1,1,2.415878295898437,2.40655517578125,"(-49.270957946777344, 29.723426818847656, 528.5096435546875)","(12.38839054107666, 25.305561065673828, 529.7313232421875)","(-27.114421844482422, 120.1136245727539, 33.07597351074219)","(-24.97412109375, 114.6099624633789, 31.072837829589844)",POINT (0.4293116331100464 0.4533071666955948),,,,,,,,,,,,,,,,,,,,,,,,,,,,,
0,13,5,408078499886,2235341014,1,1,"(0.4221423268318176, 0.442588746547699)","(0.42849913239479065, 0.46679356694221497)",1,1,2.39874267578125,2.405487060546875,"(-49.302635192871094, 29.712743759155273, 528.3958740234375)","(12.356971740722656, 25.302934646606445, 529.5377807617188)","(-28.521440505981445, 119.31937408447266, 32.78690719604492)","(-26.325010299682617, 114.89867401123047, 31.177902221679688)",POINT (0.4253207296133041 0.454691156744957),,,,,,,,,,,,,,,,,,,,,,,,,,,,,
0,13,5,408078516554,2235357681,1,1,"(0.42290496826171875, 0.45373475551605225)","(0.4275112450122833, 0.4673122465610504)",1,1,2.4308013916015625,2.42962646484375,"(-49.345069885253906, 29.71261978149414, 528.3173828125)","(12.32592487335205, 25.31130027770996, 529.4689331054688)","(-28.257932662963867, 117.28369903564453, 32.045982360839844)","(-26.666351318359375, 114.80394744873047, 31.1434268951416)",POINT (0.425208106637001 0.4605235010385513),,,,,,,,,,,,,,,,,,,,,,,,,,,,,
0,13,5,408078533221,2235374348,1,1,"(0.42475682497024536, 0.442106693983078)","(0.42491939663887024, 0.4735316336154938)",1,1,2.419464111328125,2.4171295166015625,"(-49.38880157470703, 29.71672248840332, 528.2796630859375)","(12.287210464477539, 25.343463897705078, 529.5244750976562)","(-27.618074417114258, 119.40741729736328, 32.81895065307617)","(-27.561906814575195, 113.66806030273438, 30.730003356933594)",POINT (0.4248381108045578 0.4578191637992859),,,,,,,,,,,,,,,,,,,,,,,,,,,,,
0,13,5,408078549888,2235391014,1,1,"(0.4225773811340332, 0.45440152287483215)","(0.42562562227249146, 0.46699246764183044)",1,1,2.4184112548828125,2.4169921875,"(-49.429386138916016, 29.723081588745117, 528.2344970703125)","(12.250975608825684, 25.357879638671875, 529.4867553710938)","(-28.371129989624023, 117.16191101074219, 32.00167465209961)","(-27.31787872314453, 114.86234283447266, 31.164691925048828)",POINT (0.4241015017032623 0.4606969952583313),,,,,,,,,,,,,,,,,,,,,,,,,,,,,
0,13,5,408078566555,2235407681,1,1,"(0.4217357337474823, 0.44084954261779785)","(0.42337456345558167, 0.46662965416908264)",1,1,2.3927154541015625,2.412872314453125,"(-49.475563049316406, 29.745698928833008, 528.171630859375)","(12.2027587890625, 25.388145446777344, 529.3716430664062)","(-28.661928176879883, 119.63700103759766, 32.90251159667969)","(-28.095685958862305, 114.92861938476562, 31.188806533813477)",POINT (0.422555148601532 0.4537395983934402),,,,,,,,,,,,,,,,,,,,,,,,,,,,,
0,13,5,408078583223,2235424348,1,1,"(0.4192781150341034, 0.4450114369392395)","(0.43149346113204956, 0.46670833230018616)",1,1,2.4126739501953125,2.4064178466796875,"(-49.520782470703125, 29.75680923461914, 528.0861206054688)","(12.153297424316406, 25.40869903564453, 529.287841796875)","(-29.51110076904297, 118.87689971923828, 32.6258544921875)","(-25.290403366088867, 114.91423797607422, 31.183591842651367)",POINT (0.4253857880830765 0.4558598846197128),,,,,,,,,,,,,,,,,,,,,,,,,,,,,
0,13,5,408078599889,2235441014,1,1,"(0.4231659173965454, 0.45214298367500305)","(0.4290684461593628, 0.46853816509246826)",1,1,2.3979034423828125,2.4090118408203125,"(-49.581504821777344, 29.77748680114746, 528.021240234375)","(12.09270191192627, 25.433273315429688, 529.2818603515625)","(-28.167770385742188, 117.57440948486328, 32.15179443359375)","(-26.12830924987793, 114.58006286621094, 31.06192398071289)",POINT (0.4261171817779541 0.4603405743837357),,,,,,,,,,,,,,,,,,,,,,,,,,,,,
0,13,5,408078616557,2235457681,1,1,"(0.4225424826145172, 0.45045650005340576)","(0.42914891242980957, 0.46878793835639954)",1,1,2.391143798828125,2.40875244140625,"(-49.645904541015625, 29.790706634521484, 528.0494995117188)","(12.031513214111328, 25.44556427001953, 529.2297973632812)","(-28.383188247680664, 117.8824234008789, 32.263893127441406)","(-26.10050392150879, 114.534423828125, 31.045345306396484)",POINT (0.4258456975221634 0.4596222192049026),,,,,,,,,,,,,,,,,,,,,,,,,,,,,
0,13,5,408078633224,2235474348,1,1,"(0.421997606754303, 0.4485187530517578)","(0.42670851945877075, 0.47871607542037964)",1,1,2.3938751220703125,2.4101715087890625,"(-49.71366882324219, 29.79581642150879, 528.0473022460938)","(11.968355178833008, 25.486751556396484, 529.1541137695312)","(-28.571456909179688, 118.23633575439453, 32.3927116394043)","(-26.9437255859375, 112.72119903564453, 30.3853759765625)",POINT (0.4243530631065369 0.4636174142360687),,,,,,,,,,,,,,,,,,,,,,,,,,,,,
0,13,5,408078649899,2235491022,1,1,"(0.4217672646045685, 0.45515426993370056)","(0.42949745059013367, 0.4788129925727844)",1,1,2.389755249023437,2.4176025390625,"(-49.787025451660156, 29.799070358276367, 528.0040893554688)","(11.900015830993652, 25.521865844726562, 529.1407470703125)","(-28.651029586791992, 117.02444458007812, 31.951597213745117)","(-25.980064392089844, 112.70347595214844, 30.378944396972656)",POINT (0.4256323575973511 0.4669836312532425),,,,,,,,,,,,,,,,,,,,,,,,,,,,,
0,13,5,408078666566,2235507689,1,1,"(0.42608535289764404, 0.4433816075325012)","(0.42850247025489807, 0.4745151698589325)",1,1,2.378814697265625,2.3903045654296875,"(-49.85658645629883, 29.80618667602539, 527.9623413085938)","(11.820629119873047, 25.55902099609375, 529.1044921875)","(-27.15902328491211, 119.17455291748047, 32.73421859741211)","(-26.323862075805664, 113.48841094970703, 30.664628982543945)",POINT (0.4272939115762711 0.4589483886957169),,,,,,,,,,,,,,,,,,,,,,,,,,,,,
0,13,5,408078683234,2235524356,1,1,"(0.424812912940979, 0.45100152492523193)","(0.42857110500335693, 0.4815427362918854)",1,1,2.383163452148437,2.389801025390625,"(-49.92879867553711, 29.811269760131836, 527.9503784179688)","(11.752054214477539, 25.579439163208008, 529.013671875)","(-27.598695755004883, 117.78288269042969, 32.22767639160156)","(-26.300142288208008, 112.20494079589844, 30.19745445251465)",POINT (0.426692008972168 0.4662721306085586),,,,,,,,,,,,,,,,,,,,,,,,,,,,,
0,13,5,408078699900,2235541022,1,1,"(0.423154354095459, 0.45113110542297363)","(0.43030738830566406, 0.47626879811286926)",1,1,2.40374755859375,2.395858764648437,"(-49.99522018432617, 29.825836181640625, 527.869873046875)","(11.675830841064453, 25.6055908203125, 529.0084838867188)","(-28.171772003173828, 117.75923156738281, 32.21904754638672)","(-25.70020294189453, 113.16815185546875, 30.548065185546875)",POINT (0.4267308712005615 0.4636999517679214),,,,,,,,,,,,,,,,,,,,,,,,,,,,,
0,13,5,408078716568,2235557689,1,1,"(0.4199593961238861, 0.4467430114746094)","(0.426582008600235, 0.46673527359962463)",1,1,2.39013671875,2.3902587890625,"(-50.068634033203125, 29.83873748779297, 527.9765014648438)","(11.617098808288574, 25.629074096679688, 528.9404296875)","(-29.275711059570312, 118.5606460571289, 32.51076126098633)","(-26.9874267578125, 114.90931701660156, 31.181791305541992)",POINT (0.4232707023620606 0.456739142537117),,,,,,,,,,,,,,,,,,,,,,,,,,,,,
0,13,5,408078733235,2235574356,1,1,"(0.4191882908344269, 0.4487747848033905)","(0.4271012544631958, 0.47511714696884155)",1,1,2.37689208984375,2.408660888671875,"(-50.12989044189453, 29.84915542602539, 527.95166015625)","(11.55172348022461, 25.66158676147461, 528.9266357421875)","(-29.54213523864746, 118.18956756591797, 32.37569808959961)","(-26.808013916015625, 113.37848663330078, 30.62462043762207)",POINT (0.4231447726488113 0.461945965886116),,,,,,,,,,,,,,,,,,,,,,,,,,,,,
0,13,5,408078749902,2235591022,1,1,"(0.42433708906173706, 0.4476555585861206)","(0.4317494034767151, 0.47367244958877563)",1,1,2.405364990234375,2.3992919921875,"(-50.191864013671875, 29.84724998474121, 527.9261474609375)","(11.493913650512695, 25.686412811279297, 529.0062255859375)","(-27.763103485107422, 118.39398956298828, 32.45008850097656)","(-25.201953887939453, 113.64234161376953, 30.72064781188965)",POINT (0.4280432462692261 0.4606640040874481),,,,,,,,,,,,,,,,,,,,,,,,,,,,,
0,13,5,408078766569,2235607689,1,1,"(0.4192458689212799, 0.4445095956325531)","(0.42811867594718933, 0.481471985578537)",1,1,2.38848876953125,2.4015350341796875,"(-50.2574348449707, 29.859251022338867, 528.017578125)","(11.441461563110352, 25.70494842529297, 528.9923706054688)","(-29.52225112915039, 118.96855926513672, 32.65921401977539)","(-26.45648193359375, 112.21786499023438, 30.2021541595459)",POINT (0.4236822724342346 0.462990790605545),,,,,,,,,,,,,,,,,,,,,,,,,,,,,
0,13,5,408078783242,2235624361,1,1,"(0.41856837272644043, 0.4542616903781891)","(0.42413169145584106, 0.47344645857810974)",1,1,2.365692138671875,2.4123077392578125,"(-50.296424865722656, 29.84984588623047, 527.9095458984375)","(11.39361572265625, 25.715988159179688, 529.0324096679688)","(-29.75634002685547, 117.18746185302734, 32.01094436645508)","(-27.834077835083008, 113.6836166381836, 30.735652923583984)",POINT (0.4213500320911408 0.4638540744781494),,,,,,,,,,,,,,,,,,,,,,,,,,,,,
0,13,5,408078799908,2235641027,1,1,"(0.4440838694572449, 0.44557520747184753)","(0.45260554552078247, 0.4731858968734741)",1,1,2.378280639648437,2.3809967041015625,"(-50.27900314331055, 29.85276985168457, 527.982666015625)","(11.400193214416504, 25.72240447998047, 529.0552978515625)","(-20.940092086791992, 118.77392578125, 32.588401794433594)","(-17.995634078979492, 113.73120880126953, 30.75298500061035)",POINT (0.4483447074890137 0.4593805521726608),,,,,,,,,,,,,,,,,,,,,,,,,,,,1,
0,13,5,408078816576,2235657694,1,1,"(0.43597090244293213, 0.4452365040779114)","(0.43984755873680115, 0.4787423014640808)",1,1,2.371490478515625,2.3761444091796875,"(-50.33831787109375, 29.842567443847656, 528.0037841796875)","(11.331308364868164, 25.711889266967773, 528.9336547851562)","(-23.74332618713379, 118.8357925415039, 32.61090850830078)","(-22.40384292602539, 112.71640014648438, 30.38362693786621)",POINT (0.4379092305898666 0.4619894027709961),,,,,,,,,,,,,,,,,,,,,,,,,,,,,
0,13,5,408078833242,2235674360,1,1,"(0.432993620634079, 0.45916199684143066)","(0.44143810868263245, 0.4778490960597992)",1,1,2.3771514892578125,2.3856658935546875,"(-50.393638610839844, 29.831329345703125, 528.0344848632812)","(11.286943435668945, 25.706764221191406, 528.9429931640625)","(-24.77204704284668, 116.29248809814453, 31.685199737548828)","(-21.85427474975586, 112.87953186035156, 30.4429931640625)",POINT (0.4372158646583557 0.4685055464506149),,,,,,,,,,,,,,,,,,,,,,,,,,,,1,
0,13,5,408078849910,2235691027,1,1,"(0.43268221616744995, 0.45038115978240967)","(0.4421089291572571, 0.4890033006668091)",1,1,2.3463287353515625,2.3925323486328125,"(-50.435325622558594, 29.821395874023438, 528.0674438476562)","(11.244382858276367, 25.691822052001953, 529.0062255859375)","(-24.879655838012695, 117.89618682861328, 32.26891326904297)","(-21.622478485107422, 110.84236145019531, 29.701528549194336)",POINT (0.4373955726623535 0.4696922302246094),,,,,,,,,,,,,,,,,,,,,,,,,,,,1,
0,13,5,408078866577,2235707694,1,1,"(0.43214279413223267, 0.45072418451309204)","(0.4335797429084778, 0.48270532488822937)",1,1,2.354354858398437,2.397491455078125,"(-50.47691345214844, 29.813318252563477, 528.0980224609375)","(11.207109451293945, 25.68287467956543, 529.053955078125)","(-25.066024780273438, 117.83354187011719, 32.246097564697266)","(-24.569541931152344, 111.99259948730469, 30.120201110839844)",POINT (0.4328612685203552 0.4667147547006607),,,,,,,,,,,,,,,,,,,,,,,,,,,,1,
0,13,5,408078883244,2235724360,1,1,"(0.43776223063468933, 0.44730690121650696)","(0.44228336215019226, 0.4753521978855133)",1,1,2.352279663085937,2.359375,"(-50.521583557128906, 29.808080673217773, 528.1388549804688)","(11.162055969238281, 25.677387237548828, 529.09423828125)","(-23.124374389648438, 118.45765686035156, 32.47325897216797)","(-21.562213897705078, 113.33556365966797, 30.608966827392578)",POINT (0.4400227963924408 0.4613295495510101),,,,,,,,,,,,,,,,,,,,,,,,,,,,,
0,13,5,408078899911,2235741027,1,1,"(0.4339779317378998, 0.4555314779281616)","(0.43501028418540955, 0.4826545715332031)",1,1,2.363021850585937,2.3785400390625,"(-50.56626892089844, 29.81659698486328, 528.1873168945312)","(11.119967460632324, 25.68221664428711, 529.0801391601562)","(-24.431947708129883, 116.95555114746094, 31.926563262939453)","(-24.075246810913086, 112.00189208984375, 30.123544692993164)",POINT (0.4344941079616547 0.4690930247306824),,,,,,,,,,,,,,,,,,,,,,,,,,,,1,
0,13,5,408078916583,2235757698,1,1,"(0.4327789545059204, 0.44748735427856445)","(0.43724048137664795, 0.47456520795822144)",1,1,2.351409912109375,2.349884033203125,"(-50.60213088989258, 29.82208824157715, 528.22119140625)","(11.085840225219727, 25.696094512939453, 529.1739501953125)","(-24.846229553222656, 118.4247055053711, 32.461273193359375)","(-23.30466651916504, 113.47928619384766, 30.661296844482422)",POINT (0.4350097179412842 0.4610262811183929),,,,,,,,,,,,,,,,,,,,,,,,,,,,,
0,13,5,408078933250,2235774365,1,1,"(0.4365147352218628, 0.4512402415275574)","(0.44148093461990356, 0.47958916425704956)",1,1,2.3396148681640625,2.35809326171875,"(-50.63407516479492, 29.828411102294922, 528.1998291015625)","(11.052925109863281, 25.707029342651367, 529.2449951171875)","(-23.5554141998291, 117.73928833007812, 32.21180725097656)","(-21.8394718170166, 112.56172943115234, 30.327333450317383)",POINT (0.4389978349208832 0.4654147028923035),,,,,,,,,,,,,,,,,,,,,,,,,,,,1,
0,13,5,408078949917,2235791031,1,1,"(0.43182092905044556, 0.4426727890968323)","(0.4375045597553253, 0.4816254675388336)",1,1,2.301361083984375,2.3436431884765625,"(-50.68109130859375, 29.831308364868164, 528.2470703125)","(11.01204776763916, 25.718791961669922, 529.34716796875)","(-25.17725372314453, 119.30401611328125, 32.781341552734375)","(-23.21341896057129, 112.18983459472656, 30.191970825195312)",POINT (0.4346627444028854 0.462149128317833),,,,,,,,,,,,,,,,,,,,,,,,,,,,,
0,13,5,408078966584,2235807698,1,1,"(0.4322892427444458, 0.4506986737251282)","(0.4375026524066925, 0.4707588255405426)",1,1,2.323760986328125,2.337921142578125,"(-50.729469299316406, 29.839576721191406, 528.3416137695312)","(10.964428901672363, 25.726848602294922, 529.270751953125)","(-25.015426635742188, 117.83819580078125, 32.247798919677734)","(-23.214069366455078, 114.17446899414062, 30.91432762145996)",POINT (0.4348959475755692 0.4607287496328354),,,,,,,,,,,,,,,,,,,,,,,,,,,,,
0,13,5,408078983251,2235824364,1,1,"(0.4357418715953827, 0.44751542806625366)","(0.4406242072582245, 0.4685189127922058)",1,1,2.34295654296875,2.3184051513671875,"(-50.76527404785156, 29.83028793334961, 528.3521118164062)","(10.923783302307129, 25.725547790527344, 529.28759765625)","(-23.822460174560547, 118.4195785522461, 32.45939254760742)","(-22.135496139526367, 114.58356475830078, 31.063213348388672)",POINT (0.4381830394268036 0.4580171704292297),,,,,,,,,,,,,,,,,,,,,,,,,,,,,
0,13,5,408078999918,2235841031,1,1,"(0.43278348445892334, 0.45323365926742554)","(0.4349651634693146, 0.4811750054359436)",1,1,2.302734375,2.3439178466796875,"(-50.803131103515625, 29.83981704711914, 528.361572265625)","(10.888299942016602, 25.746368408203125, 529.3663330078125)","(-24.844663619995117, 117.37520599365234, 32.07929992675781)","(-24.090824127197266, 112.2720947265625, 30.221908569335938)",POINT (0.433874323964119 0.4672043323516846),,,,,,,,,,,,,,,,,,,,,,,,,,,,1,
0,13,5,408079016586,2235857698,1,1,"(0.42868414521217346, 0.44719198346138)","(0.4415869414806366, 0.4671825170516968)",1,1,2.291656494140625,2.305755615234375,"(-50.846954345703125, 29.84383773803711, 528.4407348632812)","(10.846280097961426, 25.75859832763672, 529.4298095703125)","(-26.261085510253906, 118.4786376953125, 32.48091125488281)","(-21.802845001220703, 114.82764434814453, 31.15204620361328)",POINT (0.435135543346405 0.4571872502565384),,,,,,,,,,,,,,,,,,,,,,,,,,,,,
0,13,5,408079033252,2235874364,1,1,"(0.43508756160736084, 0.4435700476169586)","(0.4376760423183441, 0.46565142273902893)",1,1,2.2959747314453125,2.2878875732421875,"(-50.85044860839844, 29.847599029541016, 528.4482421875)","(10.839263916015625, 25.77374267578125, 529.4375)","(-24.04854965209961, 119.14013671875, 32.7216796875)","(-23.15415382385254, 115.1072769165039, 31.253826141357422)",POINT (0.4363818019628525 0.4546107351779938),,,,,,,,,,,,,,,,,,,,,,,,,,,,,
0,13,5,408079049925,2235891036,1,1,"(0.45381438732147217, 0.44859007000923157)","(0.46738719940185547, 0.47841349244117737)",1,1,2.2743682861328125,2.3090972900390625,"(-50.8044319152832, 29.85350799560547, 528.43994140625)","(10.829099655151367, 25.756454467773438, 529.1544189453125)","(-17.57794761657715, 118.22331237792969, 32.387969970703125)","(-12.888191223144531, 112.77645111083984, 30.40546989440918)",POINT (0.4606007933616638 0.4635017812252045),,,,,,,,,,,,,,,,,,,,,,,,,,,,1,
0,13,5,408079066592,2235907703,1,1,"(0.4502919018268585, 0.4485573172569275)","(0.4668649733066559, 0.47279107570648193)",1,1,2.28778076171875,2.317474365234375,"(-50.82094955444336, 29.85196304321289, 528.4126586914062)","(10.810731887817383, 25.762718200683594, 529.20166015625)","(-18.795059204101562, 118.22928619384766, 32.390167236328125)","(-13.068643569946289, 113.80329895019531, 30.77924919128418)",POINT (0.4585784375667572 0.4606741964817047),,,,,,,,,,,,,,,,,,,,,,,,,,,,1,
0,13,5,408079083258,2235924369,1,1,"(0.45027419924736023, 0.4552780091762543)","(0.4693467617034912, 0.4800651967525482)",1,1,2.2859039306640625,2.3302001953125,"(-50.832908630371094, 29.845478057861328, 528.4508056640625)","(10.804457664489746, 25.763423919677734, 529.1552734375)","(-18.801179885864258, 117.00183868408203, 31.943389892578125)","(-12.211116790771484, 112.47478485107422, 30.295696258544922)",POINT (0.4598104804754257 0.4676716029644012),,,,,,,,,,,,,,,,,,,,,,,,,,,,1,
0,13,5,408079099926,2235941036,1,1,"(0.4533456265926361, 0.44603389501571655)","(0.46718302369117737, 0.47273868322372437)",1,1,2.27960205078125,2.308349609375,"(-50.833106994628906, 29.84853744506836, 528.4505615234375)","(10.808695793151855, 25.769390106201172, 529.201904296875)","(-17.739912033081055, 118.69014739990234, 32.557926177978516)","(-12.95874309539795, 113.81288146972656, 30.78272819519043)",POINT (0.4602643251419067 0.4593862891197205),,,,,,,,,,,,,,,,,,,,,,,,,,,,1,
0,13,5,408079116593,2235957703,1,1,"(0.4513719975948334, 0.4508012533187866)","(0.46599480509757996, 0.4631703197956085)",1,1,2.2590484619140625,2.2737274169921875,"(-50.82275390625, 29.84543800354004, 528.40576171875)","(10.815485000610352, 25.76780891418457, 529.1859130859375)","(-18.42186737060547, 117.81946563720703, 32.24099349975586)","(-13.369308471679688, 115.56041717529297, 31.41875648498535)",POINT (0.4586834013462067 0.4569857865571976),,,,,,,,,,,,,,,,,,,,,,,,,,,,1,
0,13,5,408079133260,2235974369,1,1,"(0.45017340779304504, 0.4555113613605499)","(0.46313077211380005, 0.46431171894073486)",1,1,2.2750701904296875,2.2914581298828125,"(-50.80486297607422, 29.854570388793945, 528.3857421875)","(10.834643363952637, 25.780813217163086, 529.169921875)","(-18.836008071899414, 116.95922088623047, 31.927885055541992)","(-14.358895301818848, 115.35195922851562, 31.342864990234375)",POINT (0.4566520899534226 0.4599115401506424),,,,,,,,,,,,,,,,,,,,,,,,,,,,1,
0,13,5,408079149927,2235991036,1,1,"(0.4535011053085327, 0.4480396807193756)","(0.4686989486217499, 0.466601699590683)",1,1,2.271759033203125,2.2885284423828125,"(-50.791664123535156, 29.865234375, 528.4187622070312)","(10.851174354553223, 25.78853988647461, 529.2161865234375)","(-17.686208724975586, 118.3238296508789, 32.42454147338867)","(-12.43497085571289, 114.93372344970703, 31.19063949584961)",POINT (0.4611000269651413 0.4573206901550293),,,,,,,,,,,,,,,,,,,,,,,,,,,,1,
0,13,5,408079166595,2236007703,1,1,"(0.447523832321167, 0.43849363923072815)","(0.4692087769508362, 0.46786656975746155)",1,1,2.263275146484375,2.2930908203125,"(-50.763954162597656, 29.879932403564453, 528.4471435546875)","(10.87109088897705, 25.797508239746094, 529.2313232421875)","(-19.751502990722656, 120.06727600097656, 33.05913162231445)","(-12.258805274963379, 114.70270538330078, 31.106584548950195)",POINT (0.4583663046360016 0.4531801044940948),,,,,,,,,,,,,,,,,,,,,,,,,,,,,
0,13,5,408079183265,2236024373,1,1,"(0.4501829147338867, 0.4417990446090698)","(0.4679596424102783, 0.4683225452899933)",1,1,2.258544921875,2.29193115234375,"(-50.7330207824707, 29.894100189208984, 528.4683837890625)","(10.894976615905762, 25.80044937133789, 529.1991577148438)","(-18.832714080810547, 119.4636001586914, 32.83940124511719)","(-12.690421104431152, 114.61943054199219, 31.076274871826172)",POINT (0.4590712785720825 0.4550607949495316),,,,,,,,,,,,,,,,,,,,,,,,,,,,1,
0,13,5,408079199933,2236041040,1,1,"(0.4552421271800995, 0.4404847323894501)","(0.46774157881736755, 0.4744793772697449)",1,1,2.225433349609375,2.3091278076171875,"(-50.70178985595703, 29.903112411499023, 528.4500732421875)","(10.921562194824219, 25.799297332763672, 529.1517333984375)","(-17.084630966186523, 119.70362854003906, 32.92677307128906)","(-12.765750885009766, 113.4949722290039, 30.666967391967773)",POINT (0.4614918529987335 0.4574820548295975),,,,,,,,,,,,,,,,,,,,,,,,,,,,1,
0,13,5,408079216600,2236057707,1,1,"(0.45171478390693665, 0.44416940212249756)","(0.47120752930641174, 0.47317272424697876)",1,1,2.26080322265625,2.3051300048828125,"(-50.673072814941406, 29.90121841430664, 528.4387817382812)","(10.950312614440918, 25.79076385498047, 529.1508178710938)","(-18.303407669067383, 119.03067779541016, 32.68183517456055)","(-11.568190574645996, 113.7336196899414, 30.75385093688965)",POINT (0.4614611566066742 0.4586710631847382),,,,,,,,,,,,,,,,,,,,,,,,,,,,1,
0,13,5,408079233267,2236074373,1,1,"(0.4526461958885193, 0.44127851724624634)","(0.4633103013038635, 0.4800867736339569)",1,1,2.2409210205078125,2.27777099609375,"(-50.6429328918457, 29.89887809753418, 528.3651123046875)","(10.977779388427734, 25.790517807006836, 529.1812744140625)","(-17.98158073425293, 119.55867004394531, 32.873985290527344)","(-14.296871185302734, 112.47084045410156, 30.29425811767578)",POINT (0.4579782485961914 0.4606826454401016),,,,,,,,,,,,,,,,,,,,,,,,,,,,1,
0,13,5,408079249934,2236091040,1,1,"(0.4560278654098511, 0.43599677085876465)","(0.46738559007644653, 0.47049376368522644)",1,1,2.22552490234375,2.2645416259765625,"(-50.63011932373047, 29.89786148071289, 528.41455078125)","(10.991497039794922, 25.786895751953125, 529.19580078125)","(-16.813140869140625, 120.52330780029297, 33.225101470947266)","(-12.888753890991211, 114.22288513183594, 30.931930541992188)",POINT (0.4617067277431488 0.4532452672719955),,,,,,,,,,,,,,,,,,,,,,,,,,,,,
0,13,5,408079266602,2236107707,1,1,"(0.4492000341415405, 0.444244384765625)","(0.4652779698371887, 0.47602540254592896)",1,1,2.2346343994140625,2.2706451416015625,"(-50.62151336669922, 29.906557083129883, 528.5098876953125)","(11.008577346801758, 25.785568237304688, 529.179931640625)","(-19.17232894897461, 119.0169906616211, 32.67685317993164)","(-13.6170072555542, 113.21260833740234, 30.564224243164062)",POINT (0.4572390019893646 0.460134893655777),,,,,,,,,,,,,,,,,,,,,,,,,,,,1,
0,13,5,408079283268,2236124373,1,1,"(0.4743538498878479, 0.44410765171051025)","(0.49628502130508423, 0.4571162164211273)",1,1,2.240829467773437,2.25054931640625,"(-50.53282928466797, 29.906349182128906, 528.617919921875)","(11.080648422241211, 25.78707504272461, 529.2671508789062)","(-10.481045722961426, 119.0419692993164, 32.6859245300293)","(-2.9032797813415527, 116.66610717773438, 31.821205139160156)",POINT (0.4853194355964661 0.4506119340658188),,,,,,,,,,,,,,,,,,,,,,,,,,,,1,
0,13,5,408079299936,2236141040,1,1,"(0.46345335245132446, 0.4425382614135742)","(0.48522382974624634, 0.45729202032089233)",1,1,2.217514038085937,2.2325439453125,"(-50.52577209472656, 29.908639907836914, 528.6263427734375)","(11.091104507446289, 25.783905029296875, 529.3055419921875)","(-14.247448921203613, 119.32858276367188, 32.79027557373047)","(-6.725199222564697, 116.6340103149414, 31.809524536132812)",POINT (0.4743385910987854 0.4499151408672333),,,,,,,,,,,,,,,,,,,,,,,,,,,,1,
0,13,5,408079316609,2236157713,1,1,"(0.47364720702171326, 0.4431159198284149)","(0.4846775233745575, 0.45514509081840515)",1,1,2.192733764648437,2.2196044921875,"(-50.514163970947266, 29.89891815185547, 528.5736083984375)","(11.10441780090332, 25.780887603759766, 529.2666015625)","(-10.725204467773438, 119.22309112548828, 32.751853942871094)","(-6.913957595825195, 117.02611541748047, 31.95222282409668)",POINT (0.4791623651981354 0.44913050532341),,,,,,,,,,,,,,,,,,,,,,,,,,,,1,
0,13,5,408079333276,2236174379,1,1,"(0.4737737476825714, 0.44579988718032837)","(0.48482075333595276, 0.45777344703674316)",1,1,2.21783447265625,2.23895263671875,"(-50.484535217285156, 29.89622688293457, 528.491943359375)","(11.124518394470215, 25.767234802246094, 529.1649780273438)","(-10.681490898132324, 118.73289489746094, 32.57344436645508)","(-6.864465713500977, 116.54607391357422, 31.777528762817383)",POINT (0.4792972505092621 0.4517866671085358),,,,,,,,,,,,,,,,,,,,,,,,,,,,1,
0,13,5,408079349943,2236191046,1,1,"(0.468790203332901, 0.44705796241760254)","(0.4864075183868408, 0.44903653860092163)",1,1,2.24322509765625,2.210113525390625,"(-50.46591567993164, 29.90116310119629, 528.5101318359375)","(11.148231506347656, 25.75699234008789, 529.1328125)","(-12.403426170349121, 118.50312042236328, 32.48982620239258)","(-6.316201686859131, 118.14175415039062, 32.35830307006836)",POINT (0.4775988608598709 0.4480472505092621),,,,,,,,,,,,,,,,,,,,,,,,,,,,1,
0,13,5,408079366610,2236207712,1,1,"(0.470719575881958, 0.4398256540298462)","(0.49091750383377075, 0.4592231810092926)",1,1,2.224960327148437,2.232391357421875,"(-50.432708740234375, 29.91375732421875, 528.4848022460938)","(11.181310653686523, 25.751134872436523, 529.108642578125)","(-11.73677921295166, 119.82401275634766, 32.97056579589844)","(-4.757878303527832, 116.28131103515625, 31.68113136291504)",POINT (0.4808185398578644 0.4495244175195694),,,,,,,,,,,,,,,,,,,,,,,,,,,,1,
0,13,5,408079383277,2236224379,1,1,"(0.4731026887893677, 0.4402770400047302)","(0.49047547578811646, 0.459477037191391)",1,1,2.189117431640625,2.2393341064453125,"(-50.394805908203125, 29.943260192871094, 528.474365234375)","(11.21962833404541, 25.76038360595703, 529.0996704101562)","(-10.913351058959961, 119.74156951904297, 32.94057846069336)","(-4.910621166229248, 116.23494720458984, 31.664255142211914)",POINT (0.4817890822887421 0.4498770385980606),,,,,,,,,,,,,,,,,,,,,,,,,,,,1,
0,13,5,408079399945,2236241046,1,1,"(0.4756958782672882, 0.4464488923549652)","(0.4893643260002136, 0.45977118611335754)",1,1,2.1963348388671875,2.217559814453125,"(-50.36756134033203, 29.973758697509766, 528.56494140625)","(11.253785133361816, 25.77423667907715, 529.137939453125)","(-10.017338752746582, 118.61434936523438, 32.530311584472656)","(-5.294555187225342, 116.18122100830078, 31.64472007751465)",POINT (0.4825301021337509 0.4531100392341614),,,,,,,,,,,,,,,,,,,,,,,,,,,,1,
0,13,5,408079416611,2236257712,1,1,"(0.46490925550460815, 0.4480467140674591)","(0.48699691891670227, 0.46566417813301086)",1,1,2.226837158203125,2.23577880859375,"(-50.33219909667969, 30.00088119506836, 528.5772705078125)","(11.288322448730469, 25.79879379272461, 529.18310546875)","(-13.744400978088379, 118.3225326538086, 32.42409896850586)","(-6.112562656402588, 115.10494232177734, 31.252981185913086)",POINT (0.4759530872106552 0.456855446100235),,,,,,,,,,,,,,,,,,,,,,,,,,,,1,
0,13,5,408079433283,2236274383,1,1,"(0.4709247350692749, 0.44757336378097534)","(0.4884551763534546, 0.4569675624370575)",1,1,2.198760986328125,2.235336303710937,"(-50.304595947265625, 30.01495933532715, 528.5264892578125)","(11.320701599121094, 25.812740325927734, 529.2985229492188)","(-11.665895462036133, 118.40898895263672, 32.45554733276367)","(-5.608676433563232, 116.69326782226562, 31.831069946289062)",POINT (0.4796899557113648 0.4522704631090164),,,,,,,,,,,,,,,,,,,,,,,,,,,,1,
0,13,5,408079449950,2236291050,1,1,"(0.47252631187438965, 0.45280125737190247)","(0.48281070590019226, 0.45917490124702454)",1,1,2.1853485107421875,2.224700927734375,"(-50.28944396972656, 30.023836135864258, 528.4898071289062)","(11.340276718139648, 25.826414108276367, 529.446044921875)","(-11.112505912780762, 117.45419311523438, 32.1080322265625)","(-7.55899715423584, 116.29011535644531, 31.684370040893555)",POINT (0.477668508887291 0.4559880793094635),,,,,,,,,,,,,,,,,,,,,,,,,,,,1,
0,13,5,408079466617,2236307716,1,1,"(0.47209829092025757, 0.4476010501384735)","(0.48174530267715454, 0.4666648209095001)",1,1,2.182830810546875,2.24261474609375,"(-50.27912139892578, 30.02383804321289, 528.483154296875)","(11.351127624511719, 25.813556671142578, 529.3677978515625)","(-11.260406494140625, 118.40393829345703, 32.45372009277344)","(-7.927123069763184, 114.92220306396484, 31.18645477294922)",POINT (0.476921796798706 0.4571329355239868),,,,,,,,,,,,,,,,,,,,,,,,,,,,1,
0,13,5,408079483284,2236324383,1,1,"(0.4716569483280182, 0.45956045389175415)","(0.4848470687866211, 0.4645390212535858)",1,1,2.2064971923828125,2.220794677734375,"(-50.28477096557617, 30.02696990966797, 528.544921875)","(11.351831436157227, 25.81407928466797, 529.3754272460938)","(-11.41290283203125, 116.21971130371094, 31.658737182617188)","(-6.855366230010986, 115.31043243408203, 31.32779312133789)",POINT (0.4782520085573196 0.46204973757267),,,,,,,,,,,,,,,,,,,,,,,,,,,,1,
0,13,5,408079499952,2236341050,1,1,"(0.48163896799087524, 0.44515261054039)","(0.49253085255622864, 0.4639985263347626)",1,1,2.19940185546875,2.2323760986328125,"(-50.24845886230469, 30.02337074279785, 528.4719848632812)","(11.386041641235352, 25.850069046020508, 529.6311645507812)","(-7.963859558105469, 118.85111236572266, 32.6164665222168)","(-4.200438499450684, 115.40916442871094, 31.36369514465332)",POINT (0.4870849102735519 0.4545755684375763),,,,,,,,,,,,,,,,,,,,,,,,,,,,1,
0,13,5,408079516618,2236357716,1,1,"(0.47900840640068054, 0.44794154167175293)","(0.490111380815506, 0.46224579215049744)",1,1,2.195159912109375,2.23760986328125,"(-50.245750427246094, 30.012113571166992, 528.4887084960938)","(11.387951850891113, 25.846019744873047, 529.592041015625)","(-8.872787475585938, 118.34174346923828, 32.43109130859375)","(-5.0364251136779785, 115.72927856445312, 31.480209350585938)",POINT (0.4845598936080933 0.4550936669111252),,,,,,,,,,,,,,,,,,,,,,,,,,,,1,
0,13,5,408079533286,2236374383,1,1,"(0.4739041328430176, 0.445654958486557)","(0.49069344997406006, 0.457923024892807)",1,1,2.203277587890625,2.250823974609375,"(-50.237606048583984, 29.993152618408203, 528.411865234375)","(11.390463829040527, 25.835750579833984, 529.584228515625)","(-10.636435508728027, 118.75936889648438, 32.58308792114258)","(-4.835301876068115, 116.51876068115234, 31.767574310302734)",POINT (0.4822987914085388 0.451788991689682),,,,,,,,,,,,,,,,,,,,,,,,,,,,1,
0,13,5,408079549953,2236391050,1,1,"(0.4718674421310425, 0.44667676091194153)","(0.4881591200828552, 0.46344050765037537)",1,1,2.1966552734375,2.23406982421875,"(-50.237213134765625, 29.978994369506836, 528.3969116210938)","(11.392550468444824, 25.82093048095703, 529.5375366210938)","(-11.340169906616211, 118.57275390625, 32.515167236328125)","(-5.7109880447387695, 115.51106262207031, 31.400802612304688)",POINT (0.4800132811069488 0.4550586342811584),,,,,,,,,,,,,,,,,,,,,,,,,,,,1,
0,13,5,408079566623,2236407719,1,1,"(0.470795601606369, 0.43616318702697754)","(0.4832630455493927, 0.4532085061073303)",1,1,2.2022705078125,2.2288970947265625,"(-50.23326110839844, 29.960296630859375, 528.3980712890625)","(11.399345397949219, 25.805387496948242, 529.5219116210938)","(-11.710515975952148, 120.49291229248047, 33.21403884887695)","(-7.402685642242432, 117.37979888916016, 32.08094787597656)",POINT (0.4770293235778809 0.4446858465671539),,,,,,,,,,,,,,,,,,,,,,,,,,,,,
0,13,5,408079583290,2236424386,1,1,"(0.4749862849712372, 0.439632773399353)","(0.48618370294570923, 0.4637250602245331)",1,1,2.1801300048828125,2.2369537353515625,"(-50.22526931762695, 29.93454933166504, 528.3603515625)","(11.405445098876953, 25.786821365356445, 529.5450439453125)","(-10.262524604797363, 119.8592300415039, 32.98340606689453)","(-6.3935322761535645, 115.45909881591797, 31.381855010986328)",POINT (0.4805849939584732 0.451678916811943),,,,,,,,,,,,,,,,,,,,,,,,,,,,1,
0,13,5,408079599958,2236441053,1,1,"(0.47587019205093384, 0.4405730962753296)","(0.4846382439136505, 0.452723890542984)",1,1,2.191802978515625,2.22998046875,"(-50.21844482421875, 29.92082405090332, 528.337646484375)","(11.412348747253418, 25.778413772583008, 529.5286865234375)","(-9.957109451293945, 119.68750762939453, 32.920860290527344)","(-6.927525520324707, 117.46831512451172, 32.113182067871094)",POINT (0.4802542179822922 0.4466484934091568),,,,,,,,,,,,,,,,,,,,,,,,,,,,1,
0,13,5,408079616624,2236457719,1,1,"(0.47754043340682983, 0.4394640624523163)","(0.48879480361938477, 0.4634179472923279)",1,1,2.197967529296875,2.2264556884765625,"(-50.207000732421875, 29.9107723236084, 528.3316650390625)","(11.423620223999023, 25.787307739257812, 529.55224609375)","(-9.379992485046387, 119.89005279541016, 32.994590759277344)","(-5.491330623626709, 115.51519775390625, 31.40228843688965)",POINT (0.4831676185131073 0.4514410048723221),,,,,,,,,,,,,,,,,,,,,,,,,,,,1,
0,13,5,408079633292,2236474386,1,1,"(0.47682902216911316, 0.4389568567276001)","(0.48882248997688293, 0.4527071416378021)",1,1,2.199432373046875,2.2303009033203125,"(-50.191246032714844, 29.910945892333984, 528.2794189453125)","(11.430776596069336, 25.791149139404297, 529.5521850585938)","(-9.625804901123047, 119.98268127441406, 33.028343200683594)","(-5.481771945953369, 117.47137451171875, 32.11428451538086)",POINT (0.482825756072998 0.4458319991827011),,,,,,,,,,,,,,,,,,,,,,,,,,,,1,
0,13,5,408079649959,2236491053,1,1,"(0.4759051501750946, 0.4416588842868805)","(0.4862954616546631, 0.4555782675743103)",1,1,2.1947784423828125,2.241668701171875,"(-50.18682098388672, 29.92772674560547, 528.3426513671875)","(11.44025993347168, 25.802711486816406, 529.505126953125)","(-9.945045471191406, 119.48918914794922, 32.848724365234375)","(-6.354923725128174, 116.94701385498047, 31.923429489135742)",POINT (0.4811003059148788 0.4486185759305954),,,,,,,,,,,,,,,,,,,,,,,,,,,,1,
0,13,5,408079666626,2236507719,1,1,"(0.47331228852272034, 0.4312223792076111)","(0.4905429184436798, 0.46027007699012756)",1,1,2.1754150390625,2.219940185546875,"(-50.175750732421875, 29.94641876220703, 528.3126220703125)","(11.451421737670898, 25.818927764892578, 529.489013671875)","(-10.840935707092285, 121.3952865600586, 33.5424919128418)","(-4.887322425842285, 116.0901107788086, 31.611530303955078)",POINT (0.4819276034832001 0.4457462280988693),,,,,,,,,,,,,,,,,,,,,,,,,,,,1,
0,13,5,408079683293,2236524386,1,1,"(0.47641775012016296, 0.44248059391975403)","(0.4892984926700592, 0.46228665113449097)",1,1,2.193817138671875,2.26287841796875,"(-50.15851974487305, 29.966754913330078, 528.3145751953125)","(11.467771530151367, 25.831890106201172, 529.4418334960938)","(-9.767915725708008, 119.33911895751953, 32.79409408569336)","(-5.317306995391846, 115.72180938720703, 31.477500915527344)",POINT (0.4828581213951111 0.4523836225271225),,,,,,,,,,,,,,,,,,,,,,,,,,,,1,
0,13,5,408079699967,2236541059,1,1,"(0.47730937600135803, 0.44668763875961304)","(0.4857039451599121, 0.45403555035591125)",1,1,2.1974334716796875,2.2130279541015625,"(-50.14541244506836, 29.98219108581543, 528.3160400390625)","(11.482551574707031, 25.840478897094727, 529.386962890625)","(-9.459836959838867, 118.57075500488281, 32.51444625854492)","(-6.559316635131836, 117.22876739501953, 32.02598190307617)",POINT (0.4815066605806351 0.4503615945577622),,,,,,,,,,,,,,,,,,,,,,,,,,,,1,
0,13,5,408079716633,2236557725,1,1,"(0.4787392020225525, 0.4481380879878998)","(0.48524197936058044, 0.4494040310382843)",1,1,2.1885223388671875,2.212890625,"(-50.118255615234375, 29.983509063720703, 528.2896118164062)","(11.507219314575195, 25.848527908325195, 529.4093017578125)","(-8.965795516967773, 118.30586242675781, 32.41801834106445)","(-6.718916893005371, 118.07464599609375, 32.333866119384766)",POINT (0.4819905906915665 0.448771059513092),,,,,,,,,,,,,,,,,,,,,,,,,,,,1,
0,13,5,408079733301,2236574392,1,1,"(0.479011595249176, 0.44550809264183044)","(0.4858682155609131, 0.4686104655265808)",1,1,2.2147979736328125,2.2497100830078125,"(-50.097801208496094, 29.99465560913086, 528.3236083984375)","(11.542013168334961, 25.86217498779297, 529.4083251953125)","(-8.871681213378906, 118.78618621826172, 32.59284210205078)","(-6.502532482147217, 114.56684112548828, 31.0571346282959)",POINT (0.4824399054050446 0.4570592790842056),,,,,,,,,,,,,,,,,,,,,,,,,,,,1,
0,13,5,408079749968,2236591059,1,1,"(0.47565045952796936, 0.4469697177410126)","(0.48579898476600647, 0.4645979702472687)",1,1,2.220794677734375,2.244613647460937,"(-50.07164001464844, 30.010011672973633, 528.3817749023438)","(11.571577072143555, 25.873184204101562, 529.4385375976562)","(-10.03304386138916, 118.51924133300781, 32.49570083618164)","(-6.5264739990234375, 115.2996826171875, 31.32386589050293)",POINT (0.4807247221469879 0.4557838439941406),,,,,,,,,,,,,,,,,,,,,,,,,,,,1,
0,13,5,408079766635,2236607725,1,1,"(0.4755845069885254, 0.44943156838417053)","(0.49374470114707947, 0.47051724791526794)",1,1,2.2251739501953125,2.256942749023437,"(-50.037742614746094, 30.02557373046875, 528.355712890625)","(11.600820541381836, 25.88814353942871, 529.4683837890625)","(-10.055831909179688, 118.06961059570312, 32.332027435302734)","(-3.7810158729553223, 114.21858978271484, 30.930376052856445)",POINT (0.4846646040678024 0.4599744081497192),,,,,,,,,,,,,,,,,,,,,,,,,,,,1,
0,13,5,408079783302,2236624392,1,1,"(0.4583478569984436, 0.44683173298835754)","(0.4729830324649811, 0.46928808093070984)",1,1,2.220062255859375,2.23248291015625,"(-50.04853057861328, 30.037494659423828, 528.3470458984375)","(11.562350273132324, 25.884658813476562, 529.18212890625)","(-16.01152801513672, 118.54444122314453, 32.50486373901367)","(-10.954699516296387, 114.44308471679688, 31.0120849609375)",POINT (0.4656654447317123 0.4580599069595337),,,,,,,,,,,,,,,,,,,,,,,,,,,,1,
0,13,5,408079799970,2236641059,1,1,"(0.4560771584510803, 0.44608479738235474)","(0.47761622071266174, 0.46447324752807617)",1,1,2.208282470703125,2.2102203369140625,"(-50.01634979248047, 30.054763793945312, 528.3212890625)","(11.585975646972656, 25.886335372924805, 528.9949340820312)","(-16.79610252380371, 118.68084716796875, 32.554500579833984)","(-9.353808403015137, 115.32244873046875, 31.33214569091797)",POINT (0.466846689581871 0.4552790224552154),,,,,,,,,,,,,,,,,,,,,,,,,,,,1,
0,13,5,408079816636,2236657725,1,1,"(0.4554305970668793, 0.4362395405769348)","(0.4747614860534668, 0.4596957266330719)",1,1,2.178192138671875,2.212432861328125,"(-49.974517822265625, 30.063556671142578, 528.34423828125)","(11.635772705078125, 25.882652282714844, 529.001220703125)","(-17.019515991210938, 120.47895812988281, 33.208961486816406)","(-10.340203285217285, 116.19501495361328, 31.649715423583984)",POINT (0.465096041560173 0.4479676336050034),,,,,,,,,,,,,,,,,,,,,,,,,,,,,
0,13,5,408079833310,2236674398,1,1,"(0.4573685824871063, 0.4426257312297821)","(0.47996002435684204, 0.4633098542690277)",1,1,2.19281005859375,2.2082672119140625,"(-49.930057525634766, 30.066635131835938, 528.2410888671875)","(11.678407669067383, 25.869068145751953, 528.89892578125)","(-16.349889755249023, 119.31261444091797, 32.78445816040039)","(-8.543968200683594, 115.53491973876953, 31.409482955932617)",POINT (0.4686643034219742 0.4529677927494049),,,,,,,,,,,,,,,,,,,,,,,,,,,,1,
0,13,5,408079849977,2236691065,1,1,"(0.45910605788230896, 0.43506744503974915)","(0.4850103557109833, 0.45289063453674316)",1,1,2.197860717773437,2.205413818359375,"(-49.892120361328125, 30.063283920288086, 528.1919555664062)","(11.7169189453125, 25.862468719482422, 528.9282836914062)","(-15.749551773071289, 120.69303131103516, 33.2868766784668)","(-6.798954486846924, 117.4378662109375, 32.10207748413086)",POINT (0.4720582067966461 0.4439790397882462),,,,,,,,,,,,,,,,,,,,,,,,,,,,,
0,13,5,408079866644,2236707731,1,1,"(0.4617549777030945, 0.44000953435897827)","(0.4791969656944275, 0.4600999355316162)",1,1,2.2084503173828125,2.210906982421875,"(-49.860923767089844, 30.05740737915039, 528.1651611328125)","(11.754199981689453, 25.85731315612793, 528.94287109375)","(-14.834282875061035, 119.7904281616211, 32.958343505859375)","(-8.807621955871582, 116.12118530273438, 31.622846603393555)",POINT (0.470475971698761 0.4500547349452972),,,,,,,,,,,,,,,,,,,,,,,,,,,,1,
0,13,5,408079883311,2236724398,1,1,"(0.45936721563339233, 0.43940526247024536)","(0.4754800498485565, 0.4635215401649475)",1,1,2.1992950439453125,2.2060089111328125,"(-49.84355926513672, 30.046058654785156, 528.199462890625)","(11.782970428466797, 25.831392288208008, 528.8720092773438)","(-15.659306526184082, 119.90079498291016, 32.99851989746094)","(-10.091924667358398, 115.49626922607422, 31.395416259765625)",POINT (0.4674236327409744 0.4514634013175964),,,,,,,,,,,,,,,,,,,,,,,,,,,,1,
0,13,5,408079899978,2236741064,1,1,"(0.4551774263381958, 0.4480874538421631)","(0.4772786796092987, 0.45541301369667053)",1,1,2.2092742919921875,2.202133178710937,"(-49.826873779296875, 30.041183471679688, 528.1468505859375)","(11.79452896118164, 25.82093048095703, 528.7552490234375)","(-17.106979370117188, 118.31509399414062, 32.421390533447266)","(-9.47045612335205, 116.97718811035156, 31.934436798095703)",POINT (0.4662280529737472 0.4517502337694168),,,,,,,,,,,,,,,,,,,,,,,,,,,,1,
0,13,5,408079916645,2236757731,1,1,"(0.4563104510307312, 0.44726768136024475)","(0.4777439534664154, 0.471792072057724)",1,1,2.208648681640625,2.240097045898437,"(-49.821533203125, 30.04212188720703, 528.171142578125)","(11.80917739868164, 25.833396911621094, 528.879150390625)","(-16.715497970581055, 118.46481323242188, 32.47588348388672)","(-9.309691429138184, 113.98576354980469, 30.84565544128418)",POINT (0.4670272022485733 0.4595298767089844),,,,,,,,,,,,,,,,,,,,,,,,,,,,1,
0,13,5,408079933313,2236774398,1,1,"(0.462364137172699, 0.44850558042526245)","(0.47514259815216064, 0.4597886800765991)",1,1,2.1939849853515625,2.212554931640625,"(-49.817283630371094, 30.049091339111328, 528.195556640625)","(11.814315795898438, 25.840456008911133, 528.902099609375)","(-14.623796463012695, 118.23873901367188, 32.39358901977539)","(-10.20850658416748, 116.17802429199219, 31.6435546875)",POINT (0.4687533676624298 0.4541471302509308),,,,,,,,,,,,,,,,,,,,,,,,,,,,1,
0,13,5,408079949979,2236791064,1,1,"(0.45837435126304626, 0.4382787048816681)","(0.4739369750022888, 0.47092771530151367)",1,1,2.204345703125,2.22760009765625,"(-49.81507873535156, 30.04979133605957, 528.1961669921875)","(11.813081741333008, 25.84612274169922, 528.840087890625)","(-16.00236701965332, 120.1065444946289, 33.073402404785156)","(-10.625091552734375, 114.14363861083984, 30.903093338012695)",POINT (0.4661556631326675 0.4546032100915909),,,,,,,,,,,,,,,,,,,,,,,,,,,,1,
0,13,5,408079966650,2236807734,1,1,"(0.45703384280204773, 0.44660741090774536)","(0.4758855998516083, 0.460761696100235)",1,1,2.211212158203125,2.1795806884765625,"(-49.81233215332031, 30.063940048217773, 528.21240234375)","(11.815311431884766, 25.861236572265625, 528.8551025390625)","(-16.465566635131836, 118.58541107177734, 32.51978302001953)","(-9.951793670654297, 116.00032806396484, 31.578893661499023)",POINT (0.466459721326828 0.4536845535039902),,,,,,,,,,,,,,,,,,,,,,,,,,,,1,
0,13,5,408079983317,2236824401,1,1,"(0.4594069719314575, 0.4444977343082428)","(0.47580957412719727, 0.46521061658859253)",1,1,2.2003173828125,2.2020263671875,"(-49.8033561706543, 30.065303802490234, 528.213623046875)","(11.823777198791504, 25.863313674926758, 528.8082885742188)","(-15.645574569702148, 118.97071838378906, 32.659996032714844)","(-9.978056907653809, 115.18777465820312, 31.28314208984375)",POINT (0.4676082730293274 0.4548541754484177),,,,,,,,,,,,,,,,,,,,,,,,,,,,1,
0,13,5,408079999984,2236841067,1,1,"(0.4564872682094574, 0.44970008730888367)","(0.47755879163742065, 0.47065848112106323)",1,1,2.203842163085937,2.203582763671875,"(-49.79887390136719, 30.080806732177734, 528.237548828125)","(11.824236869812012, 25.882558822631836, 528.7769165039062)","(-16.65440559387207, 118.02058410644531, 32.31417465209961)","(-9.373662948608398, 114.19280242919922, 30.92096710205078)",POINT (0.467023029923439 0.4601792842149734),,,,,,,,,,,,,,,,,,,,,,,,,,,,1,
0,13,5,408080016651,2236857734,1,1,"(0.46194273233413696, 0.4532100558280945)","(0.47666022181510925, 0.4725953936576843)",1,1,2.2127838134765625,2.19677734375,"(-49.79264831542969, 30.097576141357422, 528.27001953125)","(11.837241172790527, 25.905941009521484, 528.8460693359375)","(-14.769403457641602, 117.37953186035156, 32.08085632324219)","(-9.6841402053833, 113.83905029296875, 30.792238235473633)",POINT (0.4693014770746231 0.4629027247428894),,,,,,,,,,,,,,,,,,,,,,,,,,,,1,
0,13,5,408080033319,2236874401,1,1,"(0.45907318592071533, 0.4449136257171631)","(0.4764808714389801, 0.4829634130001068)",1,1,2.220932006835937,2.2341461181640625,"(-49.78672409057617, 30.112001419067383, 528.2865600585938)","(11.845739364624023, 25.917348861694336, 528.8463134765625)","(-15.760897636413574, 118.894775390625, 32.63233184814453)","(-9.746101379394531, 111.9454574584961, 30.10303497314453)",POINT (0.4677770286798477 0.463938519358635),,,,,,,,,,,,,,,,,,,,,,,,,,,,1,
0,13,5,408080049985,2236891067,1,1,"(0.41643795371055603, 0.4499463438987732)","(0.4184381365776062, 0.4852249324321747)",1,1,2.2035675048828125,2.1976470947265625,"(-49.887359619140625, 30.105602264404297, 528.2711181640625)","(11.74738597869873, 25.95935821533203, 529.19189453125)","(-30.492446899414062, 117.97560119628906, 32.29781723022461)","(-29.801342010498047, 111.53243255615234, 29.95268440246582)",POINT (0.4174380451440811 0.4675856381654739),,,,,,,,,,,,,,,,,,,,,,,,,,,,,
0,13,5,408080066653,2236907734,1,1,"(0.43422698974609375, 0.4575379192829132)","(0.43410253524780273, 0.4768051207065582)",1,1,2.207870483398437,2.19183349609375,"(-49.90999221801758, 30.082910537719727, 528.2835693359375)","(11.731390953063965, 25.95123291015625, 529.160888671875)","(-24.34589195251465, 116.58909606933594, 31.79316520690918)","(-24.38889503479004, 113.07019805908203, 30.512409210205078)",POINT (0.4341647624969482 0.4671715199947357),,,,,,,,,,,,,,,,,,,,,,,,,,,,1,
0,13,5,408080083320,2236924401,1,1,"(0.4300340712070465, 0.4694853723049164)","(0.4282422363758087, 0.47426971793174744)",1,1,2.2098846435546875,2.20709228515625,"(-49.901573181152344, 30.07561492919922, 528.27685546875)","(11.751493453979492, 25.931838989257812, 529.222412109375)","(-25.794647216796875, 114.40705871582031, 30.998958587646484)","(-26.413782119750977, 113.53324890136719, 30.680938720703125)",POINT (0.4291381537914276 0.4718775451183319),,,,,,,,,,,,,,,,,,,,,,,,,,,,1,
0,13,5,408080099990,2236941070,1,1,"(0.43004971742630005, 0.45577272772789)","(0.4283464252948761, 0.47561463713645935)",1,1,2.2101287841796875,2.211456298828125,"(-49.90948486328125, 30.087444305419922, 528.2677001953125)","(11.742944717407227, 25.932641983032227, 529.230712890625)","(-25.789236068725586, 116.91148376464844, 31.910524368286133)","(-26.37776756286621, 113.28762817382812, 30.59153175354004)",POINT (0.4291980713605881 0.4656936824321747),,,,,,,,,,,,,,,,,,,,,,,,,,,,,
0,13,5,408080116656,2236957736,1,1,"(0.4291951656341553, 0.4591277837753296)","(0.4253683388233185, 0.4856051504611969)",1,1,2.228057861328125,2.2179107666015625,"(-49.90864944458008, 30.08843421936035, 528.2756958007812)","(11.751118659973145, 25.927370071411133, 529.1678466796875)","(-26.084514617919922, 116.29873657226562, 31.687480926513672)","(-27.406774520874023, 111.4629898071289, 29.927413940429688)",POINT (0.4272817522287369 0.4723664671182632),,,,,,,,,,,,,,,,,,,,,,,,,,,,1,
0,13,5,408080133324,2236974403,1,1,"(0.4305298328399658, 0.45704182982444763)","(0.4310811161994934, 0.47943007946014404)",1,1,2.239364624023437,2.2019500732421875,"(-49.89668273925781, 30.09413719177246, 528.2462768554688)","(11.766816139221191, 25.924232482910156, 529.1443481445312)","(-25.62334632873535, 116.6797103881836, 31.826133728027344)","(-25.432880401611328, 112.59078216552734, 30.3378963470459)",POINT (0.4308054745197296 0.4682359546422958),,,,,,,,,,,,,,,,,,,,,,,,,,,,1,
0,13,5,408080149990,2236991069,1,1,"(0.42859864234924316, 0.4529009461402893)","(0.42688989639282227, 0.4841756820678711)",1,1,2.199691772460937,2.226104736328125,"(-49.888492584228516, 30.106605529785156, 528.2793579101562)","(11.77560043334961, 25.924606323242188, 529.0892944335938)","(-26.29063606262207, 117.43598937988281, 32.10140609741211)","(-26.88105010986328, 111.72406768798828, 30.022445678710938)",POINT (0.4277442693710327 0.4685383141040802),,,,,,,,,,,,,,,,,,,,,,,,,,,,1,
0,13,5,408080166658,2237007736,1,1,"(0.4287218749523163, 0.46327686309814453)","(0.4276543855667114, 0.4784221649169922)",1,1,2.2167510986328125,2.2230377197265625,"(-49.878387451171875, 30.12090492248535, 528.240478515625)","(11.791193962097168, 25.936378479003906, 529.1041259765625)","(-26.2480411529541, 115.54094696044922, 31.41167449951172)","(-26.616897583007812, 112.77486419677734, 30.404916763305664)",POINT (0.4281881302595138 0.4708495140075684),,,,,,,,,,,,,,,,,,,,,,,,,,,,1,
0,13,5,408080183325,2237024403,1,1,"(0.4275696873664856, 0.467739462852478)","(0.43005692958831787, 0.48445045948028564)",1,1,2.2371826171875,2.2343902587890625,"(-49.86902618408203, 30.123645782470703, 528.2410888671875)","(11.801777839660645, 25.932235717773438, 529.0960693359375)","(-26.646162033081055, 114.7259292602539, 31.115013122558594)","(-25.786758422851562, 111.67388153076172, 30.00417709350586)",POINT (0.4288133084774017 0.4760949611663818),,,,,,,,,,,,,,,,,,,,,,,,,,,,1,
0,13,5,408080199992,2237041069,1,1,"(0.42631617188453674, 0.45873886346817017)","(0.4302487373352051, 0.480825811624527)",1,1,2.245468139648437,2.215072631835937,"(-49.867393493652344, 30.12268829345703, 528.2183227539062)","(11.804791450500488, 25.931718826293945, 529.0960083007812)","(-27.07927703857422, 116.36976623535156, 31.713333129882812)","(-25.72049331665039, 112.33586883544922, 30.2451171875)",POINT (0.4282824546098709 0.4697823375463486),,,,,,,,,,,,,,,,,,,,,,,,,,,,1,
0,13,5,408080216659,2237057736,1,1,"(0.42480188608169556, 0.4734867513179779)","(0.4287727177143097, 0.4822533130645752)",1,1,2.2628631591796875,2.224594116210937,"(-49.875205993652344, 30.1167049407959, 528.2017211914062)","(11.794684410095215, 25.92377471923828, 529.0260620117188)","(-27.602508544921875, 113.67625427246094, 30.732994079589844)","(-26.230485916137695, 112.07515716552734, 30.150230407714844)",POINT (0.4267873018980026 0.4778700321912766),,,,,,,,,,,,,,,,,,,,,,,,,,,,1,
0,13,5,408080233335,2237074411,1,1,"(0.42623189091682434, 0.45982566475868225)","(0.42728522419929504, 0.47638800740242004)",1,1,2.237762451171875,2.2241668701171875,"(-49.88526153564453, 30.115949630737305, 528.2001953125)","(11.789485931396484, 25.929832458496094, 529.0265502929688)","(-27.1084041595459, 116.17127227783203, 31.641111373901367)","(-26.744447708129883, 113.14636993408203, 30.540128707885742)",POINT (0.4267585575580597 0.4681068360805512),,,,,,,,,,,,,,,,,,,,,,,,,,,,1,
0,13,5,408080250001,2237091077,1,1,"(0.42277246713638306, 0.4610767662525177)","(0.4297838509082794, 0.4775893986225128)",1,1,2.2299041748046875,2.226837158203125,"(-49.89344787597656, 30.104297637939453, 528.1290893554688)","(11.775735855102539, 25.927404403686523, 529.011474609375)","(-28.303726196289062, 115.94277954101562, 31.557918548583984)","(-25.881113052368164, 112.92696380615234, 30.460254669189453)",POINT (0.4262781590223312 0.4693330824375153),,,,,,,,,,,,,,,,,,,,,,,,,,,,1,
0,13,5,408080266669,2237107744,1,1,"(0.42366066575050354, 0.4669201970100403)","(0.4277385175228119, 0.48184067010879517)",1,1,2.2292938232421875,2.24005126953125,"(-49.91341018676758, 30.119518280029297, 528.1881103515625)","(11.761347770690918, 25.945411682128906, 529.0353393554688)","(-27.99683380126953, 114.87556457519531, 31.16947364807129)","(-26.587825775146484, 112.15052795410156, 30.17764663696289)",POINT (0.4256995916366577 0.4743804335594177),,,,,,,,,,,,,,,,,,,,,,,,,,,,1,
0,13,5,408080283336,2237124411,1,1,"(0.42382991313934326, 0.4696030020713806)","(0.4320414364337921, 0.4807933568954468)",1,1,2.2455596923828125,2.2313690185546875,"(-49.92228698730469, 30.13815689086914, 528.1780395507812)","(11.750447273254395, 25.971221923828125, 529.06640625)","(-27.938339233398438, 114.38558197021484, 30.991130828857422)","(-25.101051330566406, 112.34178924560547, 30.24728012084961)",POINT (0.4279356747865677 0.4751981794834137),,,,,,,,,,,,,,,,,,,,,,,,,,,,1,
0,13,5,408080300003,2237141077,1,1,"(0.4096483886241913, 0.46550193428993225)","(0.4116840362548828, 0.49091795086860657)",1,1,2.253662109375,2.2589874267578125,"(-49.96841812133789, 30.141584396362305, 528.1944580078125)","(11.70088005065918, 25.999195098876953, 529.2861328125)","(-32.838417053222656, 115.13457489013672, 31.263763427734375)","(-32.135047912597656, 110.49267578125, 29.57425880432129)",POINT (0.410666212439537 0.4782099425792694),,,,,,,,,,,,,,,,,,,,,,,,,,,,1,
0,13,5,408080316670,2237157744,1,1,"(0.42162591218948364, 0.46986737847328186)","(0.4190328121185303, 0.4924219846725464)",1,1,2.2359161376953125,2.252105712890625,"(-49.957462310791016, 30.14498519897461, 528.1568603515625)","(11.701786041259766, 26.015384674072266, 529.2393798828125)","(-28.69988250732422, 114.3372802734375, 30.97359275817871)","(-29.595855712890625, 110.21797943115234, 29.474288940429688)",POINT (0.420329362154007 0.4811446815729141),,,,,,,,,,,,,,,,,,,,,,,,,,,,1,
0,13,5,408080333337,2237174411,1,1,"(0.4237267076969147, 0.46079838275909424)","(0.4126499593257904, 0.4943467676639557)",1,1,2.234359741210937,2.2690887451171875,"(-49.96284484863281, 30.15372085571289, 528.1320190429688)","(11.704583168029785, 26.013004302978516, 529.2008056640625)","(-27.974000930786133, 115.99362182617188, 31.5764217376709)","(-31.80130958557129, 109.86646270751953, 29.3463134765625)",POINT (0.4181883335113525 0.477572575211525),,,,,,,,,,,,,,,,,,,,,,,,,,,,1,
0,13,5,408080350007,2237191081,1,1,"(0.4183591604232788, 0.4629533588886261)","(0.4155421257019043, 0.48654332756996155)",1,1,2.2346954345703125,2.2519989013671875,"(-49.956790924072266, 30.16021156311035, 528.1250610351562)","(11.706934928894043, 26.027542114257812, 529.2394409179688)","(-29.82862091064453, 115.60003662109375, 31.433185577392578)","(-30.801979064941406, 111.29164123535156, 29.865070343017578)",POINT (0.4169506430625916 0.4747483432292938),,,,,,,,,,,,,,,,,,,,,,,,,,,,1,
0,13,5,408080366675,2237207748,1,1,"(0.4168510437011719, 0.46766024827957153)","(0.41886311769485474, 0.49750325083732605)",1,1,2.2520751953125,2.255157470703125,"(-49.95652770996094, 30.17338752746582, 528.1640014648438)","(11.712103843688965, 26.0300235748291, 529.2628173828125)","(-30.3497314453125, 114.74038696289062, 31.120304107666016)","(-29.65450668334961, 109.28996276855469, 29.136499404907227)",POINT (0.4178570806980133 0.4825817495584488),,,,,,,,,,,,,,,,,,,,,,,,,,,,1,
0,13,5,408080383342,2237224415,1,1,"(0.42038917541503906, 0.46098071336746216)","(0.4144710898399353, 0.4967457056045532)",1,1,2.2511138916015625,2.2712860107421875,"(-49.94873046875, 30.178403854370117, 528.1339721679688)","(11.714908599853516, 26.038694381713867, 529.2470703125)","(-29.127208709716797, 115.96033477783203, 31.564298629760742)","(-31.172056198120117, 109.4283218383789, 29.186853408813477)",POINT (0.4174301326274872 0.4788632094860077),,,,,,,,,,,,,,,,,,,,,,,,,,,,1,
0,13,5,408080400008,2237241081,1,1,"(0.42075464129447937, 0.4709804356098175)","(0.41444677114486694, 0.48590442538261414)",1,1,2.282745361328125,2.24530029296875,"(-49.95014190673828, 30.190536499023438, 528.2198486328125)","(11.72136402130127, 26.055931091308594, 529.3082275390625)","(-29.000938415527344, 114.13399505615234, 30.89960289001465)","(-31.180456161499023, 111.40834045410156, 29.907535552978516)",POINT (0.4176007062196732 0.4784424304962158),,,,,,,,,,,,,,,,,,,,,,,,,,,,1,
0,13,5,408080416676,2237257748,1,1,"(0.41565045714378357, 0.4622328579425812)","(0.4149492681026459, 0.4960245192050934)",1,1,2.245101928710937,2.250457763671875,"(-49.937477111816406, 30.19875144958496, 528.20654296875)","(11.727128982543945, 26.069116592407227, 529.2930908203125)","(-30.76456069946289, 115.73165130615234, 31.481054306030273)","(-31.006845474243164, 109.56002044677734, 29.234790802001953)",POINT (0.4152998626232147 0.4791286885738373),,,,,,,,,,,,,,,,,,,,,,,,,,,,1,
0,13,5,408080433343,2237274415,1,1,"(0.4204903244972229, 0.46918854117393494)","(0.41400346159935, 0.4994703531265259)",1,1,2.274993896484375,2.259307861328125,"(-49.9340934753418, 30.1977481842041, 528.2305297851562)","(11.73628044128418, 26.075851440429688, 529.3391723632812)","(-29.092256546020508, 114.46126556396484, 31.018693923950195)","(-31.333629608154297, 108.93069458007812, 29.00574493408203)",POINT (0.4172468930482864 0.4843294471502304),,,,,,,,,,,,,,,,,,,,,,,,,,,,1,
0,13,5,408080450010,2237291081,1,1,"(0.4166218340396881, 0.47200462222099304)","(0.4181320369243622, 0.5015923380851746)",1,1,2.2827301025390625,2.29681396484375,"(-49.92567825317383, 30.19467544555664, 528.2237548828125)","(11.739563941955566, 26.072383880615234, 529.26953125)","(-30.428918838500977, 113.94694519042969, 30.83149528503418)","(-29.907106399536133, 108.54314422607422, 28.864667892456055)",POINT (0.4173769354820252 0.4867984801530838),,,,,,,,,,,,,,,,,,,,,,,,,,,,1,
0,13,5,408080466677,2237307748,1,1,"(0.4160369634628296, 0.45238131284713745)","(0.4190433919429779, 0.5041787624359131)",1,1,2.2471466064453125,2.273895263671875,"(-49.925453186035156, 30.191448211669922, 528.25537109375)","(11.746434211730957, 26.07480239868164, 529.27685546875)","(-30.631006240844727, 117.53089141845703, 32.13594055175781)","(-29.592205047607422, 108.07076263427734, 28.6927490234375)",POINT (0.4175401777029038 0.4782800376415253),,,,,,,,,,,,,,,,,,,,,,,,,,,,1,
0,13,5,408080483349,2237324420,1,1,"(0.4186934232711792, 0.4671359062194824)","(0.41913163661956787, 0.4921981394290924)",1,1,2.2669219970703125,2.249618530273437,"(-49.925960540771484, 30.195043563842773, 528.277587890625)","(11.753662109375, 26.08101463317871, 529.2532958984375)","(-29.713138580322266, 114.83615112304688, 31.15516471862793)","(-29.561725616455078, 110.25887298583984, 29.4891414642334)",POINT (0.4189125299453735 0.4796670228242874),,,,,,,,,,,,,,,,,,,,,,,,,,,,1,
0,13,5,408080500015,2237341086,1,1,"(0.4188864827156067, 0.4713904559612274)","(0.42152124643325806, 0.49530693888664246)",1,1,2.287216186523437,2.2776336669921875,"(-49.910987854003906, 30.199661254882812, 528.2423095703125)","(11.763544082641602, 26.078290939331055, 529.1982421875)","(-29.646425247192383, 114.05912017822266, 30.87232208251953)","(-28.736051559448242, 109.69108581542969, 29.282499313354492)",POINT (0.4202038645744324 0.4833486974239349),,,,,,,,,,,,,,,,,,,,,,,,,,,,1,
0,13,5,408080516683,2237357753,1,1,"(0.41857436299324036, 0.46295520663261414)","(0.420661598443985, 0.4984322190284729)",1,1,2.25372314453125,2.2840576171875,"(-49.8966064453125, 30.20267677307129, 528.1666870117188)","(11.773361206054688, 26.082490921020508, 529.1828002929688)","(-29.754270553588867, 115.59969329833984, 31.433080673217773)","(-29.03307342529297, 109.12028503417969, 29.07476043701172)",POINT (0.4196179807186127 0.4806937128305435),,,,,,,,,,,,,,,,,,,,,,,,,,,,1,
0,13,5,408080533349,2237374419,1,1,"(0.4264937937259674, 0.4634891152381897)","(0.42871466279029846, 0.4833473563194275)",1,1,2.2823638916015625,2.271957397460937,"(-49.8543815612793, 30.20949935913086, 528.0713500976562)","(11.787766456604004, 26.083106994628906, 529.003662109375)","(-27.01790428161621, 115.502197265625, 31.397560119628906)","(-26.250545501708984, 111.87535095214844, 30.077518463134766)",POINT (0.4276042282581329 0.4734182357788086),,,,,,,,,,,,,,,,,,,,,,,,,,,,1,
0,13,5,408080550017,2237391086,1,1,"(0.4238182008266449, 0.45940688252449036)","(0.4286120533943176, 0.4945104718208313)",1,1,2.27301025390625,2.2691650390625,"(-49.84052276611328, 30.22690200805664, 528.1522216796875)","(11.808371543884277, 26.085866928100586, 529.0029296875)","(-27.942384719848633, 116.24774932861328, 31.668947219848633)","(-26.285999298095703, 109.8365478515625, 29.3354434967041)",POINT (0.4262151271104813 0.4769586771726608),,,,,,,,,,,,,,,,,,,,,,,,,,,,1,
0,13,5,408080566684,2237407753,1,1,"(0.42020711302757263, 0.4636036157608032)","(0.42541196942329407, 0.48759716749191284)",1,1,2.26849365234375,2.290145874023437,"(-49.81852340698242, 30.23174285888672, 528.1634521484375)","(11.839447021484375, 26.086959838867188, 529.056640625)","(-29.19011688232422, 115.48127746582031, 31.389934539794922)","(-27.391698837280273, 111.09917449951172, 29.795005798339844)",POINT (0.4228095412254334 0.475600391626358),,,,,,,,,,,,,,,,,,,,,,,,,,,,1,
0,13,5,408080583351,2237424419,1,1,"(0.4241778254508972, 0.4641455113887787)","(0.42673105001449585, 0.4938361644744873)",1,1,2.2611846923828125,2.28094482421875,"(-49.79383850097656, 30.230480194091797, 528.1519165039062)","(11.868134498596191, 26.091487884521484, 529.0554809570312)","(-27.818124771118164, 115.3823013305664, 31.35394287109375)","(-26.935930252075195, 109.95970153808594, 29.380273818969727)",POINT (0.4254544377326965 0.478990837931633),,,,,,,,,,,,,,,,,,,,,,,,,,,,1,
0,13,5,408080600018,2237441086,1,1,"(0.41819754242897034, 0.4529532492160797)","(0.42678335309028625, 0.49299484491348267)",1,1,2.28411865234375,2.289703369140625,"(-49.76707077026367, 30.2285099029541, 528.171630859375)","(11.898826599121094, 26.089235305786133, 529.0619506835938)","(-29.88447380065918, 117.42642974853516, 32.09795379638672)","(-26.91786003112793, 110.11336517333984, 29.436208724975586)",POINT (0.4224904477596283 0.4729740470647812),,,,,,,,,,,,,,,,,,,,,,,,,,,,1,
0,13,5,408080616691,2237457759,1,1,"(0.42021802067756653, 0.4596497118473053)","(0.42064496874809265, 0.48747918009757996)",1,1,2.272689819335937,2.265243530273437,"(-49.75135040283203, 30.237014770507812, 528.19775390625)","(11.922998428344727, 26.08928871154785, 529.0533447265625)","(-29.186344146728516, 116.20339965820312, 31.652795791625977)","(-29.038818359375, 111.12071990966797, 29.8028564453125)",POINT (0.4204314947128296 0.4735644459724426),,,,,,,,,,,,,,,,,,,,,,,,,,,,1,
0,13,5,408080633357,2237474425,1,1,"(0.4205252230167389, 0.4575706124305725)","(0.4237722158432007, 0.4911726415157318)",1,1,2.295623779296875,2.27935791015625,"(-49.739646911621094, 30.243959426879883, 528.1834106445312)","(11.938825607299805, 26.101425170898438, 529.114990234375)","(-29.080202102661133, 116.58312225341797, 31.791015625)","(-27.95827865600586, 110.44615173339844, 29.557334899902344)",POINT (0.4221487194299698 0.4743716269731522),,,,,,,,,,,,,,,,,,,,,,,,,,,,1,
0,13,5,408080650025,2237491092,1,1,"(0.42627695202827454, 0.4602186977863312)","(0.41961267590522766, 0.4947294592857361)",1,1,2.276336669921875,2.2699127197265625,"(-49.725486755371094, 30.254240036010742, 528.185546875)","(11.948221206665039, 26.115192413330078, 529.091552734375)","(-27.092836380004883, 116.09947967529297, 31.61498260498047)","(-29.39551544189453, 109.79656219482422, 29.320878982543945)",POINT (0.4229448139667511 0.4774740785360336),,,,,,,,,,,,,,,,,,,,,,,,,,,,1,
0,13,5,408080666692,2237507759,1,1,"(0.4215524196624756, 0.46364256739616394)","(0.4250381290912628, 0.48787519335746765)",1,1,2.295989990234375,2.2911376953125,"(-49.71040344238281, 30.250370025634766, 528.1883544921875)","(11.961570739746094, 26.106216430664062, 529.09130859375)","(-28.725282669067383, 115.47417449951172, 31.38735580444336)","(-27.520883560180664, 111.04839324951172, 29.776512145996094)",POINT (0.4232952743768692 0.4757588803768158),,,,,,,,,,,,,,,,,,,,,,,,,,,,1,
0,13,5,408080683359,2237524425,1,1,"(0.423897385597229, 0.45495814085006714)","(0.42765238881111145, 0.48939821124076843)",1,1,2.27349853515625,2.2838134765625,"(-49.701900482177734, 30.236019134521484, 528.2131958007812)","(11.971107482910156, 26.094221115112305, 529.1295776367188)","(-27.915021896362305, 117.06025695800781, 31.964677810668945)","(-26.61758041381836, 110.77024841308594, 29.675264358520508)",POINT (0.4257748872041702 0.4721781760454178),,,,,,,,,,,,,,,,,,,,,,,,,,,,1,
0,13,5,408080700026,2237541092,1,1,"(0.4250190258026123, 0.46713611483573914)","(0.4244840145111084, 0.4895622432231903)",1,1,2.2887420654296875,2.2967071533203125,"(-49.68598937988281, 30.21634864807129, 528.1990966796875)","(11.983240127563477, 26.067790985107422, 529.1290283203125)","(-27.527482986450195, 114.83612823486328, 31.155139923095703)","(-27.71234130859375, 110.74028778076172, 29.664363861083984)",POINT (0.4247515201568604 0.4783491790294647),,,,,,,,,,,,,,,,,,,,,,,,,,,,1,
0,13,5,408080716694,2237557759,1,1,"(0.4219191074371338, 0.47381770610809326)","(0.4247257113456726, 0.49007874727249146)",1,1,2.302978515625,2.283905029296875,"(-49.664825439453125, 30.194744110107422, 528.2014770507812)","(11.998475074768066, 26.0357608795166, 529.1290283203125)","(-28.59857177734375, 113.61579895019531, 30.71100616455078)","(-27.628835678100586, 110.64595794677734, 29.630023956298828)",POINT (0.4233224093914032 0.4819482266902924),,,,,,,,,,,,,,,,,,,,,,,,,,,,1,
0,13,5,408080733360,2237574425,1,1,"(0.41725850105285645, 0.4531780481338501)","(0.4222099483013153, 0.49738019704818726)",1,1,2.2849273681640625,2.275375366210937,"(-49.65120315551758, 30.17101287841797, 528.2273559570312)","(12.012746810913086, 26.014179229736328, 529.1978759765625)","(-30.208940505981445, 117.38536834716797, 32.08299255371094)","(-28.49808120727539, 109.31243133544922, 29.144681930541992)",POINT (0.4197342246770859 0.4752791225910187),,,,,,,,,,,,,,,,,,,,,,,,,,,,1,
0,13,5,408080750031,2237591096,1,1,"(0.418135404586792, 0.45775479078292847)","(0.4276765286922455, 0.4966506063938141)",1,1,2.2845916748046875,2.2815704345703125,"(-49.64140701293945, 30.161951065063477, 528.2294921875)","(12.026131629943848, 26.00339126586914, 529.24462890625)","(-29.905935287475586, 116.54949188232422, 31.778745651245117)","(-26.609233856201172, 109.4456787109375, 29.193187713623047)",POINT (0.4229059666395187 0.4772026985883713),,,,,,,,,,,,,,,,,,,,,,,,,,,,1,
0,13,5,408080766698,2237607763,1,1,"(0.4364127814769745, 0.4746801257133484)","(0.44725751876831055, 0.49361979961395264)",1,1,2.30035400390625,2.2771453857421875,"(-49.54095458984375, 30.13745880126953, 528.2451171875)","(12.106405258178711, 26.002723693847656, 529.31982421875)","(-23.59065055847168, 113.45829772949219, 30.653654098510742)","(-19.843507766723633, 109.99922943115234, 29.394636154174805)",POINT (0.4418351501226425 0.4841499626636505),,,,,,,,,,,,,,,,,,,,,,,,,,,,1,
0,13,5,408080783365,2237624429,1,1,"(0.450736403465271, 0.46507930755615234)","(0.46610337495803833, 0.5077413320541382)",1,1,2.272186279296875,2.3120880126953125,"(-49.46669006347656, 30.13694953918457, 528.2723999023438)","(12.136859893798828, 25.999696731567383, 529.5755615234375)","(-18.641481399536133, 115.21177673339844, 31.291839599609375)","(-13.331801414489746, 107.42011260986328, 28.455942153930664)",POINT (0.4584198892116547 0.4864103198051453),,,,,,,,,,,,,,,,,,,,,,,,,,,,1,
0,13,5,408080800032,2237641096,1,1,"(0.45357707142829895, 0.47546249628067017)","(0.46481606364250183, 0.5051276087760925)",1,1,2.278549194335937,2.3139801025390625,"(-49.465667724609375, 30.13686752319336, 528.240966796875)","(12.136131286621094, 25.990840911865234, 529.56787109375)","(-17.659955978393555, 113.31541442871094, 30.60163688659668)","(-13.776592254638672, 107.89746856689453, 28.629655838012695)",POINT (0.4591965675354004 0.4902950525283814),,,,,,,,,,,,,,,,,,,,,,,,,,,,1,
0,13,5,408080816700,2237657763,1,1,"(0.4505753815174103, 0.4661253094673157)","(0.4630294442176819, 0.5021211504936218)",1,1,2.277587890625,2.326416015625,"(-49.46956253051758, 30.13987159729004, 528.343017578125)","(12.146169662475586, 25.97706413269043, 529.5518798828125)","(-18.697113037109375, 115.0207290649414, 31.222320556640625)","(-14.393913269042969, 108.44657135009766, 28.829513549804688)",POINT (0.4568024128675461 0.4841232299804688),,,,,,,,,,,,,,,,,,,,,,,,,,,,1,
0,13,5,408080833366,2237674429,1,1,"(0.4555475413799286, 0.47163817286491394)","(0.4595753252506256, 0.49337226152420044)",1,1,2.287704467773437,2.2921142578125,"(-49.46574783325195, 30.138181686401367, 528.3203735351562)","(12.151533126831055, 25.9663028717041, 529.504638671875)","(-16.979097366333008, 114.01386260986328, 30.85587501525879)","(-15.587397575378418, 110.04442596435547, 29.411090850830078)",POINT (0.4575614333152771 0.4825052171945572),,,,,,,,,,,,,,,,,,,,,,,,,,,,1,
0,13,5,408080850034,2237691096,1,1,"(0.45241647958755493, 0.46839582920074463)","(0.46371638774871826, 0.5073988437652588)",1,1,2.2649078369140625,2.328216552734375,"(-49.468719482421875, 30.132862091064453, 528.3514404296875)","(12.154069900512695, 25.960268020629883, 529.4968872070312)","(-18.060962677001953, 114.60604858398438, 31.071407318115234)","(-14.156561851501465, 107.482666015625, 28.478694915771484)",POINT (0.4580664336681366 0.4878973364830017),,,,,,,,,,,,,,,,,,,,,,,,,,,,1,
0,13,5,408080866701,2237707763,1,1,"(0.44927191734313965, 0.4619796574115753)","(0.46544119715690613, 0.5026748776435852)",1,1,2.2730865478515625,2.29730224609375,"(-49.479610443115234, 30.13270378112793, 528.38134765625)","(12.146563529968262, 25.955665588378906, 529.4346923828125)","(-19.147480010986328, 115.77788543701172, 31.497900009155273)","(-13.56059741973877, 108.3454360961914, 28.792713165283203)",POINT (0.4573565572500229 0.4823272675275803),,,,,,,,,,,,,,,,,,,,,,,,,,,,1,
0,13,5,408080883370,2237724431,1,1,"(0.454367071390152, 0.467938631772995)","(0.459532767534256, 0.49157339334487915)",1,1,2.263916015625,2.29168701171875,"(-49.49938201904297, 30.134044647216797, 528.39404296875)","(12.13298225402832, 25.957674026489258, 529.3262329101562)","(-17.38698387145996, 114.68953704833984, 31.101789474487305)","(-15.602095603942871, 110.37296295166016, 29.530689239501953)",POINT (0.456949919462204 0.4797560125589371),,,,,,,,,,,,,,,,,,,,,,,,,,,,1,
0,13,5,408080900036,2237741098,1,1,"(0.4532758295536041, 0.46594977378845215)","(0.46219149231910706, 0.4973810613155365)",1,1,2.282470703125,2.321380615234375,"(-49.51553726196289, 30.12221908569336, 528.3525390625)","(12.117412567138672, 25.95870590209961, 529.3112182617188)","(-17.764036178588867, 115.05278015136719, 31.23400115966797)","(-14.683451652526855, 109.31227111816406, 29.14462661743164)",POINT (0.4577336609363556 0.4816654175519943),,,,,,,,,,,,,,,,,,,,,,,,,,,,1,
0,13,5,408080916704,2237757765,1,1,"(0.4494495689868927, 0.46706855297088623)","(0.45895740389823914, 0.4955430328845978)",1,1,2.25872802734375,2.29364013671875,"(-49.53507995605469, 30.123950958251953, 528.333251953125)","(12.08902359008789, 25.945152282714844, 529.1491088867188)","(-19.086103439331055, 114.84846496582031, 31.159608840942383)","(-15.800911903381348, 109.64797973632812, 29.266807556152344)",POINT (0.4542034864425659 0.481305792927742),,,,,,,,,,,,,,,,,,,,,,,,,,,,1,
0,13,5,408080933370,2237774431,1,1,"(0.44498398900032043, 0.46470513939857483)","(0.4627372622489929, 0.48236343264579773)",1,1,2.2784423828125,2.290740966796875,"(-49.575042724609375, 30.152090072631836, 528.342041015625)","(12.037174224853516, 25.96933364868164, 529.1204223632812)","(-20.629072189331055, 115.28009796142578, 31.316740036010742)","(-14.494869232177734, 112.0550537109375, 30.142908096313477)",POINT (0.4538606256246567 0.4735342860221863),,,,,,,,,,,,,,,,,,,,,,,,,,,,1,
0,13,5,408080950038,2237791098,1,1,"(0.43112045526504517, 0.2981414496898651)","(0.45592787861824036, 0.3256705105304718)",1,1,2.3448944091796875,2.3362274169921875,"(-49.61504364013672, 30.419206619262695, 528.618408203125)","(11.904659271240234, 26.266693115234375, 529.458251953125)","(-25.419281005859375, 145.70074462890625, 42.38895034790039)","(-16.847700119018555, 140.67294311523438, 40.55897903442383)",POINT (0.4435241669416428 0.3119059801101685),,,,,,,,,,,,,,,,,,,,,,,,,,,,1,
0,13,5,408080966704,2237807764,1,1,"(0.43336930871009827, 0.3014823794364929)","(0.4503225088119507, 0.3248405456542969)",1,1,2.3266754150390625,2.33673095703125,"(-49.6201171875, 30.513322830200195, 528.5528564453125)","(11.829780578613281, 26.364395141601562, 529.4212646484375)","(-24.64225196838379, 145.09059143066406, 42.16683578491211)","(-18.78447151184082, 140.82452392578125, 40.61414337158203)",POINT (0.4418459087610245 0.3131614625453949),,,,,,,,,,,,,,,,,,,,,,,,,,,,1,
0,13,5,408080983372,2237824431,1,1,"(0.4317440390586853, 0.2993198037147522)","(0.44876113533973694, 0.3108702003955841)",1,1,2.332183837890625,2.3311920166015625,"(-49.668121337890625, 30.465248107910156, 528.48388671875)","(11.831419944763184, 26.323047637939453, 529.4293823242188)","(-25.20380973815918, 145.4855499267578, 42.31059646606445)","(-19.323965072631836, 143.3760223388672, 41.54280090332031)",POINT (0.4402525871992111 0.3050950020551682),,,,,,,,,,,,,,,,,,,,,,,,,,,,1,
0,13,5,408081000039,2237841098,1,1,"(0.4345445930957794, 0.29330235719680786)","(0.4431590437889099, 0.3072459101676941)",1,1,2.3375701904296875,2.3318328857421875,"(-49.69814682006836, 30.45693588256836, 528.4637451171875)","(11.829334259033203, 26.310115814208984, 529.4295654296875)","(-24.23615264892578, 146.58456420898438, 42.71061325073242)","(-21.2596492767334, 144.0379638671875, 41.78371047973633)",POINT (0.4388518184423447 0.300274133682251),,,,,,,,,,,,,,,,,,,,,,,,,,,,1,
0,13,5,408081016713,2237857771,1,1,"(0.4371744394302368, 0.2970229387283325)","(0.44582369923591614, 0.3112048804759979)",1,1,2.344757080078125,2.3341064453125,"(-49.723323822021484, 30.446361541748047, 528.4124755859375)","(11.826539993286133, 26.292377471923828, 529.4212646484375)","(-23.327478408813477, 145.905029296875, 42.46329879760742)","(-20.338932037353516, 143.31488037109375, 41.520565032958984)",POINT (0.4414990693330765 0.3041139096021652),,,,,,,,,,,,,,,,,,,,,,,,,,,,1,
0,13,5,408081033380,2237874438,1,1,"(0.43294763565063477, 0.29698440432548523)","(0.44922253489494324, 0.31828951835632324)",1,1,2.358123779296875,2.3184051513671875,"(-49.754642486572266, 30.42700958251953, 528.4471435546875)","(11.8135347366333, 26.280841827392578, 529.4136352539062)","(-24.787935256958008, 145.9120635986328, 42.465858459472656)","(-19.164546966552734, 142.02096557617188, 41.04960632324219)",POINT (0.441085085272789 0.3076369613409042),,,,,,,,,,,,,,,,,,,,,,,,,,,,1,
0,13,5,408081050047,2237891105,1,1,"(0.43374717235565186, 0.29760652780532837)","(0.445164293050766, 0.312698096036911)",1,1,2.340911865234375,2.3280029296875,"(-49.78607940673828, 30.426254272460938, 528.4421997070312)","(11.791770935058594, 26.276695251464844, 529.461669921875)","(-24.511680603027344, 145.79844665527344, 42.42451858520508)","(-20.56678581237793, 143.04217529296875, 41.421329498291016)",POINT (0.4394557327032089 0.3051523119211197),,,,,,,,,,,,,,,,,,,,,,,,,,,,1,
0,13,5,408081066713,2237907771,1,1,"(0.42999836802482605, 0.2993733584880829)","(0.4479447603225708, 0.3131997287273407)",1,1,2.340667724609375,2.3257598876953125,"(-49.81752395629883, 30.409866333007812, 528.4054565429688)","(11.762441635131836, 26.266599655151367, 529.5015869140625)","(-25.806976318359375, 145.4757537841797, 42.30706024169922)","(-19.60605812072754, 142.95054626464844, 41.38794708251953)",POINT (0.4389715641736984 0.3062865436077118),,,,,,,,,,,,,,,,,,,,,,,,,,,,1,
0,13,5,408081083381,2237924438,1,1,"(0.43221035599708557, 0.30438655614852905)","(0.44463393092155457, 0.3173362910747528)",1,1,2.34515380859375,2.339111328125,"(-49.875823974609375, 30.402080535888672, 528.4981689453125)","(11.728763580322266, 26.260969161987305, 529.5260620117188)","(-25.042694091796875, 144.56016540527344, 41.97381591796875)","(-20.750030517578125, 142.19508361816406, 41.112979888916016)",POINT (0.4384221434593201 0.3108614236116409),,,,,,,,,,,,,,,,,,,,,,,,,,,,1,
0,13,5,408081100048,2237941105,1,1,"(0.4389047920703888, 0.30756470561027527)","(0.44885656237602234, 0.31787043809890747)",1,1,2.3429107666015625,2.3302764892578125,"(-49.929100036621094, 30.391067504882812, 528.5521850585938)","(11.680867195129395, 26.259124755859375, 529.56640625)","(-22.72958755493164, 143.97972106933594, 41.76255416870117)","(-19.291017532348633, 142.09751892089844, 41.07748031616211)",POINT (0.4438806772232056 0.3127175718545914),,,,,,,,,,,,,,,,,,,,,,,,,,,,1,
0,13,5,408081116715,2237957771,1,1,"(0.4338259994983673, 0.2934289872646332)","(0.4456757605075836, 0.31733304262161255)",1,1,2.3423004150390625,2.3253936767578125,"(-49.98417663574219, 30.38009262084961, 528.59814453125)","(11.630956649780273, 26.262897491455078, 529.5989990234375)","(-24.484447479248047, 146.56143188476562, 42.70219039916992)","(-20.39006233215332, 142.19566345214844, 41.11321258544922)",POINT (0.4397508800029755 0.3053810149431229),,,,,,,,,,,,,,,,,,,,,,,,,,,,1,
0,13,5,408081133382,2237974438,1,1,"(0.430741548538208, 0.2988346517086029)","(0.4517701268196106, 0.3166394531726837)",1,1,2.335662841796875,2.323944091796875,"(-50.03844451904297, 30.358247756958008, 528.613525390625)","(11.586002349853516, 26.260082244873047, 529.6627807617188)","(-25.55019187927246, 145.5741424560547, 42.342872619628906)","(-18.2843074798584, 142.32235717773438, 41.15928649902344)",POINT (0.4412558376789093 0.3077370524406433),,,,,,,,,,,,,,,,,,,,,,,,,,,,1,
0,13,5,408081150055,2237991110,1,1,"(0.42995792627334595, 0.2949114441871643)","(0.4474779963493347, 0.31522589921951294)",1,1,2.333984375,2.3077545166015625,"(-50.08271026611328, 30.335186004638672, 528.623046875)","(11.541614532470703, 26.25014877319336, 529.648681640625)","(-25.820959091186523, 146.29066467285156, 42.603668212890625)","(-19.767343521118164, 142.58050537109375, 41.253273010253906)",POINT (0.4387179613113403 0.3050686717033386),,,,,,,,,,,,,,,,,,,,,,,,,,,,1,
0,13,5,408081166721,2238007776,1,1,"(0.4336494505405426, 0.29903388023376465)","(0.4463830590248108, 0.3168490529060364)",1,1,2.358642578125,2.3380889892578125,"(-50.127994537353516, 30.313161849975586, 528.6798095703125)","(11.502573013305664, 26.248493194580078, 529.6732177734375)","(-24.545454025268555, 145.5377655029297, 42.329627990722656)","(-20.145662307739258, 142.2840576171875, 41.14536666870117)",POINT (0.4400162547826767 0.3079414665699005),,,,,,,,,,,,,,,,,,,,,,,,,,,,1,
0,13,5,408081183388,2238024443,1,1,"(0.4397520422935486, 0.2981729805469513)","(0.44678863883018494, 0.3178681433200836)",1,1,2.346649169921875,2.3338623046875,"(-50.15861892700195, 30.275917053222656, 528.659423828125)","(11.471545219421387, 26.22090721130371, 529.744384765625)","(-22.436851501464844, 145.6949920654297, 42.38684844970703)","(-20.005510330200195, 142.09793090820312, 41.0776252746582)",POINT (0.4432703405618668 0.3080205619335175),,,,,,,,,,,,,,,,,,,,,,,,,,,,1,
0,13,5,408081200055,2238041110,1,1,"(0.4311196506023407, 0.2938961088657379)","(0.44444704055786133, 0.3153422176837921)",1,1,2.3381805419921875,2.3412628173828125,"(-50.18577575683594, 30.24805450439453, 528.756591796875)","(11.450865745544434, 26.180953979492188, 529.7451171875)","(-25.419553756713867, 146.47610473632812, 42.67115020751953)","(-20.814607620239258, 142.5592498779297, 41.24553680419922)",POINT (0.437783345580101 0.304619163274765),,,,,,,,,,,,,,,,,,,,,,,,,,,,1,
0,13,5,408081216722,2238057776,1,1,"(0.43961018323898315, 0.29556211829185486)","(0.44376760721206665, 0.3153665065765381)",1,1,2.342147827148437,2.3437957763671875,"(-50.21195602416992, 30.21390724182129, 528.8623046875)","(11.437579154968262, 26.146129608154297, 529.760986328125)","(-22.485864639282227, 146.1718292236328, 42.5604133605957)","(-21.049367904663086, 142.55482482910156, 41.243927001953125)",POINT (0.4416888952255249 0.3054643124341965),,,,,,,,,,,,,,,,,,,,,,,,,,,,1,
0,13,5,408081233389,2238074443,1,1,"(0.4367174506187439, 0.29970213770866394)","(0.44532546401023865, 0.3094255328178406)",1,1,2.3462677001953125,2.344451904296875,"(-50.21771240234375, 30.162757873535156, 528.815185546875)","(11.427824974060059, 26.11031150817871, 529.79248046875)","(-23.48537254333496, 145.41571044921875, 42.28520965576172)","(-20.511083602905273, 143.63986206054688, 41.63882827758789)",POINT (0.4410214573144913 0.3045638352632523),,,,,,,,,,,,,,,,,,,,,,,,,,,,1,
0,13,5,408081250057,2238091110,1,1,"(0.4289003014564514, 0.2938894033432007)","(0.44321173429489136, 0.3159105181694031)",1,1,2.3623504638671875,2.353622436523437,"(-50.21775436401367, 30.127588272094727, 528.854248046875)","(11.429862022399902, 26.078174591064453, 529.8387451171875)","(-26.1863956451416, 146.47732543945312, 42.6716194152832)","(-21.24143409729004, 142.45547485351562, 41.207767486572266)",POINT (0.4360560178756714 0.3048999607563019),,,,,,,,,,,,,,,,,,,,,,,,,,,,1,
0,13,5,408081266727,2238107780,1,1,"(0.4306437075138092, 0.2955765426158905)","(0.44231414794921875, 0.31623575091362)",1,1,2.35595703125,2.3346099853515625,"(-50.21172332763672, 30.10519790649414, 528.8883056640625)","(11.434165954589844, 26.054306030273438, 529.8782348632812)","(-25.584009170532227, 146.169189453125, 42.55946350097656)","(-21.551578521728516, 142.3960723876953, 41.18613815307617)",POINT (0.436478927731514 0.3059061467647552),,,,,,,,,,,,,,,,,,,,,,,,,,,,1,
0,13,5,408081283395,2238124447,1,1,"(0.4331684410572052, 0.30338162183761597)","(0.44053196907043457, 0.3150705397129059)",1,1,2.354949951171875,2.343002319335937,"(-50.20542526245117, 30.102386474609375, 528.9205932617188)","(11.44397258758545, 26.043258666992188, 529.940185546875)","(-24.711633682250977, 144.74371337890625, 42.04060363769531)","(-22.167367935180664, 142.60888671875, 41.26358413696289)",POINT (0.4368502050638199 0.3092260807752609),,,,,,,,,,,,,,,,,,,,,,,,,,,,1,
0,13,5,408081300062,2238141114,1,1,"(0.4291939437389374, 0.30529889464378357)","(0.44374191761016846, 0.31232506036758423)",1,1,2.38824462890625,2.34930419921875,"(-50.18671417236328, 30.102008819580078, 528.9785766601562)","(11.454300880432129, 26.038097381591797, 530.0098876953125)","(-26.08492660522461, 144.39353942871094, 41.91316223144531)","(-21.05825424194336, 143.1103057861328, 41.44610595703125)",POINT (0.4364679306745529 0.3088119775056839),,,,,,,,,,,,,,,,,,,,,,,,,,,,1,
0,13,5,408081316728,2238157780,1,1,"(0.42406165599823, 0.2895966172218323)","(0.43275439739227295, 0.3090934753417969)",1,1,2.3730621337890625,2.3501739501953125,"(-50.189552307128906, 30.12076759338379, 529.0416259765625)","(11.434004783630371, 26.06196403503418, 530.0418701171875)","(-27.858261108398438, 147.2613525390625, 42.95697021484375)","(-24.854717254638672, 143.70050048828125, 41.660926818847656)",POINT (0.4284080266952515 0.2993450462818146),,,,,,,,,,,,,,,,,,,,,,,,,,,,1,
0,13,5,408081333395,2238174447,1,1,"(0.4277121126651764, 0.2907467782497406)","(0.43509265780448914, 0.30548250675201416)",1,1,2.382186889648437,2.346282958984375,"(-50.187156677246094, 30.121597290039062, 529.0967407226562)","(11.439697265625, 26.059833526611328, 530.0805053710938)","(-26.596939086914062, 147.05128479003906, 42.88051986694336)","(-24.046775817871094, 144.36000061035156, 41.90095901489258)",POINT (0.4314023852348328 0.2981146425008774),,,,,,,,,,,,,,,,,,,,,,,,,,,,1,
0,13,5,408081350063,2238191114,1,1,"(0.4233117401599884, 0.2883681356906891)","(0.4310964345932007, 0.3019714951515198)",1,1,2.383392333984375,2.3545074462890625,"(-50.16898727416992, 30.105457305908203, 529.0668334960938)","(11.461446762084961, 26.03523826599121, 530.1189575195312)","(-28.11739730834961, 147.48573303222656, 43.03863525390625)","(-25.427579879760742, 145.00125122070312, 42.134342193603516)",POINT (0.4272040873765945 0.2951698154211044),,,,,,,,,,,,,,,,,,,,,,,,,,,1,1,
0,13,5,408081366729,2238207780,1,1,"(0.4228407144546509, 0.2830078601837158)","(0.4333391785621643, 0.31434693932533264)",1,1,2.374359130859375,2.320175170898437,"(-50.1528434753418, 30.08738899230957, 529.1009521484375)","(11.47806167602539, 26.01309585571289, 530.0951538085938)","(-28.28013801574707, 148.46470642089844, 43.394927978515625)","(-24.652645111083984, 142.74102783203125, 41.31169509887695)",POINT (0.4280899465084076 0.2986773997545242),,,,,,,,,,,,,,,,,,,,,,,,,,,,1,
0,13,5,408081383397,2238224447,1,1,"(0.4244528114795685, 0.2853759825229645)","(0.4376998841762543, 0.30880987644195557)",1,1,2.3730010986328125,2.346054077148437,"(-50.136444091796875, 30.073156356811523, 529.1334228515625)","(11.502877235412598, 25.98649787902832, 530.1174926757812)","(-27.723119735717773, 148.03219604492188, 43.23753356933594)","(-23.14590835571289, 143.75230407714844, 41.67976760864258)",POINT (0.4310763478279114 0.29709292948246),,,,,,,,,,,,,,,,,,,,,,,,,,,,1,
0,13,5,408081400068,2238241118,1,1,"(0.42055776715278625, 0.2934979200363159)","(0.4361599385738373, 0.30938592553138733)",1,1,2.362701416015625,2.33367919921875,"(-50.11455535888672, 30.056785583496094, 529.1541137695312)","(11.528454780578613, 25.969257354736328, 530.186767578125)","(-29.068958282470703, 146.54884338378906, 42.69761657714844)","(-23.677995681762695, 143.6470947265625, 41.6414680480957)",POINT (0.4283588528633118 0.3014419227838516),,,,,,,,,,,,,,,,,,,,,,,,,,,,1,
0,13,5,408081416735,2238257784,1,1,"(0.42101410031318665, 0.2901497781276703)","(0.4357664883136749, 0.3014063537120819)",1,1,2.34539794921875,2.356307983398437,"(-50.08739471435547, 30.054119110107422, 529.181640625)","(11.555431365966797, 25.966455459594727, 530.22509765625)","(-28.911285400390625, 147.16030883789062, 42.920196533203125)","(-23.81395149230957, 145.10446166992188, 42.171897888183594)",POINT (0.4283902943134308 0.2957780659198761),,,,,,,,,,,,,,,,,,,,,,,,,,,1,1,
0,13,5,408081433402,2238274451,1,1,"(0.4258003830909729, 0.28716519474983215)","(0.4333536624908447, 0.3061412572860718)",1,1,2.342803955078125,2.3162384033203125,"(-50.068870544433594, 30.05060577392578, 529.1773071289062)","(11.578386306762695, 25.955047607421875, 530.1932373046875)","(-27.257505416870117, 147.70541381835938, 43.11859130859375)","(-24.647661209106445, 144.2397003173828, 41.857177734375)",POINT (0.4295770227909088 0.296653226017952),,,,,,,,,,,,,,,,,,,,,,,,,,,,1,
0,13,5,408081450069,2238291118,1,1,"(0.42437228560447693, 0.28406983613967896)","(0.43278127908706665, 0.3024607300758362)",1,1,2.3449249267578125,2.3267059326171875,"(-50.04563903808594, 30.039230346679688, 529.1810913085938)","(11.597890853881836, 25.942604064941406, 530.14599609375)","(-27.75093650817871, 148.270751953125, 43.3243408203125)","(-24.845422744750977, 144.91189575195312, 42.101829528808594)",POINT (0.4285767823457718 0.2932652831077576),,,,,,,,,,,,,,,,,,,,,,,,,,,1,1,
0,13,5,408081466735,2238307784,1,1,"(0.42331746220588684, 0.2889828085899353)","(0.43070781230926514, 0.30890166759490967)",1,1,2.340194702148437,2.328338623046875,"(-50.02375030517578, 30.01889419555664, 529.1218872070312)","(11.6170015335083, 25.925819396972656, 530.1142578125)","(-28.115413665771484, 147.37347412109375, 42.99775695800781)","(-25.561851501464844, 143.7355499267578, 41.67366027832031)",POINT (0.427012637257576 0.2989422380924225),,,,,,,,,,,,,,,,,,,,,,,,,,,,1,
0,13,5,408081483403,2238324451,1,1,"(0.42399781942367554, 0.285071462392807)","(0.43237143754959106, 0.3039194345474243)",1,1,2.33349609375,2.319610595703125,"(-50.01764678955078, 30.00699806213379, 529.1544189453125)","(11.627457618713379, 25.90934944152832, 530.1060180664062)","(-27.880332946777344, 148.0878143310547, 43.25776290893555)","(-24.98702621459961, 144.64549255371094, 42.004852294921875)",POINT (0.4281846284866333 0.2944954484701157),,,,,,,,,,,,,,,,,,,,,,,,,,,1,1,
0,13,5,408081500069,2238341117,1,1,"(0.4195951223373413, 0.28818291425704956)","(0.43449243903160095, 0.3043077886104584)",1,1,2.343841552734375,2.33026123046875,"(-50.007102966308594, 29.981489181518555, 529.172607421875)","(11.637434005737305, 25.885955810546875, 530.09033203125)","(-29.401578903198242, 147.51956176757812, 43.0509147644043)","(-24.25417137145996, 144.57455444335938, 41.97904968261719)",POINT (0.4270437806844711 0.296245351433754),,,,,,,,,,,,,,,,,,,,,,,,,,,1,1,
0,13,5,408081516737,2238357784,1,1,"(0.42481037974357605, 0.2868656516075134)","(0.43712836503982544, 0.3069642186164856)",1,1,2.321441650390625,2.311386108398437,"(-49.95892333984375, 29.949888229370117, 529.1171264648438)","(11.675935745239258, 25.857683181762695, 530.1126098632812)","(-27.599571228027344, 147.7601318359375, 43.13848876953125)","(-23.343387603759766, 144.0894012451172, 41.80246353149414)",POINT (0.4309693723917007 0.2969149351119995),,,,,,,,,,,,,,,,,,,,,,,,,,,,1,
0,13,5,408081533406,2238374453,1,1,"(0.4659392833709717, 0.31723785400390625)","(0.4751095771789551, 0.3323770761489868)",1,1,2.3369903564453125,2.3348388671875,"(-49.80251693725586, 29.903600692749023, 529.1317138671875)","(11.796123504638672, 25.814891815185547, 530.0926513671875)","(-13.388495445251465, 142.2130584716797, 41.119510650634766)","(-10.219926834106445, 139.4480743408203, 40.11315155029297)",POINT (0.4705244302749634 0.3248074650764465),,,,,,,,,,,,,,,,,,,,,,,,,,,,1,
0,13,5,408081550073,2238391119,1,1,"(0.4576024115085602, 0.3080497086048126)","(0.4699978232383728, 0.33062228560447693)",1,1,2.3011474609375,2.325714111328125,"(-49.78465270996094, 29.892738342285156, 529.126953125)","(11.828838348388672, 25.804428100585938, 530.09912109375)","(-16.269094467163086, 143.89114379882812, 41.73029327392578)","(-11.986161231994629, 139.7685546875, 40.22979736328125)",POINT (0.4638001173734665 0.3193359971046448),,,,,,,,,,,,,,,,,,,,,,,,,,,,1,
0,13,5,408081566740,2238407786,1,1,"(0.461222380399704, 0.31584617495536804)","(0.4726707637310028, 0.33599215745925903)",1,1,2.3317108154296875,2.3166961669921875,"(-49.76505661010742, 29.889053344726562, 529.0814208984375)","(11.855611801147461, 25.810821533203125, 530.12158203125)","(-15.01830005645752, 142.46722412109375, 41.21202850341797)","(-11.062590599060059, 138.78782653808594, 39.872840881347656)",POINT (0.4669465720653534 0.3259191662073135),,,,,,,,,,,,,,,,,,,,,,,,,,,,1,
0,13,5,408081583407,2238424453,1,1,"(0.4601495862007141, 0.30876171588897705)","(0.47395455837249756, 0.3318130671977997)",1,1,2.3060760498046875,2.301361083984375,"(-49.7431640625, 29.891925811767578, 529.1094360351562)","(11.881263732910156, 25.808765411376953, 530.167236328125)","(-15.388968467712402, 143.76109313964844, 41.682987213134766)","(-10.619020462036133, 139.55108642578125, 40.150634765625)",POINT (0.4670520722866058 0.3202873915433884),,,,,,,,,,,,,,,,,,,,,,,,,,,,1,
0,13,5,408081600073,2238441119,1,1,"(0.46349772810935974, 0.3173193335533142)","(0.4733453691005707, 0.329167902469635)",1,1,2.3083953857421875,2.29998779296875,"(-49.72147750854492, 29.890010833740234, 529.08056640625)","(11.900720596313477, 25.801767349243164, 530.1435546875)","(-14.232117652893066, 142.19818115234375, 41.114097595214844)","(-10.829510688781738, 140.0341796875, 40.326473236083984)",POINT (0.4684215486049652 0.3232436180114746),,,,,,,,,,,,,,,,,,,,,,,,,,,,1,
0,13,5,408081616741,2238457786,1,1,"(0.46114644408226013, 0.3196246922016144)","(0.47196486592292786, 0.33376994729042053)",1,1,2.311431884765625,2.3058624267578125,"(-49.70117950439453, 29.892574310302734, 529.083984375)","(11.928743362426758, 25.78801727294922, 530.088134765625)","(-15.044544219970703, 141.77713012695312, 40.96085739135742)","(-11.306509017944336, 139.1936798095703, 40.02056884765625)",POINT (0.466555655002594 0.3266973197460175),,,,,,,,,,,,,,,,,,,,,,,,,,,,1,
0,13,5,408081633408,2238474453,1,1,"(0.4627458453178406, 0.31950491666793823)","(0.4719471335411072, 0.3341902494430542)",1,1,2.3214111328125,2.2985992431640625,"(-49.67636489868164, 29.88320541381836, 529.03271484375)","(11.949640274047852, 25.771160125732422, 530.0093994140625)","(-14.491914749145508, 141.79901123046875, 40.96882629394531)","(-11.312623977661133, 139.11692810058594, 39.992618560791016)",POINT (0.4673464894294739 0.3268475830554962),,,,,,,,,,,,,,,,,,,,,,,,,,,,1,
0,13,5,408081650075,2238491119,1,1,"(0.46369126439094543, 0.31355422735214233)","(0.4731886088848114, 0.33569595217704773)",1,1,2.3017578125,2.3079833984375,"(-49.666446685791016, 29.885520935058594, 529.0737915039062)","(11.966011047363281, 25.761768341064453, 529.9862060546875)","(-14.165238380432129, 142.8858184814453, 41.36439514160156)","(-10.883679389953613, 138.84193420410156, 39.892539978027344)",POINT (0.4684399366378784 0.324625089764595),,,,,,,,,,,,,,,,,,,,,,,,,,,,1,
0,13,5,408081666750,2238507794,1,1,"(0.4629547595977783, 0.3168133795261383)","(0.4722597301006317, 0.33311882615089417)",1,1,2.2937469482421875,2.2901611328125,"(-49.64305114746094, 29.87957763671875, 528.9910888671875)","(11.98715591430664, 25.750064849853516, 529.9306030273438)","(-14.419718742370605, 142.2905731201172, 41.14775466918945)","(-11.204612731933594, 139.31259155273438, 40.0638427734375)",POINT (0.467607244849205 0.3249661028385162),,,,,,,,,,,,,,,,,,,,,,,,,,,,1,
0,13,5,408081683417,2238524461,1,1,"(0.4649285674095154, 0.3139150142669678)","(0.47237861156463623, 0.3414432406425476)",1,1,2.305694580078125,2.2862548828125,"(-49.62584686279297, 29.891836166381836, 528.985595703125)","(12.009493827819824, 25.763309478759766, 530.0072021484375)","(-13.737728118896484, 142.81991577148438, 41.340415954589844)","(-11.163553237915039, 137.79226684570312, 39.510475158691406)",POINT (0.4686535894870758 0.3276791274547577),,,,,,,,,,,,,,,,,,,,,,,,,,,,1,
0,13,5,408081700085,2238541128,1,1,"(0.4625977575778961, 0.3141807019710541)","(0.4716162383556366, 0.33500877022743225)",1,1,2.3345489501953125,2.2828521728515625,"(-49.6164665222168, 29.90774154663086, 529.0423583984375)","(12.030538558959961, 25.773284912109375, 530.02197265625)","(-14.543072700500488, 142.7714080810547, 41.322731018066406)","(-11.426968574523926, 138.96742248535156, 39.93821716308594)",POINT (0.4671069979667664 0.3245947360992432),,,,,,,,,,,,,,,,,,,,,,,,,,,,1,
0,13,5,408081716751,2238557794,1,1,"(0.4611736238002777, 0.3146744966506958)","(0.4739103615283966, 0.339751660823822)",1,1,2.3118896484375,2.300384521484375,"(-49.5979118347168, 29.913543701171875, 529.0540771484375)","(12.05552864074707, 25.780603408813477, 529.9669799804688)","(-15.035152435302734, 142.68121337890625, 41.289913177490234)","(-10.63428020477295, 138.10121154785156, 39.622920989990234)",POINT (0.4675419926643372 0.3272130787372589),,,,,,,,,,,,,,,,,,,,,,,,,,,,1,
0,13,5,408081733418,2238574461,1,1,"(0.49069875478744507, 0.313032329082489)","(0.5081631541252136, 0.33219608664512634)",1,1,2.3148193359375,2.32342529296875,"(-49.42100524902344, 29.885303497314453, 528.8372802734375)","(12.166908264160156, 25.73192596435547, 529.8727416992188)","(-4.8334641456604, 142.98114013671875, 41.399078369140625)","(1.2009302377700806, 139.4811248779297, 40.125205993652344)",POINT (0.4994309544563294 0.3226142078638077),,,,,,,,,,,,,,,,,,,,,,,,,,,,1,
0,13,5,408081750084,2238591127,1,1,"(0.5376512408256531, 0.3110232353210449)","(0.5400663018226624, 0.3211923837661743)",1,1,2.2885284423828125,2.290191650390625,"(-49.20899963378906, 29.89702606201172, 528.9573974609375)","(12.363896369934082, 25.727937698364258, 529.715087890625)","(11.389791488647461, 143.34808349609375, 41.53263854980469)","(12.22426986694336, 141.49081420898438, 40.856651306152344)",POINT (0.5388587713241577 0.3161078095436096),,,,,,,,,,,,,,,,,,,,,,,,,,,,1,
0,13,5,408081766752,2238607794,1,1,"(0.5281737446784973, 0.29960960149765015)","(0.5401192903518677, 0.32109564542770386)",1,1,2.3145294189453125,2.3114013671875,"(-49.196590423583984, 29.878875732421875, 528.9511108398438)","(12.386539459228516, 25.693876266479492, 529.676025390625)","(8.115072250366211, 145.43263244628906, 42.29136276245117)","(12.242568969726562, 141.5084686279297, 40.86308288574219)",POINT (0.5341465175151825 0.310352623462677),,,,,,,,,,,,,,,,,,,,,,,,,,,,1,
0,13,5,408081783419,2238624461,1,1,"(0.5345463156700134, 0.3101887106895447)","(0.545792818069458, 0.3193873465061188)",1,1,2.29656982421875,2.3074493408203125,"(-49.18791961669922, 29.839616775512695, 528.8901977539062)","(12.406522750854492, 25.67034912109375, 529.57421875)","(10.316967010498047, 143.50048828125, 41.58811950683594)","(14.20290470123291, 141.8204803466797, 40.97664260864258)",POINT (0.5401695668697357 0.3147880285978317),,,,,,,,,,,,,,,,,,,,,,,,,,,,1,
0,13,5,408081800089,2238641130,1,1,"(0.5362861752510071, 0.3048411011695862)","(0.5416014194488525, 0.31945231556892395)",1,1,2.2945098876953125,2.306640625,"(-49.17998123168945, 29.809593200683594, 528.82080078125)","(12.41903305053711, 25.6541748046875, 529.4805297851562)","(10.918132781982422, 144.47714233398438, 41.94358444213867)","(12.754672050476074, 141.80860900878906, 40.97231674194336)",POINT (0.5389437973499298 0.3121467083692551),,,,,,,,,,,,,,,,,,,,,,,,,,,,1,
0,13,5,408081816756,2238657797,1,1,"(0.5351892113685608, 0.3014340400695801)","(0.5391218066215515, 0.32315054535865784)",1,1,2.30609130859375,2.29888916015625,"(-49.18258285522461, 29.782875061035156, 528.844970703125)","(12.427715301513672, 25.639556884765625, 529.47265625)","(10.53909683227539, 145.0994110107422, 42.17007064819336)","(11.897917747497559, 141.13316345214844, 40.72650146484375)",POINT (0.5371555089950562 0.312292292714119),,,,,,,,,,,,,,,,,,,,,,,,,,,,1,
0,13,5,408081833424,2238674464,1,1,"(0.5364097356796265, 0.30680567026138306)","(0.5417320132255554, 0.3182162046432495)",1,1,2.297714233398437,2.318115234375,"(-49.182308197021484, 29.768516540527344, 528.8377075195312)","(12.431042671203613, 25.63832664489746, 529.4412231445312)","(10.960845947265625, 144.1183319091797, 41.81300354003906)","(12.799812316894531, 142.03436279296875, 41.05449676513672)",POINT (0.5390708744525909 0.3125109374523163),,,,,,,,,,,,,,,,,,,,,,,,,,,,1,
0,13,5,408081850090,2238691130,1,1,"(0.5327776670455933, 0.3055744767189026)","(0.5424222350120544, 0.31807711720466614)",1,1,2.296539306640625,2.3104400634765625,"(-49.194175720214844, 29.75579261779785, 528.8987426757812)","(12.422760009765625, 25.637113571166992, 529.4650268554688)","(9.705855369567871, 144.34320068359375, 41.894859313964844)","(13.038300514221191, 142.05978393554688, 41.0637321472168)",POINT (0.5375999510288239 0.3118257969617844),,,,,,,,,,,,,,,,,,,,,,,,,,,,1,
0,13,5,408081866757,2238707797,1,1,"(0.5399081110954285, 0.30732735991477966)","(0.5422208309173584, 0.31864064931869507)",1,1,2.30487060546875,2.313995361328125,"(-49.20206832885742, 29.752914428710938, 528.9287109375)","(12.423829078674316, 25.644207000732422, 529.511474609375)","(12.169597625732422, 144.02305603027344, 41.7783317565918)","(12.968713760375977, 141.95684814453125, 41.026268005371094)",POINT (0.5410644710063934 0.3129840046167374),,,,,,,,,,,,,,,,,,,,,,,,,,,,1,
0,13,5,408081883424,2238724464,1,1,"(0.529977023601532, 0.3016597628593445)","(0.5407634973526001, 0.3214164972305298)",1,1,2.310638427734375,2.3050994873046875,"(-49.20610809326172, 29.752397537231445, 528.97509765625)","(12.419939041137695, 25.6468563079834, 529.4803466796875)","(8.738162994384766, 145.0581817626953, 42.15506362915039)","(12.465141296386719, 141.4498748779297, 40.84174346923828)",POINT (0.535370260477066 0.3115381300449371),,,,,,,,,,,,,,,,,,,,,,,,,,,,1,
0,13,5,408081900091,2238741130,1,1,"(0.537315845489502, 0.3059140145778656)","(0.5427478551864624, 0.3171754777431488)",1,1,2.298553466796875,2.3120574951171875,"(-49.21559143066406, 29.76063346862793, 529.0130615234375)","(12.414527893066406, 25.667558670043945, 529.605224609375)","(11.273916244506836, 144.2812042236328, 41.872276306152344)","(13.150815963745117, 142.2244415283203, 41.1236686706543)",POINT (0.5400318503379822 0.3115447461605072),,,,,,,,,,,,,,,,,,,,,,,,,,,,1,
0,13,5,408081916758,2238757797,1,1,"(0.536615788936615, 0.30297333002090454)","(0.5403707027435303, 0.32485029101371765)",1,1,2.29766845703125,2.328460693359375,"(-49.20951843261719, 29.76060676574707, 529.02978515625)","(12.424137115478516, 25.675804138183594, 529.5733642578125)","(11.032025337219238, 144.81826782226562, 42.0677604675293)","(12.329452514648438, 140.82273864746094, 40.61349868774414)",POINT (0.5384932458400726 0.3139118105173111),,,,,,,,,,,,,,,,,,,,,,,,,,,,1,
0,13,5,408081933432,2238774470,1,1,"(0.5330007076263428, 0.30744504928588867)","(0.5417775511741638, 0.32037681341171265)",1,1,2.320587158203125,2.301544189453125,"(-49.20299530029297, 29.76715087890625, 529.0862426757812)","(12.43692398071289, 25.68804168701172, 529.63525390625)","(9.78293228149414, 144.0015869140625, 41.77048873901367)","(12.815539360046387, 141.6397705078125, 40.91086196899414)",POINT (0.5373891294002533 0.3139109313488007),,,,,,,,,,,,,,,,,,,,,,,,,,,,1,
0,13,5,408081950098,2238791136,1,1,"(0.5372380018234253, 0.3006502687931061)","(0.5390841364860535, 0.3203955590724945)",1,1,2.319122314453125,2.3065338134765625,"(-49.195709228515625, 29.779399871826172, 529.0872802734375)","(12.440844535827637, 25.69422149658203, 529.658447265625)","(11.247000694274902, 145.24253845214844, 42.22218322753906)","(11.884902000427246, 141.63633728027344, 40.90960693359375)",POINT (0.5381610691547394 0.3105229139328003),,,,,,,,,,,,,,,,,,,,,,,,,,,,1,
0,13,5,408081966766,2238807803,1,1,"(0.5418049693107605, 0.29783323407173157)","(0.5397464036941528, 0.32454633712768555)",1,1,2.309814453125,2.31396484375,"(-49.1492919921875, 29.784311294555664, 529.0947265625)","(12.503681182861328, 25.686769485473633, 529.5709228515625)","(12.82501220703125, 145.75704956054688, 42.409446716308594)","(12.113720893859863, 140.8782501220703, 40.633705139160156)",POINT (0.5407756865024567 0.3111897855997086),,,,,,,,,,,,,,,,,,,,,,,,,,,,1,
0,13,5,408081983433,2238824470,1,1,"(0.5954815745353699, 0.30170938372612)","(0.5938652753829956, 0.3200272023677826)",1,1,2.32171630859375,2.316558837890625,"(-48.92251968383789, 29.79376220703125, 529.1300048828125)","(12.664344787597656, 25.730018615722656, 529.9464111328125)","(31.37164306640625, 145.0491180419922, 42.15177917480469)","(30.813182830810547, 141.70361328125, 40.93410873413086)",POINT (0.5946734249591827 0.3108682930469513),,,,,,,,,,,,,,,,,,,,,,,,,,,,1,
0,13,5,408082000099,2238841136,1,1,"(0.5965519547462463, 0.2958604693412781)","(0.5976536273956299, 0.33297815918922424)",1,1,2.302978515625,2.3387603759765625,"(-48.880828857421875, 29.8189697265625, 529.2937622070312)","(12.719520568847656, 25.758743286132812, 530.27978515625)","(31.741498947143555, 146.11734008789062, 42.54056930541992)","(32.12213897705078, 139.33828735351562, 40.07320785522461)",POINT (0.5971027910709381 0.3144193142652512),,,,,,,,,,,,,,,,,,,,,,,,,,,,1,
0,13,5,408082016766,2238857803,1,1,"(0.6015296578407288, 0.30195897817611694)","(0.6004524827003479, 0.32986459136009216)",1,1,2.32257080078125,2.326873779296875,"(-48.89430236816406, 29.836395263671875, 529.2907104492188)","(12.72256088256836, 25.77608871459961, 530.20947265625)","(33.46141815185547, 145.00352478027344, 42.13517379760742)","(33.08919906616211, 139.90695190429688, 40.28018569946289)",POINT (0.6009910702705383 0.3159117847681046),,,,,,,,,,,,,,,,,,,,,,,,,,,,1,
0,13,5,408082033434,2238874470,1,1,"(0.5992276072502136, 0.3072136640548706)","(0.5985692739486694, 0.329433411359787)",1,1,2.305328369140625,2.3379058837890625,"(-48.8883056640625, 29.854854583740234, 529.2994384765625)","(12.727705955505371, 25.794092178344727, 530.326171875)","(32.665977478027344, 144.04383850097656, 41.78588104248047)","(32.438533782958984, 139.98568725585938, 40.30884552001953)",POINT (0.5988984405994415 0.3183235377073288),,,,,,,,,,,,,,,,,,,,,,,,,,,,1,
0,13,5,408082050100,2238891136,1,1,"(0.5983823537826538, 0.3079662024974823)","(0.5962240695953369, 0.3301563262939453)",1,1,2.30877685546875,2.331024169921875,"(-48.897865295410156, 29.893741607666016, 529.3436279296875)","(12.726558685302734, 25.81963348388672, 530.4194946289062)","(32.37393569946289, 143.90640258789062, 41.7358512878418)","(31.628173828125, 139.85365295410156, 40.26078414916992)",POINT (0.5973032116889954 0.3190612643957138),,,,,,,,,,,,,,,,,,,,,,,,,,,,1,
0,13,5,408082066773,2238907808,1,1,"(0.598042368888855, 0.3174729645252228)","(0.5976366996765137, 0.336224764585495)",1,1,2.334381103515625,2.351913452148437,"(-48.89103698730469, 29.92605972290039, 529.3606567382812)","(12.734081268310547, 25.834827423095703, 530.4353637695312)","(32.256473541259766, 142.17010498046875, 41.1038932800293)","(32.11627197265625, 138.74534606933594, 39.857383728027344)",POINT (0.5978395342826843 0.3268488645553589),,,,,,,,,,,,,,,,,,,,,,,,,,,,1,
0,13,5,408082083439,2238924474,1,1,"(0.597086489200592, 0.30308401584625244)","(0.5948490500450134, 0.34143581986427307)",1,1,2.32305908203125,2.3570556640625,"(-48.87708282470703, 29.95342254638672, 529.3475341796875)","(12.750059127807617, 25.85641098022461, 530.4736328125)","(31.926198959350586, 144.79806518554688, 42.060386657714844)","(31.153087615966797, 137.79360961914062, 39.510982513427734)",POINT (0.5959677696228027 0.3222599178552628),,,,,,,,,,,,,,,,,,,,,,,,,,,,1,
0,13,5,408082100107,2238941141,1,1,"(0.5998433828353882, 0.29817965626716614)","(0.5936886072158813, 0.3324684798717499)",1,1,2.327255249023437,2.3491668701171875,"(-48.87290954589844, 29.969257354736328, 529.3411865234375)","(12.760717391967773, 25.861793518066406, 530.3955078125)","(32.87876510620117, 145.6937713623047, 42.38640213012695)","(30.752134323120117, 139.43138122558594, 40.1070671081543)",POINT (0.5967659950256348 0.315324068069458),,,,,,,,,,,,,,,,,,,,,,,,,,,,1,
0,13,5,408082116774,2238957808,1,1,"(0.5975375771522522, 0.299349308013916)","(0.5985648036003113, 0.3325636088848114)",1,1,2.341888427734375,2.36767578125,"(-48.86231231689453, 29.978858947753906, 529.3271484375)","(12.772709846496582, 25.865455627441406, 530.3870849609375)","(32.08206558227539, 145.4801483154297, 42.30867004394531)","(32.4370002746582, 139.4140167236328, 40.10074234008789)",POINT (0.5980511903762817 0.3159564584493637),,,,,,,,,,,,,,,,,,,,,,,,,,,,1,
0,13,5,408082133441,2238974474,1,1,"(0.5957337617874146, 0.307467520236969)","(0.5939274430274963, 0.33598455786705017)",1,1,2.318267822265625,2.365692138671875,"(-48.854759216308594, 29.985198974609375, 529.3126220703125)","(12.779131889343262, 25.852821350097656, 530.35595703125)","(31.45878028869629, 143.99746704101562, 41.769020080566406)","(30.834644317626953, 138.78921508789062, 39.873348236083984)",POINT (0.5948306024074554 0.3217260390520096),,,,,,,,,,,,,,,,,,,,,,,,,,,,1,
0,13,5,408082150107,2238991141,1,1,"(0.5956653952598572, 0.3036985397338867)","(0.5972627997398376, 0.33563175797462463)",1,1,2.33465576171875,2.3651275634765625,"(-48.856292724609375, 29.982114791870117, 529.2886962890625)","(12.778663635253906, 25.847536087036133, 530.3480224609375)","(31.435171127319336, 144.68582153320312, 42.01953887939453)","(31.98706817626953, 138.85365295410156, 39.896812438964844)",POINT (0.5964640974998474 0.3196651488542557),,,,,,,,,,,,,,,,,,,,,,,,,,,,1,
0,13,5,408082166775,2239007808,1,1,"(0.5982868075370789, 0.3046465218067169)","(0.5997305512428284, 0.3367801010608673)",1,1,2.3497314453125,2.3603057861328125,"(-48.8647346496582, 29.988203048706055, 529.3031616210938)","(12.768339157104492, 25.838586807250977, 530.2781372070312)","(32.34091567993164, 144.5126953125, 41.9565315246582)","(32.839759826660156, 138.6439208984375, 39.82045364379883)",POINT (0.5990086793899536 0.3207133114337921),,,,,,,,,,,,,,,,,,,,,,,,,,,,1,
0,13,5,408082183441,2239024474,1,1,"(0.5755739808082581, 0.3059985637664795)","(0.5857290029525757, 0.33146876096725464)",1,1,2.3548736572265625,2.3343048095703125,"(-48.959228515625, 29.974727630615234, 529.2175903320312)","(12.66153335571289, 25.822946548461914, 529.8995361328125)","(24.49306869506836, 144.2657470703125, 41.866668701171875)","(28.00188636779785, 139.6139678955078, 40.17350769042969)",POINT (0.5806514918804169 0.3187336623668671),,,,,,,,,,,,,,,,,,,,,,,,,,,,1,
0,13,5,408082200114,2239041146,1,1,"(0.4654446840286255, 0.35066959261894226)","(0.47492557764053345, 0.3572937548160553)",1,1,2.324310302734375,2.35040283203125,"(-49.33376693725586, 29.91627311706543, 529.34765625)","(12.215261459350586, 25.73217010498047, 530.0714721679688)","(-13.559385299682617, 136.107177734375, 38.897186279296875)","(-10.283502578735352, 134.89736938476562, 38.45683670043945)",POINT (0.4701851308345795 0.3539816737174988),,,,,,,,,,,,,,,,,,,,,,,,,,,,1,
0,13,5,408082216781,2239057813,1,1,"(0.42214223742485046, 0.3535742461681366)","(0.4307043254375458, 0.37909284234046936)",1,1,2.308944702148437,2.341415405273437,"(-49.56401824951172, 29.87481689453125, 529.2730712890625)","(11.951948165893555, 25.741321563720703, 530.3919677734375)","(-28.521469116210938, 135.57669067382812, 38.704063415527344)","(-25.563066482543945, 130.91604614257812, 37.007755279541016)",POINT (0.4264232814311981 0.366333544254303),,,,,,,,,,,,,,,,,,,,,,,,,,,,,
0,13,5,408082233447,2239074479,1,1,"(0.4252592623233795, 0.35558784008026123)","(0.43745899200439453, 0.3770071864128113)",1,1,2.3131866455078125,2.3544921875,"(-49.58855056762695, 29.89914321899414, 529.2609252929688)","(11.956697463989258, 25.76126480102539, 530.3218994140625)","(-27.444467544555664, 135.2089385986328, 38.570220947265625)","(-23.22915267944336, 131.29696655273438, 37.146400451660156)",POINT (0.431359127163887 0.3662975132465362),,,,,,,,,,,,,,,,,,,,,,,,,,,,,
0,13,5,408082250115,2239091146,1,1,"(0.4216563403606415, 0.35916346311569214)","(0.4330727756023407, 0.3708818554878235)",1,1,2.3175201416015625,2.349212646484375,"(-49.62569046020508, 29.91055679321289, 529.2474365234375)","(11.931767463684082, 25.7739200592041, 530.4165649414062)","(-28.689363479614258, 134.55589294433594, 38.33253479003906)","(-24.74471092224121, 132.4156951904297, 37.55357360839844)",POINT (0.4273645579814911 0.3650226593017578),,,,,,,,,,,,,,,,,,,,,,,,,,,,,
0,13,5,408082266782,2239107813,1,1,"(0.42536988854408264, 0.3623627722263336)","(0.43646591901779175, 0.3829917013645172)",1,1,2.33270263671875,2.3260040283203125,"(-49.66815185546875, 29.923105239868164, 529.2491455078125)","(11.91402530670166, 25.791553497314453, 530.4323120117188)","(-27.406238555908203, 133.97157287597656, 38.119869232177734)","(-23.572284698486328, 130.2039794921875, 36.74858856201172)",POINT (0.4309179037809372 0.3726772367954254),,,,,,,,,,,,,,,,,,,,,,,,,,,,,
0,13,5,408082283448,2239124479,1,1,"(0.4228258728981018, 0.35698211193084717)","(0.4334990680217743, 0.37335923314094543)",1,1,2.30023193359375,2.3368682861328125,"(-49.70012283325195, 29.923175811767578, 529.2039184570312)","(11.891579627990723, 25.807180404663086, 530.4563598632812)","(-28.285263061523438, 134.95428466796875, 38.477561950683594)","(-24.5974063873291, 131.96322631835938, 37.38889694213867)",POINT (0.428162470459938 0.3651706725358963),,,,,,,,,,,,,,,,,,,,,,,,,,,,,
0,13,5,408082300116,2239141146,1,1,"(0.4207671880722046, 0.361162006855011)","(0.42884325981140137, 0.37740132212638855)",1,1,2.2998504638671875,2.334686279296875,"(-49.746665954589844, 29.928173065185547, 529.2515869140625)","(11.86119270324707, 25.810943603515625, 530.3558959960938)","(-28.996597290039062, 134.19090270996094, 38.19968032836914)","(-26.206117630004883, 131.22500610351562, 37.12018585205078)",POINT (0.424805223941803 0.3692816644906998),,,,,,,,,,,,,,,,,,,,,,,,,,,,,
0,13,5,408082316787,2239157817,1,1,"(0.4210771322250366, 0.3440721333026886)","(0.4334830343723297, 0.3702814280986786)",1,1,2.318145751953125,2.32568359375,"(-49.78739929199219, 29.936134338378906, 529.238037109375)","(11.82232666015625, 25.828105926513672, 530.2791137695312)","(-28.889495849609375, 137.31211853027344, 39.33573913574219)","(-24.602943420410156, 132.5253448486328, 37.593475341796875)",POINT (0.4272800832986832 0.3571767807006836),,,,,,,,,,,,,,,,,,,,,,,,,,,,,
0,13,5,408082333454,2239174483,1,1,"(0.41926756501197815, 0.35300323367118835)","(0.43637150526046753, 0.37472498416900635)",1,1,2.312591552734375,2.3234405517578125,"(-49.823822021484375, 29.939815521240234, 529.2323608398438)","(11.793458938598633, 25.839736938476562, 530.2803955078125)","(-29.51476287841797, 135.68096923828125, 38.7420654296875)","(-23.60491371154785, 131.7137908935547, 37.2981071472168)",POINT (0.4278195351362228 0.3638641089200974),,,,,,,,,,,,,,,,,,,,,,,,,,,,,
0,13,5,408082350121,2239191150,1,1,"(0.4248267412185669, 0.36364102363586426)","(0.43028324842453003, 0.36462539434432983)",1,1,2.338165283203125,2.3276519775390625,"(-49.855716705322266, 29.951242446899414, 529.2511596679688)","(11.772506713867188, 25.861614227294922, 530.2886962890625)","(-27.59391212463379, 133.73812866210938, 38.0349006652832)","(-25.708555221557617, 133.55833435058594, 37.9694709777832)",POINT (0.4275549948215485 0.364133208990097),,,,,,,,,,,,,,,,,,,,,,,,,,,,,
0,13,5,408082366788,2239207817,1,1,"(0.4206865727901459, 0.36421501636505127)","(0.43009161949157715, 0.3689044415950775)",1,1,2.3364410400390625,2.3509063720703125,"(-49.88697814941406, 29.96147346496582, 529.2781372070312)","(11.752821922302246, 25.87537384033203, 530.2738647460938)","(-29.024452209472656, 133.63330078125, 37.99672317504883)","(-25.77475357055664, 132.77684020996094, 37.685020446777344)",POINT (0.4253890961408615 0.3665597289800644),,,,,,,,,,,,,,,,,,,,,,,,,,,,,
0,13,5,408082383455,2239224483,1,1,"(0.42163190245628357, 0.35651126503944397)","(0.4347366392612457, 0.37290266156196594)",1,1,2.3335418701171875,2.338165283203125,"(-49.90234375, 29.967376708984375, 529.2523193359375)","(11.739958763122559, 25.891067504882812, 530.21923828125)","(-28.69782066345215, 135.04026794433594, 38.508853912353516)","(-24.1697940826416, 132.04661560058594, 37.41925048828125)",POINT (0.4281842708587646 0.364706963300705),,,,,,,,,,,,,,,,,,,,,,,,,,,,,
0,13,5,408082400122,2239241150,1,1,"(0.4209529757499695, 0.3593692183494568)","(0.42713621258735657, 0.37077775597572327)",1,1,2.32958984375,2.342681884765625,"(-49.93254089355469, 29.981367111206055, 529.271240234375)","(11.715116500854492, 25.90845489501953, 530.1346435546875)","(-28.932401657104492, 134.51832580566406, 38.31886672973633)","(-26.79593849182129, 132.43470764160156, 37.56049728393555)",POINT (0.424044594168663 0.36507348716259),,,,,,,,,,,,,,,,,,,,,,,,,,,,,
0,13,5,408082416789,2239257817,1,1,"(0.3773724138736725, 0.34136962890625)","(0.38016071915626526, 0.3595179617404938)",1,1,2.360626220703125,2.348983764648437,"(-50.05234909057617, 30.03640365600586, 529.3778076171875)","(11.568735122680664, 25.96702766418457, 530.1236572265625)","(-43.9905891418457, 137.80569458007812, 39.51539611816406)","(-43.02716064453125, 134.49114990234375, 38.30898666381836)",POINT (0.3787665665149689 0.3504437953233719),,,,,,,,,,,,,,,,,,,,,,,,,,,,,
0,13,5,408082433456,2239274483,1,1,"(0.3934882879257202, 0.34837114810943604)","(0.3928024470806122, 0.36562082171440125)",1,1,2.3424835205078125,2.3668212890625,"(-50.05577087402344, 30.052745819091797, 529.3294677734375)","(11.565539360046387, 25.999422073364258, 530.1774291992188)","(-38.422149658203125, 136.52696228027344, 39.049949645996094)","(-38.659122467041016, 133.37652587890625, 37.90330123901367)",POINT (0.3931453675031662 0.3569959849119186),,,,,,,,,,,,,,,,,,,,,,,,,,,,,
0,13,5,408082450128,2239291155,1,1,"(0.3861161470413208, 0.3454563021659851)","(0.38876238465309143, 0.36619147658348083)",1,1,2.354843139648437,2.3622589111328125,"(-50.06430435180664, 30.050907135009766, 529.2727661132812)","(11.565075874328613, 25.99718475341797, 530.1937255859375)","(-40.96939468383789, 137.059326171875, 39.24372100830078)","(-40.0550651550293, 133.27230834960938, 37.865360260009766)",POINT (0.3874392658472061 0.355823889374733),,,,,,,,,,,,,,,,,,,,,,,,,,,,,
0,13,5,408082466796,2239307822,1,1,"(0.38808736205101013, 0.3503692150115967)","(0.39746975898742676, 0.3647460341453552)",1,1,2.3538360595703125,2.3501739501953125,"(-50.074283599853516, 30.0510311126709, 529.2320556640625)","(11.562799453735352, 25.99878692626953, 530.1549072265625)","(-40.28830337524414, 136.16204833984375, 38.917137145996094)","(-37.046443939208984, 133.5363006591797, 37.96145248413086)",POINT (0.3927785605192184 0.357557624578476),,,,,,,,,,,,,,,,,,,,,,,,,,,,,
0,13,5,408082483462,2239324488,1,1,"(0.3879571557044983, 0.34832167625427246)","(0.39357832074165344, 0.36662745475769043)",1,1,2.3639678955078125,2.357818603515625,"(-50.077701568603516, 30.03667449951172, 529.1995849609375)","(11.563394546508789, 25.98263168334961, 530.10009765625)","(-40.33330154418945, 136.53602600097656, 39.05323028564453)","(-38.39103698730469, 133.19268798828125, 37.83638381958008)",POINT (0.3907677382230759 0.3574745655059814),,,,,,,,,,,,,,,,,,,,,,,,,,,,,
0,13,5,408082500129,2239341155,1,1,"(0.384912371635437, 0.35186198353767395)","(0.3944956958293915, 0.3632698953151703)",1,1,2.366302490234375,2.34619140625,"(-50.083316802978516, 30.02669906616211, 529.2149658203125)","(11.562288284301758, 25.97118377685547, 530.0997924804688)","(-41.385337829589844, 135.88941955566406, 38.81789016723633)","(-38.07405471801758, 133.805908203125, 38.05956268310547)",POINT (0.3897040337324142 0.3575659394264221),,,,,,,,,,,,,,,,,,,,,,,,,,,,,
0,13,5,408082516797,2239357822,1,1,"(0.386797696352005, 0.34526005387306213)","(0.39284276962280273, 0.35900023579597473)",1,1,2.37139892578125,2.35736083984375,"(-50.078365325927734, 30.011375427246094, 529.184814453125)","(11.568380355834961, 25.957115173339844, 530.05322265625)","(-40.733924865722656, 137.09515380859375, 39.256778717041016)","(-38.64517593383789, 134.58570861816406, 38.3433952331543)",POINT (0.3898202329874039 0.3521301448345184),,,,,,,,,,,,,,,,,,,,,,,,,,,,,
0,13,5,408082533463,2239374488,1,1,"(0.3928411602973938, 0.3536062240600586)","(0.39489030838012695, 0.3628859519958496)",1,1,2.393295288085937,2.36175537109375,"(-50.06663513183594, 30.0173282623291, 529.170654296875)","(11.582062721252441, 25.959129333496094, 530.0450439453125)","(-38.6457405090332, 135.57086181640625, 38.70195007324219)","(-37.93770217895508, 133.87603759765625, 38.08510208129883)",POINT (0.3938657343387604 0.3582460880279541),,,,,,,,,,,,,,,,,,,,,,,,,,,,,
0,13,5,408082550131,2239391155,1,1,"(0.38716113567352295, 0.3510613441467285)","(0.39330992102622986, 0.358438104391098)",1,1,2.389129638671875,2.373626708984375,"(-50.04884719848633, 30.02927017211914, 529.1573486328125)","(11.598660469055176, 25.971803665161133, 530.044677734375)","(-40.608341217041016, 136.03562927246094, 38.87111282348633)","(-38.48377227783203, 134.68836975097656, 38.38078689575195)",POINT (0.3902355283498764 0.3547497242689133),,,,,,,,,,,,,,,,,,,,,,,,,,,,,
0,13,5,408082566798,2239407822,1,1,"(0.40116116404533386, 0.2888474464416504)","(0.4251125156879425, 0.31083589792251587)",1,1,2.406768798828125,2.4100341796875,"(-49.94304656982422, 30.1907958984375, 529.20458984375)","(11.653743743896484, 26.130197525024414, 530.1982421875)","(-35.77097702026367, 147.398193359375, 43.006752014160156)","(-27.495168685913086, 143.3822784423828, 41.54508972167969)",POINT (0.4131368398666382 0.2998416721820831),,,,,,,,,,,,,,,,,,,,,,,,,,,,1,
0,13,5,408082583468,2239424492,1,1,"(0.42128920555114746, 0.22657997906208038)","(0.44275355339050293, 0.23779606819152832)",1,1,2.43280029296875,2.4120330810546875,"(-49.76469421386719, 30.381484985351562, 529.318115234375)","(11.699904441833496, 26.303089141845703, 530.2435302734375)","(-28.81622314453125, 158.7705078125, 47.14594268798828)","(-21.399742126464844, 156.7220458984375, 46.40036392211914)",POINT (0.4320213794708252 0.2321880236268044),,,,,,,,,,,,,,,,,,,,,,,,,,,,1,
0,13,5,408082600136,2239441159,1,1,"(0.42012301087379456, 0.24074478447437286)","(0.43432188034057617, 0.24665431678295135)",1,1,2.4341278076171875,2.423675537109375,"(-49.77630615234375, 30.361656188964844, 529.26123046875)","(11.730757713317871, 26.271093368530273, 530.3131103515625)","(-29.21918487548828, 156.18348693847656, 46.204368591308594)","(-24.313112258911133, 155.10418701171875, 45.8115348815918)",POINT (0.4272224456071854 0.2436995506286621),,,,,,,,,,,,,,,,,,,,,,,,,,,1,1,
0,13,5,408082616803,2239457826,1,1,"(0.42295610904693604, 0.23180454969406128)","(0.43576085567474365, 0.2432577908039093)",1,1,2.4506072998046875,2.436859130859375,"(-49.78453826904297, 30.35609245300293, 529.2285766601562)","(11.75772476196289, 26.255043029785156, 530.2267456054688)","(-28.240264892578125, 157.8163299560547, 46.79863739013672)","(-23.81591033935547, 155.7245330810547, 46.03728485107422)",POINT (0.4293584823608398 0.2375311702489853),,,,,,,,,,,,,,,,,,,,,,,,,,,,1,
0,13,5,408082633469,2239474492,1,1,"(0.41724446415901184, 0.23726405203342438)","(0.4352675974369049, 0.24810545146465302)",1,1,2.430770874023437,2.418975830078125,"(-49.766151428222656, 30.34878158569336, 529.143798828125)","(11.777986526489258, 26.25720977783203, 530.1400146484375)","(-30.213783264160156, 156.81919860839844, 46.43574142456055)","(-23.9863338470459, 154.83917236328125, 45.715065002441406)",POINT (0.4262560307979584 0.2426847517490387),,,,,,,,,,,,,,,,,,,,,,,,,,,1,1,
0,13,5,408082650136,2239491159,1,1,"(0.41855522990226746, 0.23405124247074127)","(0.4323371946811676, 0.25501635670661926)",1,1,2.4293212890625,2.4249725341796875,"(-49.76070022583008, 30.352352142333984, 529.1219482421875)","(11.802988052368164, 26.25314712524414, 530.022216796875)","(-29.760887145996094, 157.40599060058594, 46.649295806884766)","(-24.99887466430664, 153.57699584960938, 45.25566101074219)",POINT (0.4254462122917175 0.2445337995886803),,,,,,,,,,,,,,,,,,,,,,,,,,,1,1,
0,13,5,408082666803,2239507825,1,1,"(0.41624394059181213, 0.24409350752830505)","(0.4365490972995758, 0.254460871219635)",1,1,2.45098876953125,2.419891357421875,"(-49.75245666503906, 30.36537742614746, 529.114990234375)","(11.826944351196289, 26.260746002197266, 529.9512939453125)","(-30.55948829650879, 155.5718994140625, 45.981727600097656)","(-23.543533325195312, 153.67843627929688, 45.292598724365234)",POINT (0.426396518945694 0.24927718937397),,,,,,,,,,,,,,,,,,,,,,,,,,,1,1,
0,13,5,408082683470,2239524492,1,1,"(0.42028746008872986, 0.24656780064105988)","(0.43448197841644287, 0.2545302212238312)",1,1,2.448455810546875,2.410064697265625,"(-49.74198913574219, 30.379806518554688, 529.06884765625)","(11.854375839233398, 26.266407012939453, 529.8876953125)","(-29.1623477935791, 155.1199951171875, 45.81727981567383)","(-24.257787704467773, 153.665771484375, 45.28797912597656)",POINT (0.4273847192525864 0.2505490109324455),,,,,,,,,,,,,,,,,,,,,,,,,,,1,1,
0,13,5,408082700138,2239541159,1,1,"(0.4220762252807617, 0.23751258850097656)","(0.4384319484233856, 0.2619110345840454)",1,1,2.4410858154296875,2.4077911376953125,"(-49.72369384765625, 30.403663635253906, 529.0394897460938)","(11.889643669128418, 26.272783279418945, 529.785888671875)","(-28.54429054260254, 156.7738037109375, 46.419212341308594)","(-22.892988204956055, 152.31777954101562, 44.79732894897461)",POINT (0.4302540868520737 0.249711811542511),,,,,,,,,,,,,,,,,,,,,,,,,,,1,1,
0,13,5,408082716810,2239557831,1,1,"(0.41433215141296387, 0.23899737000465393)","(0.43551018834114075, 0.25229379534721375)",1,1,2.436141967773437,2.41619873046875,"(-49.69392395019531, 30.412700653076172, 528.9967041015625)","(11.917978286743164, 26.275041580200195, 529.7457885742188)","(-31.220064163208008, 156.5026397705078, 46.320526123046875)","(-23.902509689331055, 154.07423400878906, 45.4366455078125)",POINT (0.4249211698770523 0.2456455826759338),,,,,,,,,,,,,,,,,,,,,,,,,,,1,1,
0,13,5,408082733478,2239574498,1,1,"(0.41754862666130066, 0.24051713943481445)","(0.4334489107131958, 0.2536063492298126)",1,1,2.4313201904296875,2.419952392578125,"(-49.658912658691406, 30.42552375793457, 528.9075317382812)","(11.954571723937988, 26.288402557373047, 529.7293701171875)","(-30.10869598388672, 156.22508239746094, 46.219486236572266)","(-24.614744186401367, 153.83450317382812, 45.34938430786133)",POINT (0.4254987686872482 0.2470617443323135),,,,,,,,,,,,,,,,,,,,,,,,,,,1,1,
0,13,5,408082750145,2239591165,1,1,"(0.41924959421157837, 0.23605400323867798)","(0.43366897106170654, 0.2557322680950165)",1,1,2.429794311523437,2.4186248779296875,"(-49.62422180175781, 30.433773040771484, 528.89794921875)","(11.992244720458984, 26.29597282409668, 529.7669677734375)","(-29.52095603942871, 157.0402069091797, 46.516178131103516)","(-24.538700103759766, 153.44625854492188, 45.20806121826172)",POINT (0.4264592826366425 0.2458931356668472),,,,,,,,,,,,,,,,,,,,,,,,,,,1,1,
0,13,5,408082766811,2239607831,1,1,"(0.4165148138999939, 0.2384636402130127)","(0.435845285654068, 0.2513372302055359)",1,1,2.4452362060546875,2.4416961669921875,"(-49.58778381347656, 30.446609497070312, 528.8187866210938)","(12.024474143981934, 26.304433822631836, 529.6412353515625)","(-30.46589469909668, 156.60011291503906, 46.35598373413086)","(-23.786739349365234, 154.24893188476562, 45.5002326965332)",POINT (0.4261800497770309 0.2449004352092743),,,,,,,,,,,,,,,,,,,,,,,,,,,1,1,
0,13,5,408082783479,2239624499,1,1,"(0.4225897789001465, 0.23857586085796356)","(0.43615686893463135, 0.24886739253997803)",1,1,2.44549560546875,2.419052124023437,"(-49.55807113647461, 30.464086532592773, 528.8148193359375)","(12.05967903137207, 26.314699172973633, 529.6788940429688)","(-28.36684226989746, 156.57962036132812, 46.34852600097656)","(-23.679067611694336, 154.70001220703125, 45.664405822753906)",POINT (0.4293733239173889 0.2437216266989708),,,,,,,,,,,,,,,,,,,,,,,,,,,1,1,
0,13,5,408082800146,2239641165,1,1,"(0.4194968044757843, 0.23428870737552643)","(0.4389054477214813, 0.2537054121494293)",1,1,2.4449615478515625,2.4279327392578125,"(-49.52521896362305, 30.465572357177734, 528.765380859375)","(12.0863037109375, 26.31918716430664, 529.607666015625)","(-29.4355525970459, 157.36260986328125, 46.633522033691406)","(-22.729352951049805, 153.81640625, 45.34280014038086)",POINT (0.4292011260986328 0.2439970597624779),,,,,,,,,,,,,,,,,,,,,,,,,,,1,1,
0,13,5,408082816812,2239657831,1,1,"(0.4316561818122864, 0.27295294404029846)","(0.4408680200576782, 0.30388131737709045)",1,1,2.4250640869140625,2.4206695556640625,"(-49.46392822265625, 30.411128997802734, 528.64794921875)","(12.123212814331055, 26.26728057861328, 529.4351806640625)","(-25.234180450439453, 150.3011016845703, 44.06333541870117)","(-22.051252365112305, 144.65245056152344, 42.007389068603516)",POINT (0.4362621009349823 0.2884171307086945),,,,,,,,,,,,,,,,,,,,,,,,,,,1,1,
0,13,5,408082833480,2239674498,1,1,"(0.43218672275543213, 0.2707013487815857)","(0.4408215284347534, 0.2872947156429291)",1,1,2.4163970947265625,2.415756225585937,"(-49.46515655517578, 30.405689239501953, 528.6239013671875)","(12.136713981628418, 26.256019592285156, 529.4036254882812)","(-25.05084228515625, 150.71231079101562, 44.2130241394043)","(-22.067317962646484, 147.68179321289062, 43.10997009277344)",POINT (0.4365041255950928 0.2789980322122574),,,,,,,,,,,,,,,,,,,,,,,,,,,1,1,
0,13,5,408082850150,2239691168,1,1,"(0.4283290207386017, 0.26901865005493164)","(0.4367873966693878, 0.2902752459049225)",1,1,2.428131103515625,2.41668701171875,"(-49.45262145996094, 30.389385223388672, 528.610107421875)","(12.153053283691406, 26.23756217956543, 529.4111328125)","(-26.3837890625, 151.01966857910156, 44.324851989746094)","(-23.461210250854492, 147.13742065429688, 42.91183090209961)",POINT (0.4325582087039948 0.2796469479799271),,,,,,,,,,,,,,,,,,,,,,,,,,,1,1,
0,13,5,408082866818,2239707835,1,1,"(0.4307541251182556, 0.26651304960250854)","(0.4374510645866394, 0.2863863706588745)",1,1,2.44049072265625,2.425689697265625,"(-49.43622970581055, 30.37434196472168, 528.5652465820312)","(12.172052383422852, 26.208709716796875, 529.3714599609375)","(-25.545848846435547, 151.47726440429688, 44.491424560546875)","(-23.23189926147461, 147.84767150878906, 43.17035675048828)",POINT (0.4341025948524475 0.2764497101306915),,,,,,,,,,,,,,,,,,,,,,,,,,,1,1,
0,13,5,408082883484,2239724501,1,1,"(0.42739808559417725, 0.26789987087249756)","(0.43911993503570557, 0.2835838198661804)",1,1,2.426116943359375,2.41375732421875,"(-49.415496826171875, 30.358600616455078, 528.5452270507812)","(12.193614959716797, 26.175434112548828, 529.347900390625)","(-26.705459594726562, 151.22398376464844, 44.399227142333984)","(-22.655250549316406, 148.35951232910156, 43.35664749145508)",POINT (0.4332590103149414 0.275741845369339),,,,,,,,,,,,,,,,,,,,,,,,,,,1,1,
0,13,5,408082900151,2239741168,1,1,"(0.4294475018978119, 0.26367172598838806)","(0.4427918791770935, 0.28087544441223145)",1,1,2.4562225341796875,2.4268798828125,"(-49.39048767089844, 30.359777450561523, 528.5571899414062)","(12.221457481384277, 26.170209884643555, 529.3934326171875)","(-25.997333526611328, 151.99620056152344, 44.680274963378906)","(-21.386499404907227, 148.8541717529297, 43.53668212890625)",POINT (0.4361196905374527 0.2722735852003098),,,,,,,,,,,,,,,,,,,,,,,,,,,1,1,
0,13,5,408082916817,2239757834,1,1,"(0.4282445013523102, 0.26552385091781616)","(0.43763384222984314, 0.28717100620269775)",1,1,2.4476318359375,2.4239044189453125,"(-49.3621826171875, 30.34477996826172, 528.4993286132812)","(12.244096755981445, 26.160200119018555, 529.4158325195312)","(-26.412992477416992, 151.65792846679688, 44.55717849731445)","(-23.168745040893555, 147.70437622070312, 43.11818313598633)",POINT (0.4329391717910767 0.276347428560257),,,,,,,,,,,,,,,,,,,,,,,,,,,1,1,
0,13,5,408082933485,2239774501,1,1,"(0.4286735951900482, 0.26819854974746704)","(0.4416874647140503, 0.28328821063041687)",1,1,2.442169189453125,2.4347076416015625,"(-49.34410858154297, 30.35715103149414, 528.5798950195312)","(12.271541595458984, 26.16691780090332, 529.4617919921875)","(-26.264734268188477, 151.16943359375, 44.3793830871582)","(-21.768110275268555, 148.4134979248047, 43.376304626464844)",POINT (0.4351805299520493 0.275743380188942),,,,,,,,,,,,,,,,,,,,,,,,,,,1,1,
0,13,5,408082950152,2239791168,1,1,"(0.4289815127849579, 0.27139902114868164)","(0.43706223368644714, 0.2849062979221344)",1,1,2.462799072265625,2.45672607421875,"(-49.32826232910156, 30.34868621826172, 528.5982055664062)","(12.289710998535156, 26.160400390625, 529.4922485351562)","(-26.15833854675293, 150.58489990234375, 44.16664123535156)","(-23.36624526977539, 148.11798095703125, 43.268741607666016)",POINT (0.4330218732357025 0.278152659535408),,,,,,,,,,,,,,,,,,,,,,,,,,,1,1,
0,13,5,408082966819,2239807834,1,1,"(0.42660024762153625, 0.2713591158390045)","(0.4419509470462799, 0.28205934166908264)",1,1,2.4565887451171875,2.439300537109375,"(-49.3280029296875, 30.350147247314453, 528.6611328125)","(12.296253204345703, 26.15687370300293, 529.57763671875)","(-26.981128692626953, 150.59219360351562, 44.169273376464844)","(-21.677074432373047, 148.63795471191406, 43.45798873901367)",POINT (0.4342755973339081 0.2767092287540436),,,,,,,,,,,,,,,,,,,,,,,,,,,1,1,
0,13,5,408082983490,2239824505,1,1,"(0.4321224093437195, 0.2684108018875122)","(0.43959876894950867, 0.27851828932762146)",1,1,2.4521942138671875,2.4556884765625,"(-49.329437255859375, 30.34429931640625, 528.693359375)","(12.292733192443848, 26.14720916748047, 529.5618896484375)","(-25.073070526123047, 151.1306610107422, 44.365264892578125)","(-22.489816665649414, 149.28466796875, 43.69338607788086)",POINT (0.4358605891466141 0.2734645456075668),,,,,,,,,,,,,,,,,,,,,,,,,,,1,1,
0,13,5,408083000157,2239841172,1,1,"(0.4280816614627838, 0.2665041983127594)","(0.44100260734558105, 0.28160518407821655)",1,1,2.455062866210937,2.45965576171875,"(-49.34149169921875, 30.357349395751953, 528.792724609375)","(12.287738800048828, 26.147510528564453, 529.6322021484375)","(-26.469253540039062, 151.4788818359375, 44.49201583862305)","(-22.004749298095703, 148.72088623046875, 43.4881706237793)",POINT (0.4345421344041824 0.274054691195488),,,,,,,,,,,,,,,,,,,,,,,,,,,1,1,
0,13,5,408083016824,2239857838,1,1,"(0.4249144494533539, 0.27069079875946045)","(0.4408794343471527, 0.2800736725330353)",1,1,2.4615631103515625,2.45330810546875,"(-49.3546142578125, 30.364490509033203, 528.822509765625)","(12.276561737060547, 26.1575984954834, 529.656005859375)","(-27.563608169555664, 150.71424865722656, 44.21369552612305)","(-22.04730224609375, 149.00059509277344, 43.590003967285156)",POINT (0.4328969419002533 0.2753822356462479),,,,,,,,,,,,,,,,,,,,,,,,,,,1,1,
0,13,5,408083033491,2239874505,1,1,"(0.4276103079319, 0.27037182450294495)","(0.4398213028907776, 0.2819975018501282)",1,1,2.462875366210937,2.4582061767578125,"(-49.35215377807617, 30.37517547607422, 528.8065185546875)","(12.271724700927734, 26.166629791259766, 529.671875)","(-26.63212776184082, 150.7725067138672, 44.23494338989258)","(-22.412918090820312, 148.64923095703125, 43.462120056152344)",POINT (0.4337158054113388 0.2761846631765366),,,,,,,,,,,,,,,,,,,,,,,,,,,1,1,
0,13,5,408083050158,2239891172,1,1,"(0.4252565801143646, 0.2727081775665283)","(0.4412519633769989, 0.2878185510635376)",1,1,2.4681854248046875,2.43310546875,"(-49.355079650878906, 30.383075714111328, 528.8378295898438)","(12.269699096679688, 26.177318572998047, 529.695068359375)","(-27.44540023803711, 150.34580993652344, 44.0796012878418)","(-21.918596267700195, 147.58609008789062, 43.07514190673828)",POINT (0.4332542717456818 0.280263364315033),,,,,,,,,,,,,,,,,,,,,,,,,,,1,1,
0,13,5,408083066825,2239907838,1,1,"(0.4281664192676544, 0.2704680263996124)","(0.4391922056674957, 0.29005998373031616)",1,1,2.470703125,2.46240234375,"(-49.34754180908203, 30.387523651123047, 528.8309936523438)","(12.27579116821289, 26.17901039123535, 529.718017578125)","(-26.439966201782227, 150.75494384765625, 44.2285041809082)","(-22.63028907775879, 147.17672729492188, 42.92615509033203)",POINT (0.4336793124675751 0.2802640050649643),,,,,,,,,,,,,,,,,,,,,,,,,,,1,1,
0,13,5,408083083492,2239924505,1,1,"(0.42980441451072693, 0.2671593427658081)","(0.43808233737945557, 0.29023733735084534)",1,1,2.4556427001953125,2.4622955322265625,"(-49.348995208740234, 30.391523361206055, 528.9171142578125)","(12.282241821289062, 26.1749210357666, 529.7332763671875)","(-25.874019622802734, 151.35923767089844, 44.4484748840332)","(-23.01377296447754, 147.1443328857422, 42.91437911987305)",POINT (0.4339433759450912 0.2786983400583267),,,,,,,,,,,,,,,,,,,,,,,,,,,1,1,
0,13,5,408083100159,2239941172,1,1,"(0.428209125995636, 0.26779884099960327)","(0.43728384375572205, 0.2837502956390381)",1,1,2.451019287109375,2.4450225830078125,"(-49.33753204345703, 30.398971557617188, 528.910888671875)","(12.290260314941406, 26.175809860229492, 529.78759765625)","(-26.42521095275879, 151.24241638183594, 44.405975341796875)","(-23.28968620300293, 148.32911682128906, 43.34558868408203)",POINT (0.432746484875679 0.2757745683193207),,,,,,,,,,,,,,,,,,,,,,,,,,,1,1,
0,13,5,408083116834,2239957846,1,1,"(0.42572924494743347, 0.2766743302345276)","(0.43863025307655334, 0.28959372639656067)",1,1,2.453643798828125,2.4341278076171875,"(-49.33439254760742, 30.407752990722656, 528.9505615234375)","(12.294950485229492, 26.171974182128906, 529.7953491210938)","(-27.282081604003906, 149.62144470214844, 43.815956115722656)","(-22.824459075927734, 147.26190185546875, 42.95713806152344)",POINT (0.4321797490119934 0.2831340283155441),,,,,,,,,,,,,,,,,,,,,,,,,,,1,1,
0,13,5,408083133501,2239974513,1,1,"(0.426122784614563, 0.27463358640670776)","(0.43709060549736023, 0.2882637083530426)",1,1,2.458251953125,2.440704345703125,"(-49.32963943481445, 30.425079345703125, 529.00634765625)","(12.305235862731934, 26.174951553344727, 529.8184204101562)","(-27.146102905273438, 149.99415588378906, 43.95162582397461)","(-23.356447219848633, 147.5048065185547, 43.04556655883789)",POINT (0.4316066950559616 0.2814486473798752),,,,,,,,,,,,,,,,,,,,,,,,,,,1,1,
0,13,5,408083150168,2239991179,1,1,"(0.40704575181007385, 0.24528373777866364)","(0.41600358486175537, 0.2609795331954956)",1,1,2.461578369140625,2.4557037353515625,"(-49.36372756958008, 30.470706939697266, 529.0272216796875)","(12.232866287231445, 26.22972869873047, 529.85986328125)","(-33.73769760131836, 155.35450744628906, 45.90262985229492)","(-30.642541885375977, 152.48788452148438, 44.85927200317383)",POINT (0.4115246683359146 0.2531316354870796),,,,,,,,,,,,,,,,,,,,,,,,,,,1,1,
0,13,5,408083166835,2240007847,1,1,"(0.41929715871810913, 0.24678902328014374)","(0.43098095059394836, 0.2695625424385071)",1,1,2.44329833984375,2.444320678710937,"(-49.33757019042969, 30.50830078125, 528.9984130859375)","(12.239774703979492, 26.267362594604492, 529.8905029296875)","(-29.50452995300293, 155.07960510253906, 45.80255126953125)","(-25.467479705810547, 150.92030334472656, 44.2887077331543)",POINT (0.4251390546560288 0.2581757828593254),,,,,,,,,,,,,,,,,,,,,,,,,,,1,1,
0,13,5,408083183502,2240024513,1,1,"(0.41599041223526, 0.25601130723953247)","(0.43140044808387756, 0.26306065917015076)",1,1,2.455184936523437,2.4425201416015625,"(-49.32606506347656, 30.52041244506836, 528.9525146484375)","(12.268653869628906, 26.264440536499023, 529.9287109375)","(-30.647090911865234, 153.39524841308594, 45.18952178955078)","(-25.322538375854492, 152.10780334472656, 44.720924377441406)",POINT (0.4236954301595688 0.2595359832048416),,,,,,,,,,,,,,,,,,,,,,,,,,,1,1,
0,13,5,408083200168,2240041179,1,1,"(0.4148026704788208, 0.2576726973056793)","(0.4249599874019623, 0.26767611503601074)",1,1,2.469711303710937,2.434921264648437,"(-49.30767059326172, 30.554731369018555, 528.993408203125)","(12.288412094116211, 26.28329086303711, 529.9437255859375)","(-31.05748176574707, 153.0918426513672, 45.0790901184082)","(-27.547880172729492, 151.2648468017578, 44.41410446166992)",POINT (0.4198813289403915 0.262674406170845),,,,,,,,,,,,,,,,,,,,,,,,,,,1,1,
0,13,5,408083216836,2240057846,1,1,"(0.4179289638996124, 0.24448034167289734)","(0.4285409152507782, 0.2651095688343048)",1,1,2.4443359375,2.4276123046875,"(-49.289920806884766, 30.578330993652344, 528.9639892578125)","(12.30387020111084, 26.303253173828125, 529.9428100585938)","(-29.977264404296875, 155.50125122070312, 45.9560432434082)","(-26.310579299926758, 151.7335968017578, 44.5847053527832)",POINT (0.4232349395751953 0.2547949552536011),,,,,,,,,,,,,,,,,,,,,,,,,,,1,1,
0,13,5,408083233505,2240074515,1,1,"(0.41405996680259705, 0.26088783144950867)","(0.42582449316978455, 0.25885170698165894)",1,1,2.4542999267578125,2.440216064453125,"(-49.281524658203125, 30.593097686767578, 528.9576416015625)","(12.31562328338623, 26.311433792114258, 529.9348754882812)","(-31.314115524291992, 152.504638671875, 44.865360260009766)","(-27.24916648864746, 152.87652587890625, 45.000701904296875)",POINT (0.4199422299861908 0.2598697692155838),,,,,,,,,,,,,,,,,,,,,,,,,,,1,1,
0,13,5,408083250173,2240091182,1,1,"(0.4191042184829712, 0.2522228956222534)","(0.4235357940196991, 0.26518040895462036)",1,1,2.45501708984375,2.441192626953125,"(-49.274375915527344, 30.614727020263672, 528.9906005859375)","(12.329079627990723, 26.314598083496094, 529.8873901367188)","(-29.571203231811523, 154.08718872070312, 45.44136428833008)","(-28.039962768554688, 151.72064208984375, 44.580020904541016)",POINT (0.4213200062513351 0.2587016522884369),,,,,,,,,,,,,,,,,,,,,,,,,,,1,1,
0,13,5,408083266839,2240107848,1,1,"(0.41539934277534485, 0.2450953871011734)","(0.42534634470939636, 0.2691085636615753)",1,1,2.4361114501953125,2.436370849609375,"(-49.267433166503906, 30.62020492553711, 528.9530639648438)","(12.332626342773438, 26.328937530517578, 529.9263305664062)","(-30.851318359375, 155.388916015625, 45.915138244628906)","(-27.41438865661621, 151.00323486328125, 44.31888961791992)",POINT (0.4203728437423706 0.2571019753813744),,,,,,,,,,,,,,,,,,,,,,,,,,,1,1,
0,13,5,408083283507,2240124515,1,1,"(0.4186154901981354, 0.2504841089248657)","(0.4255649149417877, 0.26840099692344666)",1,1,2.425811767578125,2.4189605712890625,"(-49.26575469970703, 30.638607025146484, 528.9691772460938)","(12.336751937866211, 26.341617584228516, 529.926025390625)","(-29.74005889892578, 154.4047393798828, 45.55692672729492)","(-27.338865280151367, 151.13246154785156, 44.36592102050781)",POINT (0.4220902025699616 0.2594425529241562),,,,,,,,,,,,,,,,,,,,,,,,,,,1,1,
0,13,5,408083300173,2240141181,1,1,"(0.4127880036830902, 0.2536253333091736)","(0.4311400055885315, 0.261487752199173)",1,1,2.42962646484375,2.4282684326171875,"(-49.250404357910156, 30.647274017333984, 528.916748046875)","(12.344380378723145, 26.347856521606445, 529.9177856445312)","(-31.753602981567383, 153.83103942871094, 45.34812545776367)","(-25.41252326965332, 152.3950653076172, 44.825469970703125)",POINT (0.4219640046358108 0.2575565427541733),,,,,,,,,,,,,,,,,,,,,,,,,,,1,1,
0,13,5,408083316840,2240157848,1,1,"(0.4166606366634369, 0.24806910753250122)","(0.4273407757282257, 0.2583569884300232)",1,1,2.4304962158203125,2.4224090576171875,"(-49.254798889160156, 30.651405334472656, 528.9320068359375)","(12.34605598449707, 26.353870391845703, 529.8557739257812)","(-30.415498733520508, 154.84579467773438, 45.71746826171875)","(-26.72525405883789, 152.96685791015625, 45.033599853515625)",POINT (0.4220007061958313 0.2532130479812622),,,,,,,,,,,,,,,,,,,,,,,,,,,1,1,
0,13,5,408083333507,2240174515,1,1,"(0.41848641633987427, 0.2557506263256073)","(0.42920351028442383, 0.2687617242336273)",1,1,2.40765380859375,2.4048004150390625,"(-49.25554656982422, 30.650836944580078, 528.9161987304688)","(12.34603500366211, 26.361492156982422, 529.8790283203125)","(-29.78466033935547, 153.44287109375, 45.20684814453125)","(-26.081626892089844, 151.06658935546875, 44.3419303894043)",POINT (0.423844963312149 0.2622561752796173),,,,,,,,,,,,,,,,,,,,,,,,,,,1,1,
0,13,5,408083350174,2240191181,1,1,"(0.4202878773212433, 0.25142019987106323)","(0.4295502305030823, 0.26178354024887085)",1,1,2.423980712890625,2.41607666015625,"(-49.252750396728516, 30.63869857788086, 528.853271484375)","(12.34503173828125, 26.35758399963379, 529.8558349609375)","(-29.162214279174805, 154.23374938964844, 45.494728088378906)","(-25.961837768554688, 152.34104919433594, 44.805816650390625)",POINT (0.4249190539121628 0.256601870059967),,,,,,,,,,,,,,,,,,,,,,,,,,,1,1,
0,13,5,408083366846,2240207853,1,1,"(0.4196380376815796, 0.25769931077957153)","(0.42812731862068176, 0.26604658365249634)",1,1,2.4246826171875,2.41046142578125,"(-49.261077880859375, 30.624187469482422, 528.8209228515625)","(12.33725643157959, 26.354433059692383, 529.8641357421875)","(-29.38674545288086, 153.08697509765625, 45.077308654785156)","(-26.453479766845703, 151.56246948242188, 44.522422790527344)",POINT (0.4238826781511307 0.2618729472160339),,,,,,,,,,,,,,,,,,,,,,,,,,,1,1,
0,13,5,408083383514,2240224520,1,1,"(0.4176553189754486, 0.2565397024154663)","(0.4297456443309784, 0.26899808645248413)",1,1,2.428466796875,2.403472900390625,"(-49.266029357910156, 30.608558654785156, 528.7877197265625)","(12.32796573638916, 26.344890594482422, 529.7939453125)","(-30.07182502746582, 153.29876708984375, 45.15436935424805)","(-25.894304275512695, 151.02340698242188, 44.32624053955078)",POINT (0.4237004816532135 0.2627688944339752),,,,,,,,,,,,,,,,,,,,,,,,,,,1,1,
0,13,5,408083400180,2240241186,1,1,"(0.41344696283340454, 0.2520311176776886)","(0.4239790141582489, 0.2690924108028412)",1,1,2.402801513671875,2.387725830078125,"(-49.272464752197266, 30.59797477722168, 528.7950439453125)","(12.327262878417969, 26.336544036865234, 529.7394409179688)","(-31.525920867919922, 154.1221923828125, 45.45410919189453)","(-27.886823654174805, 151.0061798095703, 44.31996536254883)",POINT (0.4187129884958267 0.2605617642402649),,,,,,,,,,,,,,,,,,,,,,,,,,,1,1,
0,13,5,408083416848,2240257853,1,1,"(0.4209998846054077, 0.25263234972953796)","(0.4288758933544159, 0.26225903630256653)",1,1,2.4333038330078125,2.393539428710937,"(-49.28065872192383, 30.60138702392578, 528.83984375)","(12.327873229980469, 26.34425926208496, 529.747314453125)","(-28.916196823120117, 154.01239013671875, 45.41414260864258)","(-26.1948299407959, 152.25421142578125, 44.77418518066406)",POINT (0.4249378889799118 0.2574456930160522),,,,,,,,,,,,,,,,,,,,,,,,,,,1,1,
0,13,5,408083433515,2240274520,1,1,"(0.41863495111465454, 0.2545495331287384)","(0.4278363585472107, 0.26302120089530945)",1,1,2.419830322265625,2.388916015625,"(-49.27044677734375, 30.598726272583008, 528.794921875)","(12.333440780639648, 26.34711456298828, 529.762939453125)","(-29.733348846435547, 153.66224670410156, 45.28668212890625)","(-26.554014205932617, 152.11502075195312, 44.723533630371094)",POINT (0.4232356548309326 0.2587853670120239),,,,,,,,,,,,,,,,,,,,,,,,,,,1,1,
0,13,5,408083450181,2240291186,1,1,"(0.4194302558898926, 0.2567656338214874)","(0.4258447289466858, 0.25994908809661865)",1,1,2.40570068359375,2.3840484619140625,"(-49.251441955566406, 30.59267807006836, 528.7742919921875)","(12.35318374633789, 26.34478187561035, 529.6913452148438)","(-29.458538055419922, 153.2574920654297, 45.139373779296875)","(-27.2421875, 152.67608642578125, 44.9277458190918)",POINT (0.4226374924182892 0.258357360959053),,,,,,,,,,,,,,,,,,,,,,,,,,,1,1,
0,13,5,408083466848,2240307853,1,1,"(0.41574764251708984, 0.2551034390926361)","(0.4282381534576416, 0.27919089794158936)",1,1,2.40045166015625,2.4025115966796875,"(-49.20618438720703, 30.52904510498047, 528.7423706054688)","(12.379520416259766, 26.292322158813477, 529.698486328125)","(-30.730960845947266, 153.5610809326172, 45.2498664855957)","(-26.415178298950195, 149.1618194580078, 43.64866256713867)",POINT (0.4219928979873657 0.2671471685171127),,,,,,,,,,,,,,,,,,,,,,,,,,,1,1,
0,13,5,408083483516,2240324520,1,1,"(0.4334524869918823, 0.42285972833633423)","(0.44462114572525024, 0.45120489597320557)",1,1,2.3140106201171875,2.355316162109375,"(-48.97932434082031, 30.13669204711914, 528.6082153320312)","(12.384583473205566, 25.905208587646484, 529.6137084960938)","(-24.61350440979004, 122.9226303100586, 34.09836196899414)","(-20.754440307617188, 117.74573516845703, 32.21415328979492)",POINT (0.4390368163585663 0.4370323121547699),,,,,,,,,,,,,,,,,,,,,,,,,,,,,
0,13,5,408083500190,2240341194,1,1,"(0.43984469771385193, 0.47954219579696655)","(0.4482528865337372, 0.5155825614929199)",1,1,2.3584442138671875,2.3829803466796875,"(-48.9039192199707, 30.011695861816406, 528.6031494140625)","(12.452966690063477, 25.77239227294922, 529.6273803710938)","(-22.404821395874023, 112.57032012939453, 30.330429077148438)","(-19.499582290649414, 105.98799896240234, 27.9346981048584)",POINT (0.4440487921237946 0.4975623786449432),,,,,,,,,,,,,,,,,,,,,,,,,,,,1,
0,13,5,408083516858,2240357861,1,1,"(0.435504287481308, 0.47379565238952637)","(0.452655166387558, 0.5198997855186462)",1,1,2.3077392578125,2.374542236328125,"(-48.92564392089844, 30.048206329345703, 528.6544189453125)","(12.517274856567383, 25.795230865478516, 529.74951171875)","(-23.9045467376709, 113.61984252929688, 30.712432861328125)","(-17.97850227355957, 105.19953155517578, 27.647706985473633)",POINT (0.444079726934433 0.4968477189540863),,,,,,,,,,,,,,,,,,,,,,,,,,,,1,
0,13,5,408083533525,2240374528,1,1,"(0.44034940004348755, 0.47625622153282166)","(0.45171183347702026, 0.5111982226371765)",1,1,2.3032989501953125,2.33251953125,"(-48.912330627441406, 30.05546760559082, 528.68798828125)","(12.552785873413086, 25.80388641357422, 529.7638549804688)","(-22.23044776916504, 113.17045593261719, 30.548870086669922)","(-18.304441452026367, 106.78874969482422, 28.22614860534668)",POINT (0.4460306167602539 0.4937272220849991),,,,,,,,,,,,,,,,,,,,,,,,,,,,1,
0,13,5,408083550192,2240391194,1,1,"(0.43956002593040466, 0.4798036515712738)","(0.45244458317756653, 0.5163480639457703)",1,1,2.3098602294921875,2.3575897216796875,"(-48.88822555541992, 30.053218841552734, 528.620849609375)","(12.59286117553711, 25.79897117614746, 529.7860107421875)","(-22.503204345703125, 112.5225601196289, 30.313064575195312)","(-18.05126190185547, 105.84820556640625, 27.883806228637695)",POINT (0.4460023045539856 0.498075857758522),,,,,,,,,,,,,,,,,,,,,,,,,,,,1,
0,13,5,408083566859,2240407861,1,1,"(0.4436285197734833, 0.47612863779067993)","(0.45115798711776733, 0.5069955587387085)",1,1,2.2958526611328125,2.3322296142578125,"(-48.87008285522461, 30.044097900390625, 528.584716796875)","(12.621623992919922, 25.791433334350586, 529.769287109375)","(-21.097423553466797, 113.1937484741211, 30.557363510131836)","(-18.49580955505371, 107.55632019042969, 28.505512237548828)",POINT (0.4473932534456253 0.4915620982646942),,,,,,,,,,,,,,,,,,,,,,,,,,,,1,
0,13,5,408083583526,2240424528,1,1,"(0.44033968448638916, 0.4785040616989136)","(0.4435786306858063, 0.5145582556724548)",1,1,2.319091796875,2.345703125,"(-48.86072540283203, 30.039127349853516, 528.6173095703125)","(12.649539947509766, 25.76861000061035, 529.7447509765625)","(-22.23379898071289, 112.7599105834961, 30.399473190307617)","(-21.114660263061523, 106.17509460449219, 28.002782821655273)",POINT (0.4419591575860977 0.4965311586856842),,,,,,,,,,,,,,,,,,,,,,,,,,,,1,
0,13,5,408083600192,2240441194,1,1,"(0.43932873010635376, 0.47775396704673767)","(0.44748881459236145, 0.514768660068512)",1,1,2.317245483398437,2.34759521484375,"(-48.83908462524414, 30.028911590576172, 528.6127319335938)","(12.684442520141602, 25.751060485839844, 529.634765625)","(-22.5831241607666, 112.89690399169922, 30.44932746887207)","(-19.763593673706055, 106.13665771484375, 27.98880386352539)",POINT (0.4434087723493576 0.4962613135576248),,,,,,,,,,,,,,,,,,,,,,,,,,,,1,
0,13,5,408083616860,2240457861,1,1,"(0.4366944134235382, 0.47159668803215027)","(0.4452238082885742, 0.5048786401748657)",1,1,2.3176727294921875,2.3426666259765625,"(-48.82246398925781, 30.02672576904297, 528.631103515625)","(12.714969635009766, 25.75613784790039, 529.73486328125)","(-23.493345260620117, 114.02143859863281, 30.858627319335938)","(-20.546207427978516, 107.94294738769531, 28.646228790283203)",POINT (0.4409591108560562 0.488237664103508),,,,,,,,,,,,,,,,,,,,,,,,,,,,1,
0,13,5,408083633529,2240474530,1,1,"(0.4381469190120697, 0.4844369888305664)","(0.45551326870918274, 0.501044511795044)",1,1,2.3104705810546875,2.3424072265625,"(-48.801334381103516, 30.031831741333008, 528.6024169921875)","(12.740949630737305, 25.759246826171875, 529.710693359375)","(-22.99146842956543, 111.67634582519531, 30.00507354736328)","(-16.990943908691406, 108.6431884765625, 28.90109634399414)",POINT (0.4468300938606262 0.4927407503128052),,,,,,,,,,,,,,,,,,,,,,,,,,,,1,
0,13,5,408083650196,2240491197,1,1,"(0.43916818499565125, 0.47020265460014343)","(0.4513503313064575, 0.5127532482147217)",1,1,2.30499267578125,2.334625244140625,"(-48.78233337402344, 30.035606384277344, 528.61328125)","(12.767477035522461, 25.761943817138672, 529.6707763671875)","(-22.638582229614258, 114.27604675292969, 30.95130157470703)","(-18.42935562133789, 106.50475311279297, 28.122756958007812)",POINT (0.4452592581510544 0.4914779514074326),,,,,,,,,,,,,,,,,,,,,,,,,,,,1,
0,13,5,408083666864,2240507864,1,1,"(0.4390353560447693, 0.46437859535217285)","(0.4496239721775055, 0.49205538630485535)",1,1,2.3079071044921875,2.316680908203125,"(-48.7556266784668, 30.063114166259766, 528.6416015625)","(12.7750244140625, 25.78675079345703, 529.7249755859375)","(-22.684478759765625, 115.33973693847656, 31.33844757080078)","(-19.025846481323242, 110.28494262695312, 29.498634338378906)",POINT (0.4443296641111374 0.4782169908285141),,,,,,,,,,,,,,,,,,,,,,,,,,,,1,
0,13,5,408083683530,2240524530,1,1,"(0.4503507614135742, 0.446235716342926)","(0.45879751443862915, 0.45955783128738403)",1,1,2.306015014648437,2.3211212158203125,"(-48.715087890625, 30.077728271484375, 528.6093139648438)","(12.778840065002441, 25.811012268066406, 529.732666015625)","(-18.774728775024414, 118.6532974243164, 32.54448318481445)","(-15.856159210205078, 116.22017669677734, 31.658906936645508)",POINT (0.4545741379261017 0.452896773815155),,,,,,,,,,,,,,,,,,,,,,,,,,,,,
0,13,5,408083700198,2240541197,1,1,"(0.4422111511230469, 0.4465806782245636)","(0.4558802843093872, 0.4683387279510498)",1,1,2.3292236328125,2.320220947265625,"(-48.725921630859375, 30.075607299804688, 528.6388549804688)","(12.795963287353516, 25.81262969970703, 529.8099365234375)","(-21.587169647216797, 118.59029388427734, 32.52156066894531)","(-16.86412811279297, 114.61647033691406, 31.075193405151367)",POINT (0.449045717716217 0.4574597030878067),,,,,,,,,,,,,,,,,,,,,,,,,,,,,
0,13,5,408083716865,2240557864,1,1,"(0.43884697556495667, 0.44540417194366455)","(0.45382094383239746, 0.45622459053993225)",1,1,2.323944091796875,2.34161376953125,"(-48.7437744140625, 30.080291748046875, 528.6600341796875)","(12.787849426269531, 25.8325252532959, 529.8101806640625)","(-22.749570846557617, 118.80517578125, 32.5997314453125)","(-17.575681686401367, 116.82896423339844, 31.88045883178711)",POINT (0.4463339596986771 0.4508143812417984),,,,,,,,,,,,,,,,,,,,,,,,,,,,,
0,13,5,408083733531,2240574530,1,1,"(0.44464924931526184, 0.44014039635658264)","(0.4548669159412384, 0.45333051681518555)",1,1,2.2965545654296875,2.33013916015625,"(-48.77775573730469, 30.091106414794922, 528.7335205078125)","(12.764589309692383, 25.86319351196289, 529.7876586914062)","(-20.7447452545166, 119.76653289794922, 32.94966125488281)","(-17.214275360107422, 117.35752868652344, 32.07284927368164)",POINT (0.4497580826282501 0.4467354565858841),,,,,,,,,,,,,,,,,,,,,,,,,,,,,
0,13,5,408083750198,2240591197,1,1,"(0.4409167468547821, 0.451993852853775)","(0.45380011200904846, 0.4607994854450226)",1,1,2.315582275390625,2.3313140869140625,"(-48.820281982421875, 30.10004997253418, 528.7586669921875)","(12.73005199432373, 25.903404235839844, 529.85107421875)","(-22.034404754638672, 117.60165405273438, 32.16168975830078)","(-17.582876205444336, 115.99341583251953, 31.576353073120117)",POINT (0.4473584294319153 0.4563966691493988),,,,,,,,,,,,,,,,,,,,,,,,,,,,,
0,13,5,408083766869,2240607867,1,1,"(0.4424908757209778, 0.4408310651779175)","(0.45597633719444275, 0.453433632850647)",1,1,2.317123413085937,2.3211669921875,"(-48.87480163574219, 30.106094360351562, 528.8131103515625)","(12.68394660949707, 25.943565368652344, 529.8682250976562)","(-21.490507125854492, 119.640380859375, 32.90376281738281)","(-16.830951690673828, 117.33869171142578, 32.06597900390625)",POINT (0.4492336064577103 0.4471323490142822),,,,,,,,,,,,,,,,,,,,,,,,,,,,,
0,13,5,408083783535,2240624533,1,1,"(0.43777531385421753, 0.44208675622940063)","(0.45296090841293335, 0.46065250039100647)",1,1,2.3202362060546875,2.3277130126953125,"(-48.92369079589844, 30.100292205810547, 528.7820434570312)","(12.63755989074707, 25.98627471923828, 529.9398193359375)","(-23.119853973388672, 119.41105651855469, 32.820274353027344)","(-17.872846603393555, 116.02024841308594, 31.586135864257812)",POINT (0.4453681111335754 0.4513696283102036),,,,,,,,,,,,,,,,,,,,,,,,,,,,,
0,13,5,408083800203,2240641200,1,1,"(0.4415629506111145, 0.43943312764167786)","(0.45997652411460876, 0.4719264507293701)",1,1,2.3337860107421875,2.3285064697265625,"(-48.97148513793945, 30.1048526763916, 528.7899780273438)","(12.585040092468262, 26.006925582885742, 529.81689453125)","(-21.81113052368164, 119.89569854736328, 32.996673583984375)","(-15.44877815246582, 113.96122741699219, 30.836694717407227)",POINT (0.4507697373628616 0.455679789185524),,,,,,,,,,,,,,,,,,,,,,,,,,,,,
0,13,5,408083816870,2240657867,1,1,"(0.43931373953819275, 0.440768301486969)","(0.45776647329330444, 0.46444255113601685)",1,1,2.347030639648437,2.329925537109375,"(-49.02625274658203, 30.106632232666016, 528.7352905273438)","(12.53009033203125, 26.020530700683594, 529.8189086914062)","(-22.588300704956055, 119.65186309814453, 32.90790557861328)","(-16.21240234375, 115.32806396484375, 31.334184646606445)",POINT (0.4485401064157486 0.4526054263114929),,,,,,,,,,,,,,,,,,,,,,,,,,,,,
0,13,5,408083833537,2240674533,1,1,"(0.44280529022216797, 0.43721121549606323)","(0.45361870527267456, 0.4540480077266693)",1,1,2.3148345947265625,2.3508453369140625,"(-49.08172607421875, 30.1260929107666, 528.7893676757812)","(12.484942436218262, 26.042402267456055, 529.8594360351562)","(-21.38188934326172, 120.301513671875, 33.14434814453125)","(-17.64555549621582, 117.22649383544922, 32.0251579284668)",POINT (0.4482119977474213 0.4456296116113663),,,,,,,,,,,,,,,,,,,,,,,,,,,,,
0,13,5,408083850204,2240691200,1,1,"(0.44346219301223755, 0.44971349835395813)","(0.45500367879867554, 0.46475303173065186)",1,1,2.3385162353515625,2.349472045898437,"(-49.127098083496094, 30.153087615966797, 528.7977294921875)","(12.450550079345703, 26.06757164001465, 529.8297119140625)","(-21.154897689819336, 118.01811981201172, 32.31329345703125)","(-17.167022705078125, 115.2713623046875, 31.313562393188477)",POINT (0.4492329359054565 0.457233265042305),,,,,,,,,,,,,,,,,,,,,,,,,,,,,
0,13,5,408083866871,2240707867,1,1,"(0.43967685103416443, 0.4474683403968811)","(0.4551747739315033, 0.45672664046287537)",1,1,2.34405517578125,2.3556365966796875,"(-49.16618347167969, 30.174766540527344, 528.845947265625)","(12.418582916259766, 26.092979431152344, 529.8070068359375)","(-22.462820053100586, 118.42817687988281, 32.462547302246094)","(-17.107900619506836, 116.73726654052734, 31.847087860107422)",POINT (0.4474258124828339 0.4520974904298782),,,,,,,,,,,,,,,,,,,,,,,,,,,,,
0,13,5,408083883537,2240724533,1,1,"(0.4702896177768707, 0.4369529187679291)","(0.4797711670398712, 0.446444571018219)",1,1,2.34136962890625,2.340972900390625,"(-49.11637878417969, 30.193981170654297, 528.8531494140625)","(12.457050323486328, 26.133384704589844, 530.0315551757812)","(-11.885343551635742, 120.34868621826172, 33.16151428222656)","(-8.609228134155273, 118.61515808105469, 32.53059005737305)",POINT (0.475030392408371 0.441698744893074),,,,,,,,,,,,,,,,,,,,,,,,,,,,,
0,13,5,408083900211,2240741206,1,1,"(0.460379034280777, 0.43795228004455566)","(0.4759591519832611, 0.4520637094974518)",1,1,2.361541748046875,2.36248779296875,"(-49.14051055908203, 30.196651458740234, 528.8814086914062)","(12.443859100341797, 26.150177001953125, 530.008544921875)","(-15.309698104858398, 120.1661605834961, 33.09510803222656)","(-9.926373481750488, 117.58889770507812, 32.15704345703125)",POINT (0.468169093132019 0.4450079947710037),,,,,,,,,,,,,,,,,,,,,,,,,,,,,
0,13,5,408083916878,2240757873,1,1,"(0.4689033627510071, 0.43689513206481934)","(0.47730639576911926, 0.45619362592697144)",1,1,2.3408203125,2.357513427734375,"(-49.17774963378906, 30.171165466308594, 528.7814331054688)","(12.407690048217773, 26.151046752929688, 530.0174560546875)","(-12.364326477050781, 120.35922241210938, 33.16538619995117)","(-9.460874557495117, 116.8346176147461, 31.882537841796875)",POINT (0.4731048792600632 0.4465443789958954),,,,,,,,,,,,,,,,,,,,,,,,,,,,,
0,13,5,408083933545,2240774539,1,1,"(0.46320971846580505, 0.44240623712539673)","(0.4816797077655792, 0.44928163290023804)",1,1,2.35040283203125,2.35809326171875,"(-49.221107482910156, 30.17280387878418, 528.806396484375)","(12.365301132202148, 26.14984893798828, 529.948974609375)","(-14.331624984741211, 119.35269165039062, 32.79905319213867)","(-7.949791431427002, 118.09700775146484, 32.34200668334961)",POINT (0.4724447131156921 0.4458439350128174),,,,,,,,,,,,,,,,,,,,,,,,,,,,,
0,13,5,408083950212,2240791206,1,1,"(0.46187078952789307, 0.4453393220901489)","(0.479004830121994, 0.453096866607666)",1,1,2.34149169921875,2.331390380859375,"(-49.26542282104492, 30.14529037475586, 528.79248046875)","(12.325122833251953, 26.132610321044922, 529.9972534179688)","(-14.794268608093262, 118.8170166015625, 32.604061126708984)","(-8.874015808105469, 117.40019989013672, 32.088375091552734)",POINT (0.4704378098249435 0.4492180943489075),,,,,,,,,,,,,,,,,,,,,,,,,,,,,
0,13,5,408083966880,2240807873,1,1,"(0.46712344884872437, 0.4489150643348694)","(0.47460415959358215, 0.452405720949173)",1,1,2.3325958251953125,2.3375701904296875,"(-49.30794143676758, 30.141666412353516, 528.7855224609375)","(12.290067672729492, 26.13235855102539, 530.0217895507812)","(-12.979347229003906, 118.16394805908203, 32.36637878417969)","(-10.39455795288086, 117.52642059326172, 32.134315490722656)",POINT (0.4708638042211533 0.4506603926420212),,,,,,,,,,,,,,,,,,,,,,,,,,,,1,
0,13,5,408083983546,2240824539,1,1,"(0.46658650040626526, 0.43435972929000854)","(0.4762185513973236, 0.4528215825557709)",1,1,2.3137359619140625,2.321258544921875,"(-49.34850311279297, 30.12473487854004, 528.8187255859375)","(12.250940322875977, 26.126174926757812, 530.0307006835938)","(-13.164859771728516, 120.82228088378906, 33.33393096923828)","(-9.836747169494629, 117.45048522949219, 32.106689453125)",POINT (0.4714025259017944 0.4435906559228897),,,,,,,,,,,,,,,,,,,,,,,,,,,,,
0,13,5,408084000213,2240841206,1,1,"(0.4665291905403137, 0.43957647681236267)","(0.4821362793445587, 0.4532097578048706)",1,1,2.311508178710937,2.32794189453125,"(-49.38861846923828, 30.118305206298828, 528.828369140625)","(12.214740753173828, 26.127323150634766, 529.992919921875)","(-13.184672355651855, 119.8695297241211, 32.98712921142578)","(-7.792022705078125, 117.37957763671875, 32.08087921142578)",POINT (0.4743327349424362 0.4463931173086166),,,,,,,,,,,,,,,,,,,,,,,,,,,,,
0,13,5,408084016880,2240857873,1,1,"(0.46595099568367004, 0.4310433864593506)","(0.47742101550102234, 0.46439048647880554)",1,1,2.320343017578125,2.345703125,"(-49.42200469970703, 30.105222702026367, 528.85498046875)","(12.18457317352295, 26.118770599365234, 529.9783935546875)","(-13.384449005126953, 121.42796325683594, 33.554386138916016)","(-9.421252250671387, 115.33758544921875, 31.337629318237305)",POINT (0.4716860055923462 0.4477169364690781),,,,,,,,,,,,,,,,,,,,,,,,,,,,,
0,13,5,408084033550,2240874543,1,1,"(0.462463915348053, 0.43343862891197205)","(0.4790281355381012, 0.45363131165504456)",1,1,2.299789428710937,2.294158935546875,"(-49.45405578613281, 30.096065521240234, 528.849365234375)","(12.15211296081543, 26.120159149169922, 529.9874267578125)","(-14.589317321777344, 120.99050903320312, 33.39516067504883)","(-8.865966796875, 117.30258178710938, 32.05289077758789)",POINT (0.4707460254430771 0.4435349702835083),,,,,,,,,,,,,,,,,,,,,,,,,,,,,
0,13,5,408084050218,2240891210,1,1,"(0.4644505977630615, 0.43900594115257263)","(0.47252127528190613, 0.4392019510269165)",1,1,2.303802490234375,2.3127593994140625,"(-49.479652404785156, 30.083703994750977, 528.8997192382812)","(12.133525848388672, 26.11347007751465, 530.0814819335938)","(-13.902864456176758, 119.97372436523438, 33.025062561035156)","(-11.114242553710938, 119.93791961669922, 33.012046813964844)",POINT (0.4684859365224838 0.4391039460897446),,,,,,,,,,,,,,,,,,,,,,,,,,,,,
0,13,5,408084066885,2240907877,1,1,"(0.4639469385147095, 0.44105762243270874)","(0.47918033599853516, 0.4486056864261627)",1,1,2.306793212890625,2.3074188232421875,"(-49.503719329833984, 30.079803466796875, 528.966796875)","(12.110893249511719, 26.105812072753906, 530.01220703125)","(-14.076902389526367, 119.59900665283203, 32.88867950439453)","(-8.813374519348145, 118.22044372558594, 32.386932373046875)",POINT (0.4715636372566223 0.4448316544294357),,,,,,,,,,,,,,,,,,,,,,,,,,,,,
0,13,5,408084083552,2240924543,1,1,"(0.46477144956588745, 0.4444582462310791)","(0.4754013419151306, 0.4554806053638458)",1,1,2.2805328369140625,2.30230712890625,"(-49.535091400146484, 30.076866149902344, 528.9927978515625)","(12.089628219604492, 26.120534896850586, 530.0360717773438)","(-13.792003631591797, 118.97792053222656, 32.662635803222656)","(-10.119112014770508, 116.96484375, 31.929912567138672)",POINT (0.470086395740509 0.4499694257974625),,,,,,,,,,,,,,,,,,,,,,,,,,,,,
0,13,5,408084100219,2240941210,1,1,"(0.4802849292755127, 0.4434163570404053)","(0.4912254810333252, 0.4534550905227661)",1,1,2.3103790283203125,2.2916259765625,"(-49.51809310913086, 30.092403411865234, 529.05078125)","(12.097223281860352, 26.14010238647461, 530.1369018554688)","(-8.431717872619629, 119.168212890625, 32.731895446777344)","(-4.651475429534912, 117.33476257324219, 32.064571380615234)",POINT (0.485755205154419 0.4484357237815857),,,,,,,,,,,,,,,,,,,,,,,,,,,,1,
0,13,5,408084116887,2240957877,1,1,"(0.4722854197025299, 0.4483126401901245)","(0.483870267868042, 0.459768682718277)",1,1,2.292953491210937,2.316650390625,"(-49.52387619018555, 30.10002899169922, 528.9871215820312)","(12.074905395507812, 26.1612491607666, 530.1610107421875)","(-11.195755004882812, 118.27397918701172, 32.40641403198242)","(-7.192890644073486, 116.18167114257812, 31.644912719726562)",POINT (0.478077843785286 0.4540406614542007),,,,,,,,,,,,,,,,,,,,,,,,,,,,1,
0,13,5,408084133553,2240974543,1,1,"(0.47480398416519165, 0.4460429847240448)","(0.4891703426837921, 0.45832404494285583)",1,1,2.3012237548828125,2.2835235595703125,"(-49.55414962768555, 30.101116180419922, 528.9673461914062)","(12.046682357788086, 26.178470611572266, 530.1932373046875)","(-10.325517654418945, 118.68849182128906, 32.55730438232422)","(-5.361589431762695, 116.4455337524414, 31.74091148376465)",POINT (0.4819871634244919 0.4521835148334503),,,,,,,,,,,,,,,,,,,,,,,,,,,,1,
0,13,5,408084150220,2240991210,1,1,"(0.4670787453651428, 0.4437503218650818)","(0.48823311924934387, 0.47766831517219543)",1,1,2.2895965576171875,2.303192138671875,"(-49.59904479980469, 30.110496520996094, 529.0079956054688)","(12.031941413879395, 26.21209716796875, 530.1312255859375)","(-12.994786262512207, 119.10723114013672, 32.70969009399414)","(-5.685412883758545, 112.91253662109375, 30.45501708984375)",POINT (0.4776559323072434 0.4607093185186386),,,,,,,,,,,,,,,,,,,,,,,,,,,,1,
0,13,5,408084166892,2241007882,1,1,"(0.4681231677532196, 0.4930799901485443)","(0.48598605394363403, 0.5015314221382141)",1,1,2.1839599609375,2.265289306640625,"(-49.606632232666016, 30.218191146850586, 529.400146484375)","(12.024660110473633, 26.259916305541992, 530.3656005859375)","(-12.633902549743652, 110.0978012084961, 29.43055534362793)","(-6.4618353843688965, 108.55426025390625, 28.86873435974121)",POINT (0.4770546108484268 0.4973057061433792),,,,,,,,,,,,,,,,,,,,,,,,,,,,1,
0,13,5,408084266897,2241107884,1,1,"(0.44431403279304504, 0.37792110443115234)","(0.47841858863830566, 0.44614073634147644)",1,1,2.2424468994140625,2.264068603515625,"(-49.72359085083008, 30.409542083740234, 529.349365234375)","(11.969539642333984, 26.482818603515625, 529.8372192382812)","(-20.860565185546875, 131.13006591796875, 37.08563232421875)","(-9.076583862304688, 118.67064666748047, 32.55078887939453)",POINT (0.4613663107156754 0.4120309203863144),,,,,,,,,,,,,,,,,,,,,,,,,,,,,
0,13,5,408084283567,2241124554,1,1,"(0.45970192551612854, 0.43340829014778137)","(0.4738079011440277, 0.4772987961769104)",1,1,2.186065673828125,2.2416229248046875,"(-49.69317626953125, 30.350181579589844, 529.237060546875)","(11.971817016601562, 26.436412811279297, 529.759033203125)","(-15.543665885925293, 120.99606323242188, 33.39716339111328)","(-10.66968822479248, 112.98003387451172, 30.47958755493164)",POINT (0.4667549133300781 0.4553535431623459),,,,,,,,,,,,,,,,,,,,,,,,,,,,1,
0,13,5,408084300232,2241141219,1,1,"(0.458087295293808, 0.39864057302474976)","(0.4760931432247162, 0.4598735272884369)",1,1,2.2491455078125,2.3245086669921875,"(-49.66130065917969, 30.285385131835938, 529.1067504882812)","(11.982705116271973, 26.373794555664062, 529.6576538085938)","(-16.10155487060547, 127.34591674804688, 35.708343505859375)","(-9.88007640838623, 116.16252899169922, 31.637910842895508)",POINT (0.4670902192592621 0.4292570501565933),,,,,,,,,,,,,,,,,,,,,,,,,,,,,
0,13,5,408084316900,2241157886,1,1,"(0.45812517404556274, 0.38732898235321045)","(0.4751278758049011, 0.45068660378456116)",1,1,2.2842254638671875,2.3327789306640625,"(-49.62920379638672, 30.220449447631836, 529.0093994140625)","(12.000960350036621, 26.320484161376953, 529.5867919921875)","(-16.08847427368164, 129.41183471679688, 36.46027374267578)","(-10.21358585357666, 117.84040069580078, 32.24861526489258)",POINT (0.4666265249252319 0.4190077930688858),,,,,,,,,,,,,,,,,,,,,,,,,,,,,
0,13,5,408084333567,2241174553,1,1,"(0.46154510974884033, 0.3947153687477112)","(0.47638002038002014, 0.4436814785003662)",1,1,2.26727294921875,2.332275390625,"(-49.604461669921875, 30.166292190551758, 528.91259765625)","(12.011449813842773, 26.271350860595703, 529.5318603515625)","(-14.90678596496582, 128.06280517578125, 35.96925735473633)","(-9.780951499938965, 119.11980438232422, 32.71425247192383)",POINT (0.4689625650644302 0.4191984236240387),,,,,,,,,,,,,,,,,,,,,,,,,,,,,
0,13,5,408084350234,2241191219,1,1,"(0.4582345485687256, 0.3947383463382721)","(0.4771140217781067, 0.4418162405490875)",1,1,2.261199951171875,2.333038330078125,"(-49.59086608886719, 30.135364532470703, 528.8521728515625)","(12.02655029296875, 26.235370635986328, 529.5009155273438)","(-16.05068016052246, 128.05860900878906, 35.967735290527344)","(-9.52734375, 119.46046447753906, 32.8382568359375)",POINT (0.4676742851734161 0.4182772934436798),,,,,,,,,,,,,,,,,,,,,,,,,,,,,
0,13,5,408084366901,2241207886,1,1,"(0.4594828188419342, 0.3931526243686676)","(0.47766056656837463, 0.42704078555107117)",1,1,2.286239624023437,2.338287353515625,"(-49.5777702331543, 30.113460540771484, 528.8231811523438)","(12.039459228515625, 26.19965934753418, 529.4772338867188)","(-15.619366645812988, 128.3482208251953, 36.07315444946289)","(-9.3385009765625, 122.15900421142578, 33.820430755615234)",POINT (0.4685716927051544 0.4100967049598694),,,,,,,,,,,,,,,,,,,,,,,,,,,,,
0,13,5,408084383568,2241224553,1,1,"(0.42388829588890076, 0.4089546203613281)","(0.4413262903690338, 0.42756083607673645)",1,1,2.2718048095703125,2.3239898681640625,"(-49.65111541748047, 30.093570709228516, 528.834716796875)","(11.937501907348633, 26.172487258911133, 529.8307495117188)","(-27.918176651000977, 125.46219635009766, 35.022727966308594)","(-21.892900466918945, 122.06401062011719, 33.785884857177734)",POINT (0.4326072931289673 0.4182577282190323),,,,,,,,,,,,,,,,,,,,,,,,,,,,,
0,13,5,408084400235,2241241219,1,1,"(0.4421066641807556, 0.4177253544330597)","(0.4607480466365814, 0.4269050359725952)",1,1,2.273193359375,2.3292999267578125,"(-49.628665924072266, 30.077991485595703, 528.829345703125)","(11.936874389648438, 26.132516860961914, 529.8465576171875)","(-21.62327003479004, 123.86033630371094, 34.43968963623047)","(-15.182201385498047, 122.18378448486328, 33.829498291015625)",POINT (0.4514273554086685 0.4223151952028274),,,,,,,,,,,,,,,,,,,,,,,,,,,,,
0,13,5,408084416905,2241257889,1,1,"(0.43822792172431946, 0.41529446840286255)","(0.44980388879776, 0.4323137104511261)",1,1,2.262298583984375,2.3294677734375,"(-49.6239013671875, 30.076969146728516, 528.8377685546875)","(11.964193344116211, 26.122608184814453, 529.799072265625)","(-22.963476181030273, 124.30430603027344, 34.60127258300781)","(-18.96367835998535, 121.19596099853516, 33.46991729736328)",POINT (0.4440159052610397 0.4238040894269943),,,,,,,,,,,,,,,,,,,,,,,,,,,,,
0,13,5,408084433572,2241274556,1,1,"(0.4373340308666229, 0.41834014654159546)","(0.45376768708229065, 0.4351448714733124)",1,1,2.266220092773437,2.320526123046875,"(-49.62176513671875, 30.06318473815918, 528.830078125)","(11.972652435302734, 26.1077938079834, 529.7830810546875)","(-23.272336959838867, 123.748046875, 34.39883041381836)","(-17.594091415405273, 120.67888641357422, 33.281742095947266)",POINT (0.4455508589744568 0.4267425090074539),,,,,,,,,,,,,,,,,,,,,,,,,,,,,
0,13,5,408084450239,2241291222,1,1,"(0.4333428144454956, 0.42181500792503357)","(0.45166218280792236, 0.4328959286212921)",1,1,2.28411865234375,2.3165283203125,"(-49.61281204223633, 30.05744171142578, 528.8082275390625)","(11.987772941589355, 26.105989456176758, 529.9148559570312)","(-24.651384353637695, 123.11341857910156, 34.16782760620117)","(-18.321598052978516, 121.08963012695312, 33.43125534057617)",POINT (0.442502498626709 0.4273554682731628),,,,,,,,,,,,,,,,,,,,,,,,,,,,,
0,13,5,408084466905,2241307888,1,1,"(0.4326438009738922, 0.4181714653968811)","(0.4502619206905365, 0.4304696023464203)",1,1,2.2635955810546875,2.323974609375,"(-49.607505798339844, 30.049455642700195, 528.8008422851562)","(12.00024700164795, 26.098739624023438, 529.9609375)","(-24.892919540405273, 123.77884674072266, 34.41004180908203)","(-18.80540657043457, 121.53276062011719, 33.592533111572266)",POINT (0.4414528608322144 0.4243205338716507),,,,,,,,,,,,,,,,,,,,,,,,,,,,,
0,13,5,408084483573,2241324555,1,1,"(0.4351476728916168, 0.4333423972129822)","(0.4533679187297821, 0.41884133219718933)",1,1,2.307525634765625,2.3130340576171875,"(-49.605979919433594, 30.051441192626953, 528.77783203125)","(12.006658554077148, 26.107990264892578, 529.9686889648438)","(-24.027769088745117, 121.00809478759766, 33.401554107666016)","(-17.73221778869629, 123.65653228759766, 34.365482330322266)",POINT (0.4442577958106995 0.4260918647050858),,,,,,,,,,,,,,,,,,,,,,,,,,,,,
0,13,5,408084500240,2241341222,1,1,"(0.4377354383468628, 0.4275628328323364)","(0.4491601884365082, 0.43133705854415894)",1,1,2.302230834960937,2.3065948486328125,"(-49.60951232910156, 30.046985626220703, 528.8324584960938)","(12.01213550567627, 26.116830825805664, 530.023193359375)","(-23.133634567260742, 122.06366729736328, 33.785709381103516)","(-19.186094284057617, 121.37433624267578, 33.53484344482422)",POINT (0.4434478133916855 0.4294499456882477),,,,,,,,,,,,,,,,,,,,,,,,,,,,,
0,13,5,408084516907,2241357889,1,1,"(0.4349597096443176, 0.4275604784488678)","(0.4482976496219635, 0.4302156865596771)",1,1,2.2946929931640625,2.2931671142578125,"(-49.6147575378418, 30.04172134399414, 528.9171142578125)","(12.019948959350586, 26.125064849853516, 530.1009521484375)","(-24.092741012573242, 122.0640869140625, 33.785884857177734)","(-19.48413848876953, 121.57914733886719, 33.60939025878906)",POINT (0.4416286796331406 0.4288880825042725),,,,,,,,,,,,,,,,,,,,,,,,,,,,,
0,13,5,408084533574,2241374555,1,1,"(0.43504777550697327, 0.43518877029418945)","(0.4472285211086273, 0.43920546770095825)",1,1,2.3264923095703125,2.301483154296875,"(-49.608150482177734, 30.028289794921875, 528.9273681640625)","(12.030691146850586, 26.11838150024414, 530.100830078125)","(-24.062299728393555, 120.6708755493164, 33.2788200378418)","(-19.85352897644043, 119.93727111816406, 33.01180648803711)",POINT (0.4411381483078003 0.4371971189975738),,,,,,,,,,,,,,,,,,,,,,,,,,,,,
0,13,5,408084550247,2241391229,1,1,"(0.43586692214012146, 0.4371089041233063)","(0.44633182883262634, 0.45824694633483887)",1,1,2.3070220947265625,2.3403472900390625,"(-49.60962677001953, 30.007999420166016, 529.0145263671875)","(12.051006317138672, 26.09881591796875, 530.1547241210938)","(-23.779264450073242, 120.32019805908203, 33.15117263793945)","(-20.163366317749023, 116.45960998535156, 31.74604034423828)",POINT (0.4410993754863739 0.4476779252290726),,,,,,,,,,,,,,,,,,,,,,,,,,,,,
0,13,5,408084566915,2241407896,1,1,"(0.4347970485687256, 0.4285726845264435)","(0.4470001757144928, 0.45522233843803406)",1,1,2.2951812744140625,2.3261260986328125,"(-49.59404754638672, 29.981956481933594, 528.9934692382812)","(12.068892478942871, 26.07588005065918, 530.1307373046875)","(-24.14892578125, 121.87920379638672, 33.71864700317383)","(-19.932430267333984, 117.01201629638672, 31.94709014892578)",POINT (0.4408986121416092 0.4418975114822388),,,,,,,,,,,,,,,,,,,,,,,,,,,,,
0,13,5,408084583581,2241424562,1,1,"(0.4286971092224121, 0.4278469383716583)","(0.44634300470352173, 0.45824742317199707)",1,1,2.317657470703125,2.322982788085937,"(-49.58354949951172, 29.960285186767578, 529.0269165039062)","(12.080474853515625, 26.04454803466797, 530.0755615234375)","(-26.25661277770996, 122.01176452636719, 33.76687240600586)","(-20.15951156616211, 116.45953369140625, 31.74599266052246)",POINT (0.4375200569629669 0.4430471807718277),,,,,,,,,,,,,,,,,,,,,,,,,,,,,
0,13,5,408084600249,2241441229,1,1,"(0.4334264397621155, 0.430775910615921)","(0.45148688554763794, 0.4650189280509949)",1,1,2.2779541015625,2.341552734375,"(-49.573490142822266, 29.950450897216797, 529.0752563476562)","(12.076425552368164, 26.010135650634766, 529.9276123046875)","(-24.622499465942383, 121.4768295288086, 33.5721549987793)","(-18.38215446472168, 115.22278594970703, 31.295869827270508)",POINT (0.4424566626548767 0.447897419333458),,,,,,,,,,,,,,,,,,,,,,,,,,,,,
0,13,5,408084616916,2241457896,1,1,"(0.4326365888118744, 0.4407902657985687)","(0.44982197880744934, 0.47156092524528503)",1,1,2.3034820556640625,2.3343048095703125,"(-49.54481887817383, 29.935169219970703, 529.0325317382812)","(12.090555191040039, 25.99088478088379, 529.880126953125)","(-24.89542579650879, 119.64783477783203, 32.90645217895508)","(-18.957420349121094, 114.02796173095703, 30.86101722717285)",POINT (0.4412292838096619 0.4561755955219269),,,,,,,,,,,,,,,,,,,,,,,,,,,,,
0,13,5,408084633583,2241474562,1,1,"(0.43293654918670654, 0.4286494851112366)","(0.4499170184135437, 0.47197362780570984)",1,1,2.30804443359375,2.332794189453125,"(-49.53331756591797, 29.925167083740234, 529.0650634765625)","(12.10075569152832, 25.977001190185547, 529.8646240234375)","(-24.79176902770996, 121.86518096923828, 33.71352005004883)","(-18.92458724975586, 113.95259857177734, 30.833572387695312)",POINT (0.4414267838001251 0.4503115564584732),,,,,,,,,,,,,,,,,,,,,,,,,,,,,
0,13,5,408084650250,2241491229,1,1,"(0.4323537349700928, 0.43492841720581055)","(0.4527418315410614, 0.4804304242134094)",1,1,2.2694854736328125,2.326202392578125,"(-49.521305084228516, 29.91299819946289, 529.0430908203125)","(12.107978820800781, 25.94980239868164, 529.7470703125)","(-24.993146896362305, 120.71841430664062, 33.29612731933594)","(-17.948549270629883, 112.40809631347656, 30.27140998840332)",POINT (0.4425477832555771 0.45767942070961),,,,,,,,,,,,,,,,,,,,,,,,,,,,,
0,13,5,408084666918,2241507896,1,1,"(0.4586760103702545, 0.4346320331096649)","(0.48154857754707336, 0.4495026171207428)",1,1,2.234970092773437,2.274887084960937,"(-49.41122055053711, 29.87803077697754, 529.0210571289062)","(12.233980178833008, 25.947284698486328, 530.2728881835938)","(-15.898141860961914, 120.77255249023438, 33.31583023071289)","(-7.9950947761535645, 118.05664825439453, 32.32731246948242)",POINT (0.4701122939586639 0.4420673251152039),,,,,,,,,,,,,,,,,,,,,,,,,,,,,
0,13,5,408084683586,2241524565,1,1,"(0.4556589126586914, 0.4357670545578003)","(0.4729664921760559, 0.4499017894268036)",1,1,2.267059326171875,2.250717163085937,"(-49.36869812011719, 29.861705780029297, 529.0438842773438)","(12.260988235473633, 25.917316436767578, 530.2493896484375)","(-16.94062042236328, 120.56525421142578, 33.24040222167969)","(-10.960423469543457, 117.98375701904297, 32.30075454711914)",POINT (0.4643127024173737 0.4428344219923019),,,,,,,,,,,,,,,,,,,,,,,,,,,,,
0,13,5,408084700254,2241541232,1,1,"(0.4591798782348633, 0.44102025032043457)","(0.4823954403400421, 0.4572250545024872)",1,1,2.24029541015625,2.26214599609375,"(-49.383548736572266, 29.85053062438965, 529.0571899414062)","(12.25919246673584, 25.899648666381836, 530.2178344726562)","(-15.72404670715332, 119.60584259033203, 32.89116668701172)","(-7.702476501464844, 116.64623260498047, 31.813968658447266)",POINT (0.4707876592874527 0.4491226524114609),,,,,,,,,,,,,,,,,,,,,,,,,,,,,
0,13,5,408084716920,2241557898,1,1,"(0.4618927240371704, 0.4337751567363739)","(0.4791678786277771, 0.45636919140815735)",1,1,2.2202301025390625,2.27703857421875,"(-49.371673583984375, 29.854934692382812, 529.074951171875)","(12.275124549865723, 25.890098571777344, 530.2095336914062)","(-14.786688804626465, 120.9290542602539, 33.3727912902832)","(-8.81767749786377, 116.80254364013672, 31.870868682861328)",POINT (0.4705303013324738 0.4450721740722656),,,,,,,,,,,,,,,,,,,,,,,,,,,,,
0,13,5,408084733588,2241574565,1,1,"(0.4635049104690552, 0.4396532475948334)","(0.4844682514667511, 0.4611344337463379)",1,1,2.2316131591796875,2.2458648681640625,"(-49.36978530883789, 29.861324310302734, 529.083251953125)","(12.281028747558594, 25.887182235717773, 530.240234375)","(-14.229633331298828, 119.8554916381836, 32.982051849365234)","(-6.986265182495117, 115.93224334716797, 31.5540828704834)",POINT (0.4739865809679031 0.4503938406705856),,,,,,,,,,,,,,,,,,,,,,,,,,,,1,
0,13,5,408084750255,2241591232,1,1,"(0.45782944560050964, 0.4437035918235779)","(0.4858117699623108, 0.46383169293403625)",1,1,2.2387237548828125,2.242095947265625,"(-49.36342239379883, 29.866655349731445, 529.0759887695312)","(12.285104751586914, 25.888338088989258, 530.2403564453125)","(-16.19065284729004, 119.11576080322266, 32.71279525756836)","(-6.522058963775635, 115.43962860107422, 31.374807357788086)",POINT (0.4718206077814102 0.4537676423788071),,,,,,,,,,,,,,,,,,,,,,,,,,,,1,
0,13,5,408084766923,2241607899,1,1,"(0.4627981185913086, 0.44326522946357727)","(0.4814610481262207, 0.4576094150543213)",1,1,2.2251434326171875,2.219940185546875,"(-49.362091064453125, 29.87502670288086, 529.068115234375)","(12.287010192871094, 25.89440155029297, 530.2636108398438)","(-14.473837852478027, 119.1958236694336, 32.74192428588867)","(-8.025324821472168, 116.57604217529297, 31.788414001464844)",POINT (0.4721295833587646 0.4504373222589493),,,,,,,,,,,,,,,,,,,,,,,,,,,,1,
0,13,5,408084783589,2241624565,1,1,"(0.4571731686592102, 0.4362544119358063)","(0.48127222061157227, 0.45680567622184753)",1,1,2.1935272216796875,2.22442626953125,"(-49.36290740966797, 29.877567291259766, 529.0594482421875)","(12.286361694335938, 25.896854400634766, 530.25634765625)","(-16.417402267456055, 120.47624969482422, 33.207950592041016)","(-8.090587615966797, 116.72283935546875, 31.84183120727539)",POINT (0.4692226946353912 0.4465300440788269),,,,,,,,,,,,,,,,,,,,,,,,,,,,,
0,13,5,408084800257,2241641232,1,1,"(0.4602630138397217, 0.43867287039756775)","(0.4769725799560547, 0.46570107340812683)",1,1,2.20294189453125,2.2300262451171875,"(-49.369606018066406, 29.865140914916992, 528.9960327148438)","(12.279033660888672, 25.896379470825195, 530.2093505859375)","(-15.349790573120117, 120.03456115722656, 33.047203063964844)","(-9.57619857788086, 115.09819793701172, 31.250532150268555)",POINT (0.4686177968978882 0.4521869719028473),,,,,,,,,,,,,,,,,,,,,,,,,,,,1,
0,13,5,408084816927,2241657903,1,1,"(0.45545491576194763, 0.4400102496147156)","(0.4722854793071747, 0.4613909423351288)",1,1,2.21142578125,2.21881103515625,"(-49.374725341796875, 29.835674285888672, 528.9564208984375)","(12.267075538635254, 25.865663528442383, 530.0928955078125)","(-17.0111026763916, 119.79029083251953, 32.95830535888672)","(-11.195709228515625, 115.88539123535156, 31.53705596923828)",POINT (0.4638701975345612 0.4507005959749222),,,,,,,,,,,,,,,,,,,,,,,,,,,,,
0,13,5,408084833595,2241674570,1,1,"(0.4391521215438843, 0.6084595322608948)","(0.4461493492126465, 0.6541063189506531)",1,1,2.226791381835937,2.2697296142578125,"(-49.372562408447266, 29.592029571533203, 528.98974609375)","(12.122766494750977, 25.645170211791992, 530.0117797851562)","(-22.64412498474121, 89.02526092529297, 21.760759353637695)","(-20.226411819458008, 80.6884765625, 18.726415634155273)",POINT (0.4426507353782654 0.6312829256057739),,,,,,,,,,,,,,,,,,,,,,,,,,,,,1
0,13,5,408084850262,2241691237,1,1,"(0.44741344451904297, 0.5992769598960876)","(0.45923730731010437, 0.6400425434112549)",1,1,2.2198638916015625,2.259429931640625,"(-49.40776824951172, 29.52286148071289, 528.9908447265625)","(12.107093811035156, 25.560543060302734, 529.8883056640625)","(-19.789640426635742, 90.70233154296875, 22.371156692504883)","(-15.704188346862793, 83.25702667236328, 19.661319732666016)",POINT (0.4533253759145737 0.6196597516536713),,,,,,,,,,,,,,,,,,,,,,,,,,,,,1
0,13,5,408084866929,2241707903,1,1,"(0.44520172476768494, 0.6043531894683838)","(0.4576603174209595, 0.6607633829116821)",1,1,2.1783447265625,2.2311248779296875,"(-49.43577575683594, 29.528358459472656, 528.9786987304688)","(12.122991561889648, 25.56947135925293, 529.8721923828125)","(-20.553855895996094, 89.77523803710938, 22.033708572387695)","(-16.24909019470215, 79.47267150878906, 18.283859252929688)",POINT (0.4514310210943222 0.632558286190033),,,,,,,,,,,,,,,,,,,,,,,,,,,,,1
0,13,5,408084883596,2241724570,1,1,"(0.4385106861591339, 0.6291577816009521)","(0.4511796832084656, 0.6707059144973755)",1,1,2.231201171875,2.2720184326171875,"(-49.43777847290039, 29.524959564208984, 528.9779052734375)","(12.124700546264648, 25.567779541015625, 529.8565063476562)","(-22.865766525268555, 85.2449951171875, 20.384885787963867)","(-18.488304138183594, 77.65677642822266, 17.622966766357422)",POINT (0.4448451846837997 0.6499318480491638),,,,,,,,,,,,,,,,,,,,,,,,,,,,,1
0,13,5,408084900263,2241741236,1,1,"(0.43844932317733765, 0.6236425042152405)","(0.45473048090934753, 0.6610376834869385)",1,1,2.241317749023437,2.254257202148437,"(-49.444854736328125, 29.52037239074707, 528.9781494140625)","(12.131668090820312, 25.563508987426758, 529.8406982421875)","(-22.886972427368164, 86.25228881835938, 20.75147819519043)","(-17.261409759521484, 79.42255401611328, 18.265674591064453)",POINT (0.4465899020433426 0.6423400938510895),,,,,,,,,,,,,,,,,,,,,,,,,,,,,1
0,13,5,408084916930,2241757903,1,1,"(0.44270673394203186, 0.6142257452011108)","(0.4473924934864044, 0.6490420699119568)",1,1,2.198883056640625,2.244873046875,"(-49.43408203125, 29.496826171875, 528.916259765625)","(12.144317626953125, 25.54349136352539, 529.85595703125)","(-21.415922164916992, 87.9721450805664, 21.377464294433594)","(-19.796890258789062, 81.6133804321289, 19.063091278076172)",POINT (0.4450496137142181 0.6316339075565338),,,,,,,,,,,,,,,,,,,,,,,,,,,,,1
0,13,5,408084933598,2241774570,1,1,"(0.43833082914352417, 0.636042594909668)","(0.4489828944206238, 0.6605713367462158)",1,1,2.254013061523437,2.248138427734375,"(-49.42938995361328, 29.482528686523438, 528.8927001953125)","(12.162797927856445, 25.521358489990234, 529.808837890625)","(-22.92791175842285, 83.98757934570312, 19.92719078063965)","(-19.24736213684082, 79.50775146484375, 18.296661376953125)",POINT (0.443656861782074 0.6483069658279419),,,,,,,,,,,,,,,,,,,,,,,,,,,,,1
0,13,5,408084950267,2241791240,1,1,"(0.44436535239219666, 0.6161758303642273)","(0.45424097776412964, 0.6590498089790344)",1,1,2.204193115234375,2.2678985595703125,"(-49.427608489990234, 29.465648651123047, 528.85498046875)","(12.16490364074707, 25.500728607177734, 529.8321533203125)","(-20.84284210205078, 87.615966796875, 21.247838973999023)","(-17.43055534362793, 79.78560638427734, 18.397809982299805)",POINT (0.4493031650781632 0.6376128196716309),,,,,,,,,,,,,,,,,,,,,,,,,,,,,1
0,13,5,408084966934,2241807907,1,1,"(0.4476875066757202, 0.6167054772377014)","(0.44933828711509705, 0.6632665991783142)",1,1,2.2155303955078125,2.2597198486328125,"(-49.42950439453125, 29.472034454345703, 528.854736328125)","(12.1719388961792, 25.483728408813477, 529.7698364257812)","(-19.694944381713867, 87.51924896240234, 21.21261215209961)","(-19.124547958374023, 79.0154800415039, 18.117509841918945)",POINT (0.4485128968954086 0.6399860382080078),,,,,,,,,,,,,,,,,,,,,,,,,,,,,1
0,13,5,408084983602,2241824574,1,1,"(0.4422491490840912, 0.6148836612701416)","(0.459064781665802, 0.6631587743759155)",1,1,2.2355194091796875,2.2592010498046875,"(-49.43566131591797, 29.47353744506836, 528.861328125)","(12.172569274902344, 25.470882415771484, 529.8001708984375)","(-21.574031829833984, 87.85198211669922, 21.33372688293457)","(-15.763805389404297, 79.03517150878906, 18.124658584594727)",POINT (0.4506569653749466 0.6390212178230286),,,,,,,,,,,,,,,,,,,,,,,,,,,,,1
0,13,5,408085000268,2241841240,1,1,"(0.4408802092075348, 0.6271634697914124)","(0.4534980058670044, 0.6657761931419373)",1,1,2.22735595703125,2.252304077148437,"(-49.454376220703125, 29.49677085876465, 528.8812255859375)","(12.165196418762207, 25.47231101989746, 529.7774047851562)","(-22.047040939331055, 85.6092300415039, 20.51740264892578)","(-17.687259674072266, 78.55712127685547, 17.950664520263672)",POINT (0.4471891075372696 0.6464698314666748),,,,,,,,,,,,,,,,,,,,,,,,,,,,,1
0,13,5,408085016936,2241857907,1,1,"(0.44256386160850525, 0.6177439093589783)","(0.45397937297821045, 0.6595999002456665)",1,1,2.22930908203125,2.296966552734375,"(-49.46821975708008, 29.49482536315918, 528.872314453125)","(12.155473709106445, 25.47049331665039, 529.7386474609375)","(-21.465295791625977, 87.32960510253906, 21.14356803894043)","(-17.520950317382812, 79.68515014648438, 18.361228942871094)",POINT (0.4482716172933578 0.6386719048023224),,,,,,,,,,,,,,,,,,,,,,,,,,,,,1
0,13,5,408085033603,2241874574,1,1,"(0.4439409077167511, 0.6211922764778137)","(0.45121678709983826, 0.6632009744644165)",1,1,2.24005126953125,2.2841339111328125,"(-49.48454666137695, 29.489574432373047, 528.8377075195312)","(12.14430046081543, 25.47864532470703, 529.7857055664062)","(-20.98948097229004, 86.69979095458984, 20.914348602294922)","(-18.475492477416992, 79.02745819091797, 18.12184715270996)",POINT (0.4475788474082947 0.6421966254711151),,,,,,,,,,,,,,,,,,,,,,,,,,,,,1
0,13,5,408085050270,2241891240,1,1,"(0.44329923391342163, 0.6345072984695435)","(0.4500730633735657, 0.6654325723648071)",1,1,2.2461395263671875,2.3066864013671875,"(-49.51447296142578, 29.463563919067383, 528.8095092773438)","(12.11958122253418, 25.46521759033203, 529.7633056640625)","(-21.21118927001953, 84.2679672241211, 20.02924919128418)","(-18.870683670043945, 78.61988830566406, 17.9735164642334)",POINT (0.4466861486434936 0.6499699354171753),,,,,,,,,,,,,,,,,,,,,,,,,,,,,1
0,13,5,408085066937,2241907907,1,1,"(0.4673226475715637, 0.6352344155311584)","(0.48249417543411255, 0.6761732697486877)",1,1,2.247283935546875,2.29150390625,"(-49.454444885253906, 29.430688858032227, 528.8045043945312)","(12.160723686218262, 25.45177459716797, 529.746337890625)","(-12.910503387451172, 84.13517761230469, 19.98092269897461)","(-7.668348789215088, 76.65824127197266, 17.25952911376953)",POINT (0.4749084115028381 0.6557038426399231),,,,,,,,,,,,,,,,,,,,,,,,,,,,,1
0,13,5,408085083611,2241924581,1,1,"(0.468648761510849, 0.640903115272522)","(0.47924453020095825, 0.674755334854126)",1,1,2.234619140625,2.290145874023437,"(-49.437294006347656, 29.399234771728516, 528.7290649414062)","(12.155441284179688, 25.434314727783203, 529.7228393554688)","(-12.452311515808105, 83.09988403320312, 19.604066848754883)","(-8.791200637817383, 76.91720581054688, 17.353797912597656)",POINT (0.4739466458559036 0.657829225063324),,,,,,,,,,,,,,,,,,,,,,,,,,,,,1
0,13,5,408085100278,2241941248,1,1,"(0.46565553545951843, 0.6319454908370972)","(0.48021626472473145, 0.6762297749519348)",1,1,2.254150390625,2.296112060546875,"(-49.49420928955078, 29.377437591552734, 528.742919921875)","(12.113553047180176, 25.416872024536133, 529.76318359375)","(-13.486536979675293, 84.73585510253906, 20.199539184570312)","(-8.455437660217285, 76.64793395996094, 17.255762100219727)",POINT (0.4729359000921249 0.654087632894516),,,,,,,,,,,,,,,,,,,,,,,,,,,,,1
0,13,5,408085116945,2241957914,1,1,"(0.4638957977294922, 0.6471798419952393)","(0.48104327917099, 0.6723499894142151)",1,1,2.2540435791015625,2.27783203125,"(-49.53874969482422, 29.353775024414062, 528.7592163085938)","(12.082120895385742, 25.39312744140625, 529.7801513671875)","(-14.094575881958008, 81.9535140991211, 19.186840057373047)","(-8.169672012329102, 77.35651397705078, 17.513648986816406)",POINT (0.4724695384502411 0.6597649157047272),,,,,,,,,,,,,,,,,,,,,,,,,,,,,1
0,13,5,408085133612,2241974581,1,1,"(0.46677646040916443, 0.6336551308631897)","(0.4806271195411682, 0.6642512679100037)",1,1,2.239532470703125,2.2861480712890625,"(-49.585914611816406, 29.32110023498535, 528.743408203125)","(12.038778305053711, 25.36731719970703, 529.7892456054688)","(-13.099234580993652, 84.42362213134766, 20.08591651916504)","(-8.31348705291748, 78.83564758300781, 18.05203628540039)",POINT (0.4737017899751663 0.6489531993865967),,,,,,,,,,,,,,,,,,,,,,,,,,,,,1
0,13,5,408085150280,2241991248,1,1,"(0.4660259187221527, 0.6268641352653503)","(0.48302674293518066, 0.6746255159378052)",1,1,2.2303466796875,2.32720947265625,"(-49.632545471191406, 29.269248962402344, 528.7061767578125)","(11.988496780395508, 25.334835052490234, 529.7598876953125)","(-13.358549118041992, 85.66388702392578, 20.537363052368164)","(-7.484335422515869, 76.94091033935547, 17.362411499023438)",POINT (0.4745263308286667 0.6507448256015778),,,,,,,,,,,,,,,,,,,,,,,,,,,,,1
0,13,5,408085166946,2242007914,1,1,"(0.4715977609157562, 0.6281325221061707)","(0.477105975151062, 0.6762839555740356)",1,1,2.231781005859375,2.3231658935546875,"(-49.6773681640625, 29.226898193359375, 528.7081909179688)","(11.945026397705078, 25.316265106201172, 529.8313598632812)","(-11.433340072631836, 85.4322509765625, 20.452980041503906)","(-9.530107498168945, 76.63803100585938, 17.252164840698242)",POINT (0.4743518680334091 0.6522082388401031),,,,,,,,,,,,,,,,,,,,,,,,,,,,,1
0,13,5,408085183614,2242024581,1,1,"(0.46839040517807007, 0.6422295570373535)","(0.4822152853012085, 0.6755536198616028)",1,1,2.2772979736328125,2.3039703369140625,"(-49.731544494628906, 29.19350814819336, 528.7141723632812)","(11.899618148803711, 25.293771743774414, 529.84033203125)","(-12.5415678024292, 82.85761260986328, 19.515907287597656)","(-7.764720916748047, 76.77140808105469, 17.300718307495117)",POINT (0.4753028452396393 0.6588915884494781),,,,,,,,,,,,,,,,,,,,,,,,,,,,,1
0,13,5,408085200285,2242041252,1,1,"(0.4659629762172699, 0.6347765922546387)","(0.4811672270298004, 0.6822375655174255)",1,1,2.230926513671875,2.3095245361328125,"(-49.77867889404297, 29.18393898010254, 528.6904907226562)","(11.851670265197754, 25.293533325195312, 529.834716796875)","(-13.380319595336914, 84.21878814697266, 20.011348724365234)","(-8.126851081848145, 75.55068969726562, 16.85639190673828)",POINT (0.4735651016235352 0.6585070788860321),,,,,,,,,,,,,,,,,,,,,,,,,,,,,1
0,13,5,408085216951,2242057918,1,1,"(0.4666212201118469, 0.6335836052894592)","(0.4721592962741852, 0.6758285760879517)",1,1,2.2324981689453125,2.313934326171875,"(-49.8302001953125, 29.180561065673828, 528.7921752929688)","(11.803519248962402, 25.27680206298828, 529.78173828125)","(-13.152872085571289, 84.43668365478516, 20.090648651123047)","(-11.23931884765625, 76.72119140625, 17.282434463500977)",POINT (0.469390258193016 0.6547060906887054),,,,,,,,,,,,,,,,,,,,,,,,,,,,,1
0,13,5,408085233617,2242074584,1,1,"(0.4629339277744293, 0.6461759209632874)","(0.47928309440612793, 0.6775676608085632)",1,1,2.2901763916015625,2.309478759765625,"(-49.868446350097656, 29.1759033203125, 528.8175048828125)","(11.766153335571289, 25.277299880981445, 529.82958984375)","(-14.426915168762207, 82.13685607910156, 19.253583908081055)","(-8.77788257598877, 76.4035873413086, 17.16682243347168)",POINT (0.4711085110902786 0.6618717908859253),,,,,,,,,,,,,,,,,,,,,,,,,,,,,1
0,13,5,408085250286,2242091252,1,1,"(0.46571505069732666, 0.6369737982749939)","(0.48543909192085266, 0.6751447319984436)",1,1,2.2677001953125,2.3065643310546875,"(-49.91073989868164, 29.165515899658203, 528.8588256835938)","(11.731742858886719, 25.277759552001953, 529.84619140625)","(-13.465959548950195, 83.81751251220703, 19.865278244018555)","(-6.650828838348389, 76.84609985351562, 17.327922821044922)",POINT (0.4755770713090897 0.6560592651367188),,,,,,,,,,,,,,,,,,,,,,,,,,,,,1
0,13,5,408085266952,2242107918,1,1,"(0.4675496220588684, 0.6415836811065674)","(0.4785758852958679, 0.6847382187843323)",1,1,2.2530059814453125,2.314315795898437,"(-49.93764114379883, 29.159860610961914, 528.8067016601562)","(11.701369285583496, 25.273101806640625, 529.847412109375)","(-12.832076072692871, 82.97557830810547, 19.55884552001953)","(-9.022223472595215, 75.09397888183594, 16.690166473388672)",POINT (0.4730627536773682 0.6631609499454498),,,,,,,,,,,,,,,,,,,,,,,,,,,,,1
0,13,5,408085283620,2242124585,1,1,"(0.46159377694129944, 0.6307433247566223)","(0.47983497381210327, 0.675366997718811)",1,1,2.271636962890625,2.3031005859375,"(-49.96289825439453, 29.14398956298828, 528.8031005859375)","(11.670878410339355, 25.264942169189453, 529.8403930664062)","(-14.889972686767578, 84.95542907714844, 20.27945327758789)","(-8.587189674377441, 76.80550384521484, 17.313135147094727)",POINT (0.4707143753767014 0.6530551612377167),,,,,,,,,,,,,,,,,,,,,,,,,,,,,1
0,13,5,408085300286,2242141251,1,1,"(0.4686548709869385, 0.6439269185066223)","(0.48339012265205383, 0.6790823936462402)",1,1,2.2550201416015625,2.3093414306640625,"(-49.9694709777832, 29.138019561767578, 528.8260498046875)","(11.660543441772461, 25.2630615234375, 529.9259033203125)","(-12.45018482208252, 82.54762268066406, 19.403078079223633)","(-7.358790874481201, 76.12693786621094, 17.066131591796875)",POINT (0.4760224968194962 0.6615046560764313),,,,,,,,,,,,,,,,,,,,,,,,,,,,,1
0,13,5,408085316954,2242157918,1,1,"(0.5055513381958008, 0.645632266998291)","(0.5219310522079468, 0.6730367541313171)",1,1,2.2481231689453125,2.3172149658203125,"(-49.86672592163086, 29.13368797302246, 528.882080078125)","(11.734806060791016, 25.252878189086914, 529.8385009765625)","(0.29848140478134155, 82.23616027832031, 19.28972053527832)","(5.9580817222595215, 77.2310791015625, 17.468053817749023)",POINT (0.5137411952018738 0.6593345105648041),,,,,,,,,,,,,,,,,,,,,,,,,,,,,1
0,13,5,408085333627,2242174591,1,1,"(0.49831676483154297, 0.637382984161377)","(0.5186415910720825, 0.6711423397064209)",1,1,2.221786499023437,2.2740478515625,"(-49.900028228759766, 29.13951873779297, 528.8673706054688)","(11.705123901367188, 25.268207550048828, 529.8624877929688)","(-2.201256036758423, 83.7427749633789, 19.838083267211914)","(4.821495532989502, 77.57705688476562, 17.593948364257812)",POINT (0.5084791779518127 0.6542626619338989),,,,,,,,,,,,,,,,,,,,,,,,,,,,,1
0,13,5,408085350294,2242191257,1,1,"(0.5023534297943115, 0.6541109085083008)","(0.514573872089386, 0.6849383115768433)",1,1,2.26025390625,2.31103515625,"(-49.935218811035156, 29.122543334960938, 528.8001098632812)","(11.673955917358398, 25.270580291748047, 529.786376953125)","(-0.8064947128295898, 80.68765258789062, 18.726097106933594)","(3.415984869003296, 75.05743408203125, 16.676870346069336)",POINT (0.5084636509418488 0.669524610042572),,,,,,,,,,,,,,,,,,,,,,,,,,,,,1
0,13,5,408085366961,2242207924,1,1,"(0.5002827644348145, 0.6582901477813721)","(0.5176452398300171, 0.6827227473258972)",1,1,2.2702789306640625,2.3084716796875,"(-49.983673095703125, 29.130008697509766, 528.8787841796875)","(11.637519836425781, 25.274066925048828, 529.7249145507812)","(-1.5219594240188599, 79.92435455322266, 18.448328018188477)","(4.477227210998535, 75.46207427978516, 16.824159622192383)",POINT (0.5089640021324158 0.6705064475536346),,,,,,,,,,,,,,,,,,,,,,,,,,,,,1
0,13,5,408085383629,2242224591,1,1,"(0.49758851528167725, 0.6474451422691345)","(0.5171176195144653, 0.674465000629425)",1,1,2.244415283203125,2.274078369140625,"(-50.01506042480469, 29.127885818481445, 528.914306640625)","(11.603353500366211, 25.281234741210938, 529.8192138671875)","(-2.452890634536743, 81.90506744384766, 19.169198989868164)","(4.294924259185791, 76.97023010253906, 17.37308692932129)",POINT (0.5073530673980713 0.6609550714492798),,,,,,,,,,,,,,,,,,,,,,,,,,,,,1
0,13,5,408085400295,2242241257,1,1,"(0.49597230553627014, 0.6554431915283203)","(0.517270028591156, 0.682339608669281)",1,1,2.2647247314453125,2.323486328125,"(-50.041015625, 29.128368377685547, 528.97265625)","(11.584983825683594, 25.284027099609375, 529.9053955078125)","(-3.011317491531372, 80.4443130493164, 18.637544631958008)","(4.347559928894043, 75.53205108642578, 16.84962272644043)",POINT (0.5066211670637131 0.6688914000988007),,,,,,,,,,,,,,,,,,,,,,,,,,,,,1
0,13,5,408085416963,2242257924,1,1,"(0.5006817579269409, 0.6520629525184631)","(0.5178092122077942, 0.6713317036628723)",1,1,2.240570068359375,2.258270263671875,"(-50.05543518066406, 29.12786293029785, 528.9780883789062)","(11.568111419677734, 25.284740447998047, 529.9373779296875)","(-1.384099006652832, 81.06167602539062, 18.862253189086914)","(4.533899307250977, 77.54249572753906, 17.581342697143555)",POINT (0.5092454850673676 0.6616973280906677),,,,,,,,,,,,,,,,,,,,,,,,,,,,,1
0,13,5,408085433629,2242274590,1,1,"(0.5008776783943176, 0.6414437294006348)","(0.5149567127227783, 0.6805932521820068)",1,1,2.237152099609375,2.3143768310546875,"(-50.0565185546875, 29.128368377685547, 528.97802734375)","(11.563150405883789, 25.283451080322266, 529.9371948242188)","(-1.316389560699463, 83.00112915039062, 19.568166732788086)","(3.5482587814331055, 75.85099029541016, 16.965721130371094)",POINT (0.507917195558548 0.6610184907913208),,,,,,,,,,,,,,,,,,,,,,,,,,,,,1
0,13,5,408085450296,2242291257,1,1,"(0.5075147151947021, 0.6513006687164307)","(0.5146524906158447, 0.6762288212776184)",1,1,2.2693634033203125,2.276107788085937,"(-50.05561828613281, 29.11928939819336, 529.0179443359375)","(11.568437576293945, 25.268068313598633, 529.9528198242188)","(0.976874053478241, 81.2009048461914, 18.912899017333984)","(3.443159818649292, 76.64810180664062, 17.255836486816406)",POINT (0.5110836029052734 0.6637647449970245),,,,,,,,,,,,,,,,,,,,,,,,,,,,,1
0,13,5,408085466967,2242307927,1,1,"(0.5051408410072327, 0.6509557962417603)","(0.5165171027183533, 0.6755504608154297)",1,1,2.2542724609375,2.2984771728515625,"(-50.044410705566406, 29.105548858642578, 528.9806518554688)","(11.576367378234863, 25.250368118286133, 529.960693359375)","(0.15664783120155334, 81.26387786865234, 18.93584442138672)","(4.0874342918396, 76.7719955444336, 17.300907135009766)",POINT (0.510828971862793 0.663253128528595),,,,,,,,,,,,,,,,,,,,,,,,,,,,,1
0,13,5,408085483633,2242324593,1,1,"(0.49813851714134216, 0.6503345370292664)","(0.5137642025947571, 0.6834559440612793)",1,1,2.2669219970703125,2.2954254150390625,"(-50.03125, 29.091636657714844, 528.9829711914062)","(11.589252471923828, 25.225162506103516, 529.9288940429688)","(-2.2628464698791504, 81.37736511230469, 18.977121353149414)","(3.1362144947052, 75.32817077636719, 16.775419235229492)",POINT (0.5059513598680496 0.6668952405452728),,,,,,,,,,,,,,,,,,,,,,,,,,,,,1
0,13,5,408085500301,2242341260,1,1,"(0.5044494867324829, 0.6528193950653076)","(0.5175008773803711, 0.679706871509552)",1,1,2.264144897460937,2.2962646484375,"(-50.023990631103516, 29.081077575683594, 529.015380859375)","(11.596441268920898, 25.201168060302734, 529.9521484375)","(-0.08223395049571991, 80.92351531982422, 18.811965942382812)","(4.427340984344482, 76.01289367675781, 17.024616241455078)",POINT (0.510975182056427 0.6662631332874298),,,,,,,,,,,,,,,,,,,,,,,,,,,,,1
0,13,5,408085516968,2242357927,1,1,"(0.49978354573249817, 0.6440480351448059)","(0.5196803212165833, 0.6706027388572693)",1,1,2.230377197265625,2.2867584228515625,"(-50.01006317138672, 29.063987731933594, 528.9866333007812)","(11.601926803588867, 25.19064712524414, 529.9675903320312)","(-1.6944373846054077, 82.52548217773438, 19.39501953125)","(5.180380821228027, 77.6756362915039, 17.62982177734375)",POINT (0.5097319334745407 0.6573253870010376),,,,,,,,,,,,,,,,,,,,,,,,,,,,,1
0,13,5,408085533635,2242374593,1,1,"(0.5016956329345703, 0.6453883051872253)","(0.5149428844451904, 0.6847232580184937)",1,1,2.246322631835937,2.3104400634765625,"(-49.99824523925781, 29.05274200439453, 529.0357666015625)","(11.618303298950195, 25.169967651367188, 529.96728515625)","(-1.0337862968444824, 82.28070831298828, 19.30594253540039)","(3.543487548828125, 75.09668731689453, 16.69118881225586)",POINT (0.5083192586898804 0.6650557816028595),,,,,,,,,,,,,,,,,,,,,,,,,,,,,1
0,13,5,408085550302,2242391260,1,1,"(0.5276845693588257, 0.62159264087677)","(0.5463033318519592, 0.6592749357223511)",1,1,2.2396697998046875,2.302154541015625,"(-49.88376998901367, 29.07099151611328, 529.109375)","(11.704666137695312, 25.19216537475586, 530.1357421875)","(7.946078777313232, 86.62667083740234, 20.887737274169922)","(14.379311561584473, 79.74452209472656, 18.38279151916504)",POINT (0.5369939506053925 0.6404337882995605),,,,,,,,,,,,,,,,,,,,,,,,,,,,,1
0,13,5,408085566970,2242407927,1,1,"(0.5305140614509583, 0.6347537040710449)","(0.535389244556427, 0.6587212681770325)",1,1,2.240264892578125,2.2807769775390625,"(-49.87689971923828, 29.084239959716797, 529.2200317382812)","(11.716693878173828, 25.19256019592285, 530.2056884765625)","(8.923720359802246, 84.22297668457031, 20.01286506652832)","(10.6082181930542, 79.84561157226562, 18.419649124145508)",POINT (0.5329516530036926 0.6467374861240387),,,,,,,,,,,,,,,,,,,,,,,,,,,,,1
0,13,5,408085583637,2242424594,1,1,"(0.5262571573257446, 0.6215434074401855)","(0.5385943055152893, 0.6594616174697876)",1,1,2.23040771484375,2.282455444335937,"(-49.86709976196289, 29.069133758544922, 529.19775390625)","(11.725955963134766, 25.18701171875, 530.2052612304688)","(7.452846050262451, 86.63568115234375, 20.891010284423828)","(11.715662956237793, 79.71039581298828, 18.37042236328125)",POINT (0.532425731420517 0.6405025124549866),,,,,,,,,,,,,,,,,,,,,,,,,,,,,1
0,13,5,408085600310,2242441266,1,1,"(0.5179259181022644, 0.6179816722869873)","(0.5403274297714233, 0.6550279259681702)",1,1,2.218124389648437,2.28863525390625,"(-49.84829330444336, 29.073448181152344, 529.256103515625)","(11.747199058532715, 25.188514709472656, 530.235595703125)","(4.57420539855957, 87.28617858886719, 21.127765655517578)","(12.314498901367188, 80.52017211914062, 18.66510772705078)",POINT (0.5291266739368439 0.6365047991275787),,,,,,,,,,,,,,,,,,,,,,,,,,,,,1
0,13,5,408085616977,2242457933,1,1,"(0.5271274447441101, 0.6367617249488831)","(0.5395600199699402, 0.664383053779602)",1,1,2.2519683837890625,2.288070678710937,"(-49.831634521484375, 29.08007049560547, 529.2747802734375)","(11.76559829711914, 25.19415283203125, 530.2820434570312)","(7.75355863571167, 83.85624694824219, 19.879383087158203)","(12.049315452575684, 78.81157684326172, 18.04330062866211)",POINT (0.5333437323570251 0.6505723893642426),,,,,,,,,,,,,,,,,,,,,,,,,,,,,1
0,13,5,408085633645,2242474600,1,1,"(0.5264050960540771, 0.6211920380592346)","(0.5379003882408142, 0.6676988005638123)",1,1,2.2333221435546875,2.282501220703125,"(-49.80455017089844, 29.08325958251953, 529.3579711914062)","(11.793831825256348, 25.194990158081055, 530.2967529296875)","(7.503995895385742, 86.69984436035156, 20.91436004638672)","(11.475868225097656, 78.20600891113281, 17.82284927368164)",POINT (0.5321527421474457 0.6444454193115234),,,,,,,,,,,,,,,,,,,,,,,,,,,,,1
0,13,5,408085650311,2242491266,1,1,"(0.5261009931564331, 0.6275150775909424)","(0.5446481704711914, 0.6709201335906982)",1,1,2.2424468994140625,2.3090972900390625,"(-49.77103805541992, 29.08861541748047, 529.378662109375)","(11.832470893859863, 25.195053100585938, 530.33447265625)","(7.398908615112305, 85.5450210571289, 20.494049072265625)","(13.807427406311035, 77.61766052246094, 17.608749389648438)",POINT (0.5353745818138123 0.6492176055908203),,,,,,,,,,,,,,,,,,,,,,,,,,,,,1
0,13,5,408085666979,2242507933,1,1,"(0.5248032808303833, 0.6127748489379883)","(0.537315309047699, 0.6543459892272949)",1,1,2.2166900634765625,2.289947509765625,"(-49.727561950683594, 29.088865280151367, 529.3541259765625)","(11.871508598327637, 25.188148498535156, 530.3328857421875)","(6.950510025024414, 88.23713684082031, 21.473886489868164)","(11.273727416992188, 80.64471435546875, 18.71047019958496)",POINT (0.5310592949390411 0.6335604190826416),,,,,,,,,,,,,,,,,,,,,,,,,,,,,1
0,13,5,408085683645,2242524599,1,1,"(0.529388964176178, 0.6363878846168518)","(0.5373307466506958, 0.666784942150116)",1,1,2.24609375,2.315902709960937,"(-49.685401916503906, 29.112581253051758, 529.3994140625)","(11.91174030303955, 25.188987731933594, 530.378662109375)","(8.534976959228516, 83.92453002929688, 19.904251098632812)","(11.279065132141113, 78.3729019165039, 17.88357162475586)",POINT (0.5333598554134369 0.6515864133834839),,,,,,,,,,,,,,,,,,,,,,,,,,,,,1
0,13,5,408085700313,2242541266,1,1,"(0.5150564312934875, 0.41098734736442566)","(0.5466081500053406, 0.4260527193546295)",1,1,2.214019775390625,2.270782470703125,"(-49.572120666503906, 29.46533203125, 529.5509033203125)","(11.892321586608887, 25.52539825439453, 530.5036010742188)","(3.582732915878296, 125.0909423828125, 34.88758850097656)","(14.484642028808594, 122.3394546508789, 33.886112213134766)",POINT (0.5308322906494141 0.4185200333595276),,,,,,,,,,,,,,,,,,,,,,,,,,,,,
0,13,5,408085716980,2242557933,1,1,"(0.4944518506526947, 0.24551242589950562)","(0.5116041898727417, 0.27261099219322205)",1,1,2.309051513671875,2.322494506835937,"(-49.502532958984375, 29.866947174072266, 529.76416015625)","(11.785036087036133, 25.863920211791992, 529.7886962890625)","(-3.5366859436035156, 155.312744140625, 45.88742446899414)","(2.3898589611053467, 150.3635711669922, 44.0860710144043)",POINT (0.5030280202627182 0.2590617090463638),,,,,,,,,,,,,,,,,,,,,,,,,,,1,1,
0,13,5,408085733650,2242574602,1,1,"(0.501411497592926, 0.2695973217487335)","(0.5195173025131226, 0.2765451967716217)",1,1,2.31463623046875,2.34417724609375,"(-49.50785827636719, 29.911685943603516, 529.7459716796875)","(11.83253002166748, 25.86568260192871, 530.0994873046875)","(-1.1319434642791748, 150.91397094726562, 44.286399841308594)","(5.124056816101074, 149.64501953125, 43.82453918457031)",POINT (0.5104644000530243 0.2730712592601776),,,,,,,,,,,,,,,,,,,,,,,,,,,1,1,
0,13,5,408085750317,2242591269,1,1,"(0.4972711205482483, 0.25449317693710327)","(0.5140459537506104, 0.26307058334350586)",1,1,2.318084716796875,2.3431854248046875,"(-49.4821662902832, 29.884052276611328, 529.61669921875)","(11.907672882080078, 25.80599594116211, 530.1123657226562)","(-2.562551975250244, 153.6725311279297, 45.29044723510742)","(3.2335667610168457, 152.1060028076172, 44.72025680541992)",POINT (0.5056585371494293 0.2587818801403046),,,,,,,,,,,,,,,,,,,,,,,,,,,1,1,
0,13,5,408085766985,2242607936,1,1,"(0.4977484345436096, 0.2625036835670471)","(0.5131028294563293, 0.2697294056415558)",1,1,2.306365966796875,2.3358306884765625,"(-49.45264434814453, 29.93052101135254, 529.658935546875)","(11.968488693237305, 25.81761360168457, 530.0794677734375)","(-2.397627353668213, 152.2095184326172, 44.757938385009766)","(2.907702684402466, 150.8898468017578, 44.27760314941406)",POINT (0.5054256319999695 0.2661165446043014),,,,,,,,,,,,,,,,,,,,,,,,,,,1,1,
0,13,5,408085783651,2242624602,1,1,"(0.5000289678573608, 0.2663004994392395)","(0.5100929141044617, 0.28272461891174316)",1,1,2.307281494140625,2.3307342529296875,"(-49.42958068847656, 29.94729232788086, 529.6312255859375)","(12.031155586242676, 25.81504249572754, 529.9061279296875)","(-1.6096609830856323, 151.51608276367188, 44.505558013916016)","(1.8676934242248535, 148.51644897460938, 43.41375732421875)",POINT (0.5050609409809113 0.2745125591754913),,,,,,,,,,,,,,,,,,,,,,,,,,,1,1,
0,13,5,408085800319,2242641269,1,1,"(0.49769288301467896, 0.26763513684272766)","(0.5129677057266235, 0.2777321934700012)",1,1,2.303436279296875,2.3284149169921875,"(-49.39665985107422, 29.97187614440918, 529.519287109375)","(12.084230422973633, 25.859275817871094, 529.9969482421875)","(-2.416818380355835, 151.27232360839844, 44.41682434082031)","(2.861013650894165, 149.42825317382812, 43.74562072753906)",POINT (0.5053302943706512 0.2726836651563644),,,,,,,,,,,,,,,,,,,,,,,,,,,1,1,
0,13,5,408085816986,2242657936,1,1,"(0.5007206797599792, 0.2630293667316437)","(0.5126035809516907, 0.2799375653266907)",1,1,2.3106231689453125,2.3291778564453125,"(-49.367332458496094, 29.996822357177734, 529.4368896484375)","(12.126052856445312, 25.88440704345703, 529.8017578125)","(-1.3706587553024292, 152.11351013183594, 44.72300720214844)","(2.735201597213745, 149.02545166015625, 43.59906005859375)",POINT (0.506662130355835 0.2714834660291672),,,,,,,,,,,,,,,,,,,,,,,,,,,1,1,
0,13,5,408085833653,2242674602,1,1,"(0.5012648105621338, 0.26304715871810913)","(0.5071912407875061, 0.2815183997154236)",1,1,2.287841796875,2.33026123046875,"(-49.345272064208984, 30.040597915649414, 529.4158325195312)","(12.169925689697266, 25.91324234008789, 529.71435546875)","(-1.1826316118240356, 152.11026000976562, 44.7218132019043)","(0.8650951385498047, 148.7367401123047, 43.49394989013672)",POINT (0.50422802567482 0.2722827792167664),,,,,,,,,,,,,,,,,,,,,,,,,,,1,1,
0,13,5,408085850320,2242691269,1,1,"(0.5016395449638367, 0.26623010635375977)","(0.5145902037620544, 0.2827815115451813)",1,1,2.2799835205078125,2.3018035888671875,"(-49.3221549987793, 30.077266693115234, 529.418212890625)","(12.20920181274414, 25.934282302856445, 529.775146484375)","(-1.0531522035598755, 151.52894592285156, 44.510231018066406)","(3.4216372966766357, 148.50604248046875, 43.40998077392578)",POINT (0.5081148743629456 0.2745058089494705),,,,,,,,,,,,,,,,,,,,,,,,,,,1,1,
0,13,5,408085866993,2242707941,1,1,"(0.49742114543914795, 0.2626195549964905)","(0.5144025087356567, 0.27725207805633545)",1,1,2.2933807373046875,2.307479858398437,"(-49.300254821777344, 30.104434967041016, 529.3515625)","(12.239557266235352, 25.94816017150879, 529.7435302734375)","(-2.510709285736084, 152.1883544921875, 44.750247955322266)","(3.3567616939544678, 149.51593017578125, 43.777565002441406)",POINT (0.5059118270874023 0.269935816526413),,,,,,,,,,,,,,,,,,,,,,,,,,,1,1,
0,13,5,408085883659,2242724607,1,1,"(0.49981504678726196, 0.25447285175323486)","(0.5116043090820312, 0.2844593822956085)",1,1,2.3129119873046875,2.326080322265625,"(-49.264156341552734, 30.11974334716797, 529.2481689453125)","(12.27256965637207, 25.97356605529785, 529.5943603515625)","(-1.6835625171661377, 153.67623901367188, 45.29179000854492)","(2.389930486679077, 148.19960021972656, 43.2984619140625)",POINT (0.5057096779346466 0.2694661170244217),,,,,,,,,,,,,,,,,,,,,,,,,,,1,1,
0,13,5,408085900327,2242741274,1,1,"(0.49803125858306885, 0.26631850004196167)","(0.5118041634559631, 0.2731799781322479)",1,1,2.3083038330078125,2.320404052734375,"(-49.2369384765625, 30.143009185791016, 529.1895751953125)","(12.31407642364502, 26.00041389465332, 529.5611572265625)","(-2.299898862838745, 151.51280212402344, 44.504356384277344)","(2.458972215652466, 150.25965881347656, 44.048240661621094)",POINT (0.504917711019516 0.2697492390871048),,,,,,,,,,,,,,,,,,,,,,,,,,,1,1,
0,13,5,408085916994,2242757941,1,1,"(0.5013324618339539, 0.2548973560333252)","(0.5122418999671936, 0.2808462083339691)",1,1,2.32464599609375,2.3142242431640625,"(-49.21592330932617, 30.183670043945312, 529.16845703125)","(12.339073181152344, 26.04094696044922, 529.544677734375)","(-1.1592587232589722, 153.5987091064453, 45.26356887817383)","(2.6102335453033447, 148.85951232910156, 43.538631439208984)",POINT (0.5067871809005737 0.2678717821836472),,,,,,,,,,,,,,,,,,,,,,,,,,,1,1,
0,13,5,408085933660,2242774607,1,1,"(0.4969492554664612, 0.2621913552284241)","(0.5117621421813965, 0.29022419452667236)",1,1,2.2909393310546875,2.306732177734375,"(-49.192237854003906, 30.225845336914062, 529.162841796875)","(12.368063926696777, 26.07465171813965, 529.5125732421875)","(-2.6737568378448486, 152.26657104492188, 44.77869415283203)","(2.444474220275879, 147.14674377441406, 42.915245056152344)",POINT (0.5043556988239288 0.2762077748775482),,,,,,,,,,,,,,,,,,,,,,,,,,,1,1,
0,13,5,408085950328,2242791274,1,1,"(0.4857078492641449, 0.27276089787483215)","(0.4996568262577057, 0.29777097702026367)",1,1,2.3022613525390625,2.3120574951171875,"(-49.20552062988281, 30.212753295898438, 529.0825805664062)","(12.33902645111084, 26.094507217407227, 529.5596313476562)","(-6.55795955657959, 150.33616638183594, 44.07609939575195)","(-1.738241195678711, 145.7684326171875, 42.413551330566406)",POINT (0.4926823377609253 0.2852659374475479),,,,,,,,,,,,,,,,,,,,,,,,,,,1,1,
0,13,5,408085966995,2242807941,1,1,"(0.48265811800956726, 0.29627469182014465)","(0.4876999855041504, 0.3182125687599182)",1,1,2.28265380859375,2.33294677734375,"(-49.22242736816406, 30.14733123779297, 528.9081420898438)","(12.28366470336914, 26.04570770263672, 529.6246337890625)","(-7.611702919006348, 146.04168701171875, 42.51302719116211)","(-5.869609355926514, 142.0350341796875, 41.05473709106445)",POINT (0.4851790517568588 0.3072436302900314),,,,,,,,,,,,,,,,,,,,,,,,,,,,1,
0,13,5,408085983662,2242824607,1,1,"(0.47971874475479126, 0.2939503490924835)","(0.48357877135276794, 0.3152531087398529)",1,1,2.30902099609375,2.3014373779296875,"(-49.22234344482422, 30.15159034729004, 528.8291015625)","(12.305615425109863, 26.061216354370117, 529.5924682617188)","(-8.627340316772461, 146.46620178222656, 42.66754913330078)","(-7.293605804443359, 142.5755157470703, 41.25147247314453)",POINT (0.4816487580537796 0.3046017289161682),,,,,,,,,,,,,,,,,,,,,,,,,,,,1,
0,13,5,408086000334,2242841279,1,1,"(0.47109875082969666, 0.29717081785202026)","(0.4835251569747925, 0.3180721700191498)",1,1,2.279937744140625,2.3209686279296875,"(-49.20594024658203, 30.17359733581543, 528.74462890625)","(12.32980728149414, 26.085540771484375, 529.52978515625)","(-11.605770111083984, 145.87802124023438, 42.4534797668457)","(-7.312131404876709, 142.0606689453125, 41.06406021118164)",POINT (0.4773119539022446 0.307621493935585),,,,,,,,,,,,,,,,,,,,,,,,,,,,1,
0,13,5,408086017001,2242857945,1,1,"(0.47236305475234985, 0.297667533159256)","(0.4853992164134979, 0.3148689568042755)",1,1,2.3003082275390625,2.307464599609375,"(-49.20589065551758, 30.189870834350586, 528.7437744140625)","(12.349416732788086, 26.090728759765625, 529.4590454101562)","(-11.16891860961914, 145.7873077392578, 42.42046356201172)","(-6.6646013259887695, 142.64569091796875, 41.276981353759766)",POINT (0.4788811355829239 0.3062682449817658),,,,,,,,,,,,,,,,,,,,,,,,,,,,1,
0,13,5,408086033669,2242874613,1,1,"(0.4731268882751465, 0.29990121722221375)","(0.4842470586299896, 0.31202372908592224)",1,1,2.309417724609375,2.3091583251953125,"(-49.197357177734375, 30.20362663269043, 528.6583862304688)","(12.358453750610352, 26.1011905670166, 529.3887329101562)","(-10.90499496459961, 145.3793487548828, 42.27199172973633)","(-7.062699794769287, 143.16534423828125, 41.46614456176758)",POINT (0.478686973452568 0.305962473154068),,,,,,,,,,,,,,,,,,,,,,,,,,,,1,
0,13,5,408086050336,2242891279,1,1,"(0.4735444486141205, 0.3004872500896454)","(0.4829820990562439, 0.322518914937973)",1,1,2.31146240234375,2.311798095703125,"(-49.19518280029297, 30.213363647460938, 528.6184692382812)","(12.37409782409668, 26.10601043701172, 529.3804931640625)","(-10.760721206665039, 145.27232360839844, 42.23301315307617)","(-7.499757766723633, 141.24853515625, 40.76844787597656)",POINT (0.4782632738351822 0.3115030825138092),,,,,,,,,,,,,,,,,,,,,,,,,,,,1,
0,13,5,408086067002,2242907945,1,1,"(0.47474464774131775, 0.30484244227409363)","(0.48545241355895996, 0.3237331509590149)",1,1,2.31402587890625,2.3387908935546875,"(-49.19300079345703, 30.224842071533203, 528.5721435546875)","(12.384110450744629, 26.11526107788086, 529.34130859375)","(-10.346014976501465, 144.47691345214844, 41.943504333496094)","(-6.646212577819824, 141.02676391601562, 40.687744140625)",POINT (0.4800985306501388 0.3142877966165543),,,,,,,,,,,,,,,,,,,,,,,,,,,,1,
0,13,5,408086083670,2242924612,1,1,"(0.47465118765830994, 0.3044629991054535)","(0.48206764459609985, 0.31531134247779846)",1,1,2.32379150390625,2.338104248046875,"(-49.18675231933594, 30.22598648071289, 528.5262451171875)","(12.399761199951172, 26.115520477294922, 529.3094482421875)","(-10.378314971923828, 144.54620361328125, 41.96874237060547)","(-7.81572961807251, 142.56491088867188, 41.247589111328125)",POINT (0.4783594161272049 0.309887170791626),,,,,,,,,,,,,,,,,,,,,,,,,,,,1,
0,13,5,408086100337,2242941279,1,1,"(0.47549372911453247, 0.3006590008735657)","(0.4851558804512024, 0.31383612751960754)",1,1,2.31744384765625,2.3223876953125,"(-49.17853546142578, 30.231983184814453, 528.512451171875)","(12.415719985961914, 26.116804122924805, 529.2701416015625)","(-10.087188720703125, 145.24095153808594, 42.22159194946289)","(-6.748671531677246, 142.83433532714844, 41.34564971923828)",POINT (0.4803248047828674 0.3072475641965866),,,,,,,,,,,,,,,,,,,,,,,,,,,,1,
0,13,5,408086117009,2242957950,1,1,"(0.470531165599823, 0.30357295274734497)","(0.48190736770629883, 0.3177829682826996)",1,1,2.340911865234375,2.3351287841796875,"(-49.16230392456055, 30.226490020751953, 528.4754638671875)","(12.434698104858398, 26.10664176940918, 529.2073974609375)","(-11.80189037322998, 144.70877075195312, 42.02788162231445)","(-7.871117115020752, 142.11349487304688, 41.08326721191406)",POINT (0.4762192666530609 0.3106779605150223),,,,,,,,,,,,,,,,,,,,,,,,,,,,1,
0,13,5,408086133675,2242974616,1,1,"(0.46872982382774353, 0.2932097017765045)","(0.48010438680648804, 0.3286385238170624)",1,1,2.335479736328125,2.3472137451171875,"(-49.14971923828125, 30.216293334960938, 528.4611206054688)","(12.450998306274414, 26.091503143310547, 529.1599731445312)","(-12.424277305603027, 146.60147094726562, 42.716766357421875)","(-8.494097709655762, 140.130859375, 40.36166763305664)",POINT (0.4744171053171158 0.3109241127967834),,,,,,,,,,,,,,,,,,,,,,,,,,,,1,
0,13,5,408086150343,2242991283,1,1,"(0.4695300757884979, 0.307135671377182)","(0.48519694805145264, 0.3258107304573059)",1,1,2.344207763671875,2.349716186523437,"(-49.13878631591797, 30.205575942993164, 528.4312744140625)","(12.467145919799805, 26.07014274597168, 529.1209716796875)","(-12.147780418395996, 144.05809020996094, 41.79107666015625)","(-6.734476566314697, 140.6473388671875, 40.54963684082031)",POINT (0.4773635119199753 0.316473200917244),,,,,,,,,,,,,,,,,,,,,,,,,,,,1,
0,13,5,408086167010,2243007950,1,1,"(0.4676652252674103, 0.30073001980781555)","(0.4802415370941162, 0.31711235642433167)",1,1,2.358123779296875,2.361785888671875,"(-49.13169860839844, 30.175209045410156, 528.3934326171875)","(12.477643013000488, 26.04248046875, 529.089111328125)","(-12.792136192321777, 145.22799682617188, 42.21686935424805)","(-8.4467134475708, 142.23597717285156, 41.127845764160156)",POINT (0.4739533811807632 0.3089211881160736),,,,,,,,,,,,,,,,,,,,,,,,,,,,1,
0,13,5,408086183677,2243024616,1,1,"(0.4694187045097351, 0.29949522018432617)","(0.4816988408565521, 0.30803805589675903)",1,1,2.3462677001953125,2.362655639648437,"(-49.13336181640625, 30.12959098815918, 528.2923583984375)","(12.474266052246094, 25.99551010131836, 529.0275268554688)","(-12.186261177062988, 145.45350646972656, 42.2989501953125)","(-7.9431657791137695, 143.8932647705078, 41.73109817504883)",POINT (0.4755587726831436 0.3037666380405426),,,,,,,,,,,,,,,,,,,,,,,,,,,,1,
0,13,5,408086200344,2243041283,1,1,"(0.4702572524547577, 0.2930119037628174)","(0.4817415475845337, 0.32072049379348755)",1,1,2.3565673828125,2.3571319580078125,"(-49.14374542236328, 30.093952178955078, 528.2603149414062)","(12.468473434448242, 25.968576431274414, 528.9967041015625)","(-11.896525382995605, 146.63760375976562, 42.72993087768555)","(-7.928394317626953, 141.57699584960938, 40.88801193237305)",POINT (0.4759994000196457 0.3068661987781525),,,,,,,,,,,,,,,,,,,,,,,,,,,,1,
0,13,5,408086217012,2243057950,1,1,"(0.46755319833755493, 0.300942987203598)","(0.48298731446266174, 0.3232877552509308)",1,1,2.36724853515625,2.354705810546875,"(-49.16006088256836, 30.05852508544922, 528.1875)","(12.451873779296875, 25.94146728515625, 528.9274291992188)","(-12.830848693847656, 145.18910217285156, 42.20271301269531)","(-7.49796199798584, 141.10812377929688, 40.717376708984375)",POINT (0.4752702564001083 0.3121153712272644),,,,,,,,,,,,,,,,,,,,,,,,,,,,1,
0,13,5,408086233678,2243074616,1,1,"(0.469967246055603, 0.30187010765075684)","(0.4817187488079071, 0.3275822103023529)",1,1,2.3771209716796875,2.3607177734375,"(-49.1793327331543, 30.04462432861328, 528.152587890625)","(12.43320083618164, 25.925750732421875, 528.8580322265625)","(-11.996728897094727, 145.019775390625, 42.14109420776367)","(-7.93629789352417, 140.3237762451172, 40.43190002441406)",POINT (0.4758429974317551 0.3147261589765549),,,,,,,,,,,,,,,,,,,,,,,,,,,,1,
0,13,5,408086250353,2243091290,1,1,"(0.4657214879989624, 0.2960488796234131)","(0.4818597733974457, 0.31551623344421387)",1,1,2.368072509765625,2.3589630126953125,"(-49.2022819519043, 30.032024383544922, 528.17236328125)","(12.412548065185547, 25.910640716552734, 528.8201293945312)","(-13.463757514953613, 146.08294677734375, 42.52803039550781)","(-7.887561321258545, 142.5274658203125, 41.233985900878906)",POINT (0.473790630698204 0.3057825565338135),,,,,,,,,,,,,,,,,,,,,,,,,,,,1,
0,13,5,408086267019,2243107956,1,1,"(0.4694133400917053, 0.301226407289505)","(0.4826439917087555, 0.32428547739982605)",1,1,2.3565826416015625,2.3728485107421875,"(-49.23095703125, 30.02320098876953, 528.1282958984375)","(12.38459587097168, 25.9091796875, 528.7512817382812)","(-12.188126564025879, 145.1373291015625, 42.18389129638672)","(-7.616588115692139, 140.9259033203125, 40.65104675292969)",POINT (0.4760286659002304 0.3127559423446655),,,,,,,,,,,,,,,,,,,,,,,,,,,,1,
0,13,5,408086283687,2243124623,1,1,"(0.46692323684692383, 0.30943912267684937)","(0.48268696665763855, 0.32146182656288147)",1,1,2.3602752685546875,2.3693084716796875,"(-49.24954605102539, 30.011463165283203, 528.0629272460938)","(12.368922233581543, 25.905847549438477, 528.7362670898438)","(-13.048514366149902, 143.6373748779297, 41.6379508972168)","(-7.601731300354004, 141.4416046142578, 40.83873748779297)",POINT (0.4748051017522812 0.3154504746198654),,,,,,,,,,,,,,,,,,,,,,,,,,,,1,
0,13,5,408086300354,2243141290,1,1,"(0.4672905504703522, 0.3068561255931854)","(0.4817032217979431, 0.32736489176750183)",1,1,2.37481689453125,2.3731689453125,"(-49.27857971191406, 29.99876594543457, 528.0185546875)","(12.341825485229492, 25.90900230407715, 528.7449340820312)","(-12.921603202819824, 144.10914611816406, 41.80963897705078)","(-7.94165563583374, 140.3634796142578, 40.446353912353516)",POINT (0.4744968861341476 0.3171105086803436),,,,,,,,,,,,,,,,,,,,,,,,,,,,1,
0,13,5,408086317021,2243157956,1,1,"(0.4697858393192291, 0.3054938316345215)","(0.4797070622444153, 0.3230101764202118)",1,1,2.3890380859375,2.3766021728515625,"(-49.30295944213867, 29.98461151123047, 527.95263671875)","(12.317586898803711, 25.89707374572754, 528.6917724609375)","(-12.059404373168945, 144.35794067382812, 41.90019607543945)","(-8.631379127502441, 141.15882873535156, 40.73580551147461)",POINT (0.4747464507818222 0.3142520040273666),,,,,,,,,,,,,,,,,,,,,,,,,,,,1,
0,13,5,408086333688,2243174623,1,1,"(0.4692279100418091, 0.3030398190021515)","(0.4773962199687958, 0.31971117854118347)",1,1,2.3690948486328125,2.390609741210937,"(-49.346099853515625, 29.99673843383789, 528.0)","(12.285459518432617, 25.90291404724121, 528.6304931640625)","(-12.252184867858887, 144.80613708496094, 42.06330871582031)","(-9.429827690124512, 141.76132202148438, 40.95510482788086)",POINT (0.4733120650053024 0.3113754987716675),,,,,,,,,,,,,,,,,,,,,,,,,,,,1,
0,13,5,408086350355,2243191289,1,1,"(0.46890419721603394, 0.30494874715805054)","(0.4800099730491638, 0.33239513635635376)",1,1,2.374664306640625,2.39794921875,"(-49.38033676147461, 29.997295379638672, 527.8937377929688)","(12.24934196472168, 25.906333923339844, 528.56201171875)","(-12.36404800415039, 144.45748901367188, 41.93645095825195)","(-8.526714324951172, 139.4447479248047, 40.11196517944336)",POINT (0.4744570851325989 0.3186719417572022),,,,,,,,,,,,,,,,,,,,,,,,,,,,1,
0,13,5,408086367022,2243207956,1,1,"(0.4687325954437256, 0.3034341037273407)","(0.48324349522590637, 0.3247641921043396)",1,1,2.397689819335937,2.3794708251953125,"(-49.414886474609375, 30.008041381835938, 527.8495483398438)","(12.212190628051758, 25.92729949951172, 528.5711059570312)","(-12.42333698272705, 144.734130859375, 42.03709411621094)","(-7.4094438552856445, 140.8384552001953, 40.619205474853516)",POINT (0.475988045334816 0.3140991479158402),,,,,,,,,,,,,,,,,,,,,,,,,,,,1,
0,13,5,408086383693,2243224627,1,1,"(0.467399924993515, 0.2993634045124054)","(0.4820018708705902, 0.32088449597358704)",1,1,2.3809051513671875,2.4071807861328125,"(-49.452598571777344, 30.023012161254883, 527.8277587890625)","(12.173360824584961, 25.953670501708984, 528.5487060546875)","(-12.883806228637695, 145.47760009765625, 42.30770492553711)","(-7.83847188949585, 141.54702758789062, 40.877132415771484)",POINT (0.4747008979320526 0.3101239502429962),,,,,,,,,,,,,,,,,,,,,,,,,,,,1,
0,13,5,408086400360,2243241293,1,1,"(0.46943914890289307, 0.309172123670578)","(0.4808099567890167, 0.3257981240749359)",1,1,2.387420654296875,2.3753662109375,"(-49.500221252441406, 30.04474639892578, 527.8290405273438)","(12.138790130615234, 25.998321533203125, 528.557861328125)","(-12.179200172424316, 143.68614196777344, 41.65568923950195)","(-8.250300407409668, 140.64962768554688, 40.55047607421875)",POINT (0.4751245528459549 0.317485123872757),,,,,,,,,,,,,,,,,,,,,,,,,,,,1,
0,13,5,408086417028,2243257961,1,1,"(0.43160703778266907, 0.26925548911094666)","(0.44284752011299133, 0.28834059834480286)",1,1,2.379745483398437,2.396820068359375,"(-49.64365005493164, 30.158145904541016, 527.889892578125)","(11.952827453613281, 26.117292404174805, 528.758056640625)","(-25.25115966796875, 150.9763946533203, 44.30912399291992)","(-21.367280960083008, 147.49075317382812, 43.040435791015625)",POINT (0.4372272789478302 0.2787980437278748),,,,,,,,,,,,,,,,,,,,,,,,,,,1,1,
0,13,5,408086433695,2243274627,1,1,"(0.42917558550834656, 0.2769840359687805)","(0.4383000135421753, 0.3036084473133087)",1,1,2.394134521484375,2.3881072998046875,"(-49.73030090332031, 30.199684143066406, 528.0422973632812)","(11.839765548706055, 26.194055557250977, 528.7457275390625)","(-26.09126853942871, 149.5648956298828, 43.795352935791016)","(-22.93856430053711, 144.7022705078125, 42.02553939819336)",POINT (0.4337377995252609 0.2902962416410446),,,,,,,,,,,,,,,,,,,,,,,,,,,1,1,
0,13,5,408086450361,2243291293,1,1,"(0.42694002389907837, 0.2738742232322693)","(0.4373634159564972, 0.29903849959373474)",1,1,2.380859375,2.4085693359375,"(-49.78077697753906, 30.20024871826172, 528.026123046875)","(11.820563316345215, 26.200748443603516, 528.6918334960938)","(-26.863718032836914, 150.1328582763672, 44.002079010009766)","(-23.262176513671875, 145.53692626953125, 42.329307556152344)",POINT (0.4321517199277878 0.286456361413002),,,,,,,,,,,,,,,,,,,,,,,,,,,1,1,
0,13,5,408086467029,2243307960,1,1,"(0.4293024241924286, 0.27214255928993225)","(0.43910831212997437, 0.2951120138168335)",1,1,2.4009552001953125,2.407470703125,"(-49.81218719482422, 30.206789016723633, 527.9199829101562)","(11.78788948059082, 26.22545623779297, 528.71630859375)","(-26.047460556030273, 150.44911193847656, 44.117191314697266)","(-22.65927505493164, 146.25404357910156, 42.590328216552734)",POINT (0.4342053681612015 0.2836272865533829),,,,,,,,,,,,,,,,,,,,,,,,,,,1,1,
0,13,5,408086483696,2243324627,1,1,"(0.43172672390937805, 0.2808903157711029)","(0.4427676200866699, 0.2978852689266205)",1,1,2.40545654296875,2.405975341796875,"(-49.844669342041016, 30.203828811645508, 527.8912353515625)","(11.761323928833008, 26.21919822692871, 528.647216796875)","(-25.20980453491211, 148.8514404296875, 43.53570556640625)","(-21.394908905029297, 145.74754333496094, 42.40599060058594)",POINT (0.437247171998024 0.2893877923488617),,,,,,,,,,,,,,,,,,,,,,,,,,,1,1,
0,13,5,408086500364,2243341294,1,1,"(0.43205446004867554, 0.27404075860977173)","(0.44086354970932007, 0.3010597825050354)",1,1,2.373321533203125,2.3798370361328125,"(-49.87837600708008, 30.205425262451172, 527.9338989257812)","(11.740045547485352, 26.222253799438477, 528.6636962890625)","(-25.09656524658203, 150.10243225097656, 43.99101638793945)","(-22.05278968811035, 145.16775512695312, 42.1949577331543)",POINT (0.4364590048789978 0.2875502705574036),,,,,,,,,,,,,,,,,,,,,,,,,,,1,1,
0,13,5,408086517035,2243357965,1,1,"(0.42744356393814087, 0.2759159207344055)","(0.44006818532943726, 0.2986657917499542)",1,1,2.386932373046875,2.382537841796875,"(-49.90264892578125, 30.19875717163086, 527.960693359375)","(11.716142654418945, 26.206832885742188, 528.6253662109375)","(-26.689739227294922, 149.75994873046875, 43.86637878417969)","(-22.327617645263672, 145.60499572753906, 42.35410690307617)",POINT (0.4337558746337891 0.2872908562421799),,,,,,,,,,,,,,,,,,,,,,,,,,,1,1,
0,13,5,408086533703,2243374632,1,1,"(0.4304020404815674, 0.2760641574859619)","(0.4406013488769531, 0.2957594096660614)",1,1,2.39324951171875,2.370346069335937,"(-49.92866516113281, 30.19818878173828, 527.9329223632812)","(11.697370529174805, 26.202423095703125, 528.6337890625)","(-25.66752052307129, 149.73287963867188, 43.85652160644531)","(-22.143388748168945, 146.13580322265625, 42.54730224609375)",POINT (0.4355016946792602 0.2859117835760117),,,,,,,,,,,,,,,,,,,,,,,,,,,1,1,
0,13,5,408086550370,2243391299,1,1,"(0.4279862344264984, 0.2787947654724121)","(0.443126916885376, 0.3025359809398651)",1,1,2.37933349609375,2.384140014648437,"(-49.950225830078125, 30.186798095703125, 527.9058837890625)","(11.675497055053711, 26.190948486328125, 528.6343994140625)","(-26.50223159790039, 149.2341766357422, 43.675010681152344)","(-21.270742416381836, 144.8981475830078, 42.096824645996094)",POINT (0.4355565756559372 0.2906653732061386),,,,,,,,,,,,,,,,,,,,,,,,,,,1,1,
0,13,5,408086567037,2243407965,1,1,"(0.42524293065071106, 0.26902061700820923)","(0.43908804655075073, 0.29895514249801636)",1,1,2.37896728515625,2.384002685546875,"(-49.97868347167969, 30.182373046875, 527.9251098632812)","(11.6500244140625, 26.193897247314453, 528.6588134765625)","(-27.450109481811523, 151.019287109375, 44.32474899291992)","(-22.66627311706543, 145.55213928222656, 42.334861755371094)",POINT (0.4321654886007309 0.2839878797531128),,,,,,,,,,,,,,,,,,,,,,,,,,,1,1,
0,13,5,408086583704,2243424632,1,1,"(0.433193564414978, 0.2817251980304718)","(0.44492533802986145, 0.2935008406639099)",1,1,2.38916015625,2.392120361328125,"(-50.01399230957031, 30.17221450805664, 527.9345703125)","(11.617247581481934, 26.184734344482422, 528.7064819335938)","(-24.70296859741211, 148.698974609375, 43.4802131652832)","(-20.64933967590332, 146.5482940673828, 42.69743347167969)",POINT (0.4390594512224197 0.2876130193471909),,,,,,,,,,,,,,,,,,,,,,,,,,,1,1,
0,13,5,408086600371,2243441298,1,1,"(0.4251161813735962, 0.27783986926078796)","(0.4390852153301239, 0.30209416151046753)",1,1,2.3719024658203125,2.3883819580078125,"(-50.052452087402344, 30.164466857910156, 528.0230712890625)","(11.582986831665039, 26.175979614257812, 528.7617797851562)","(-27.493911743164062, 149.4085693359375, 43.73849105834961)","(-22.667261123657227, 144.97885131835938, 42.12620544433594)",POINT (0.43210069835186 0.2899670153856278),,,,,,,,,,,,,,,,,,,,,,,,,,,1,1,
0,13,5,408086617038,2243457965,1,1,"(0.4233827590942383, 0.27516940236091614)","(0.4392920136451721, 0.2933620512485504)",1,1,2.3823699951171875,2.3794097900390625,"(-50.085487365722656, 30.143474578857422, 528.0328979492188)","(11.54885482788086, 26.16632080078125, 528.8171997070312)","(-28.09286117553711, 149.89630126953125, 43.9160041809082)","(-22.595802307128906, 146.5736541748047, 42.70663833618164)",POINT (0.4313373863697052 0.2842657268047333),,,,,,,,,,,,,,,,,,,,,,,,,,,1,1,
0,13,5,408086633706,2243474632,1,1,"(0.42440059781074524, 0.2795475423336029)","(0.4415319263935089, 0.29218724370002747)",1,1,2.3919830322265625,2.3769073486328125,"(-50.1233024597168, 30.13390350341797, 528.0821533203125)","(11.512866973876953, 26.164260864257812, 528.8883056640625)","(-27.74116325378418, 149.09669494628906, 43.62495803833008)","(-21.821861267089844, 146.78822326660156, 42.784759521484375)",POINT (0.4329662621021271 0.2858673930168152),,,,,,,,,,,,,,,,,,,,,,,,,,,1,1,
0,13,5,408086650377,2243491303,1,1,"(0.42540934681892395, 0.27717268466949463)","(0.438586950302124, 0.2983466684818268)",1,1,2.3896026611328125,2.3789825439453125,"(-50.156944274902344, 30.12607765197754, 528.1572875976562)","(11.480067253112793, 26.162012100219727, 528.9359741210938)","(-27.392610549926758, 149.53042602539062, 43.782833099365234)","(-22.83942222595215, 145.66326904296875, 42.375328063964844)",POINT (0.431998148560524 0.2877596765756607),,,,,,,,,,,,,,,,,,,,,,,,,,,1,1,
0,13,5,408086667044,2243507969,1,1,"(0.42525672912597656, 0.27181410789489746)","(0.44023609161376953, 0.29459884762763977)",1,1,2.3768768310546875,2.3908843994140625,"(-50.196807861328125, 30.12139892578125, 528.2451782226562)","(11.446455001831055, 26.1575870513916, 529.045654296875)","(-27.445341110229492, 150.50909423828125, 44.139034271240234)","(-22.269596099853516, 146.3477783203125, 42.62443542480469)",POINT (0.432746410369873 0.2832064777612686),,,,,,,,,,,,,,,,,,,,,,,,,,,1,1,
0,13,5,408086683711,2243524636,1,1,"(0.4255945682525635, 0.27611878514289856)","(0.43998727202415466, 0.30131039023399353)",1,1,2.39459228515625,2.381088256835937,"(-50.228599548339844, 30.12123680114746, 528.2869262695312)","(11.417387008666992, 26.160825729370117, 529.1004638671875)","(-27.328615188598633, 149.722900390625, 43.852882385253906)","(-22.355558395385742, 145.1219940185547, 42.178287506103516)",POINT (0.4327909201383591 0.288714587688446),,,,,,,,,,,,,,,,,,,,,,,,,,,1,1,
0,13,5,408086700379,2243541303,1,1,"(0.42910459637641907, 0.2715133726596832)","(0.44181540608406067, 0.29305946826934814)",1,1,2.377548217773437,2.3796844482421875,"(-50.261146545410156, 30.12605094909668, 528.3995361328125)","(11.386856079101562, 26.16530990600586, 529.2263793945312)","(-26.115808486938477, 150.56402587890625, 44.159019470214844)","(-21.723907470703125, 146.62892150878906, 42.726749420166016)",POINT (0.4354600012302399 0.2822864204645157),,,,,,,,,,,,,,,,,,,,,,,,,,,1,1,
0,13,5,408086717045,2243557969,1,1,"(0.42480432987213135, 0.27147814631462097)","(0.44591832160949707, 0.29342058300971985)",1,1,2.395294189453125,2.391693115234375,"(-50.28664779663086, 30.11986541748047, 528.4039306640625)","(11.353996276855469, 26.168630599975586, 529.25048828125)","(-27.60165786743164, 150.57046508789062, 44.161354064941406)","(-20.306238174438477, 146.56295776367188, 42.70277786254883)",POINT (0.4353613257408142 0.2824493646621704),,,,,,,,,,,,,,,,,,,,,,,,,,,1,1,
0,13,5,408086733713,2243574636,1,1,"(0.42417600750923157, 0.2771300673484802)","(0.44273102283477783, 0.28977170586586)",1,1,2.398681640625,2.3782196044921875,"(-50.328548431396484, 30.11066436767578, 528.523681640625)","(11.321014404296875, 26.16803741455078, 529.298095703125)","(-27.818756103515625, 149.53819274902344, 43.78567886352539)","(-21.40753173828125, 147.22938537597656, 42.94530487060547)",POINT (0.4334535151720047 0.2834508866071701),,,,,,,,,,,,,,,,,,,,,,,,,,,1,1,
0,13,5,408086750379,2243591302,1,1,"(0.4260707199573517, 0.27650657296180725)","(0.44234520196914673, 0.2895265817642212)",1,1,2.392730712890625,2.383163452148437,"(-50.35381317138672, 30.106523513793945, 528.5587768554688)","(11.292903900146484, 26.173843383789062, 529.3530883789062)","(-27.164094924926758, 149.65208435058594, 43.82710647583008)","(-21.540842056274414, 147.27415466308594, 42.96160888671875)",POINT (0.4342079609632492 0.2830165773630142),,,,,,,,,,,,,,,,,,,,,,,,,,,1,1,
0,13,5,408086767047,2243607969,1,1,"(0.42583319544792175, 0.2789058983325958)","(0.44008901715278625, 0.29854273796081543)",1,1,2.37872314453125,2.403182983398437,"(-50.390403747558594, 30.094493865966797, 528.631591796875)","(11.25819206237793, 26.16729736328125, 529.4166259765625)","(-27.24615478515625, 149.21388244628906, 43.66761016845703)","(-22.32041358947754, 145.62747192382812, 42.36225509643555)",POINT (0.432961106300354 0.2887243181467056),,,,,,,,,,,,,,,,,,,,,,,,,,,1,1,
0,13,5,408086783716,2243624638,1,1,"(0.429092139005661, 0.2709420323371887)","(0.43910446763038635, 0.29885637760162354)",1,1,2.395858764648437,2.3935546875,"(-50.42633819580078, 30.08101463317871, 528.6732177734375)","(11.226340293884277, 26.166311264038086, 529.4642333984375)","(-26.1201229095459, 150.66836547851562, 44.19701385498047)","(-22.66060447692871, 145.5701904296875, 42.34141540527344)",POINT (0.4340983033180237 0.2848992049694061),,,,,,,,,,,,,,,,,,,,,,,,,,,1,1,
0,13,5,408086800384,2243641305,1,1,"(0.42751172184944153, 0.2778484523296356)","(0.440280556678772, 0.2925264239311218)",1,1,2.401473999023437,2.401229858398437,"(-50.45661163330078, 30.07998275756836, 528.7310180664062)","(11.19996452331543, 26.165739059448242, 529.5272827148438)","(-26.666187286376953, 149.40699768066406, 43.7379264831543)","(-22.254226684570312, 146.7262725830078, 42.762184143066406)",POINT (0.4338961392641068 0.2851874381303787),,,,,,,,,,,,,,,,,,,,,,,,,,,1,1,
0,13,5,408086817050,2243657971,1,1,"(0.42858830094337463, 0.28179851174354553)","(0.4405187964439392, 0.2943522036075592)",1,1,2.390975952148437,2.396728515625,"(-50.492759704589844, 30.085895538330078, 528.7957763671875)","(11.165947914123535, 26.172290802001953, 529.5518798828125)","(-26.294206619262695, 148.68557739257812, 43.4753303527832)","(-22.17191505432129, 146.39279174804688, 42.64086151123047)",POINT (0.4345535486936569 0.2880753576755524),,,,,,,,,,,,,,,,,,,,,,,,,,,1,1,
0,13,5,408086833718,2243674638,1,1,"(0.42771992087364197, 0.27429360151290894)","(0.44579070806503296, 0.291776180267334)",1,1,2.3863983154296875,2.4000244140625,"(-50.52119445800781, 30.09090805053711, 528.8312377929688)","(11.138867378234863, 26.192861557006836, 529.5601806640625)","(-26.59424591064453, 150.05625915527344, 43.97419357299805)","(-20.350341796875, 146.86328125, 42.81207275390625)",POINT (0.4367553144693375 0.2830348908901215),,,,,,,,,,,,,,,,,,,,,,,,,,,1,1,
0,13,5,408086850385,2243691305,1,1,"(0.42656394839286804, 0.27745649218559265)","(0.43977057933807373, 0.28802525997161865)",1,1,2.389129638671875,2.3807830810546875,"(-50.54650115966797, 30.091398239135742, 528.8665771484375)","(11.113887786865234, 26.205778121948242, 529.6386108398438)","(-26.993669509887695, 149.4785919189453, 43.76396942138672)","(-22.430448532104492, 147.54835510253906, 43.0614013671875)",POINT (0.4331672638654709 0.2827408760786056),,,,,,,,,,,,,,,,,,,,,,,,,,,1,1,
0,13,5,408086867051,2243707971,1,1,"(0.4280582368373871, 0.2748681902885437)","(0.43848419189453125, 0.2967650890350342)",1,1,2.3875732421875,2.3901824951171875,"(-50.56775665283203, 30.102123260498047, 528.8711547851562)","(11.092601776123047, 26.235637664794922, 529.6551513671875)","(-26.477352142333984, 149.95132446289062, 43.936012268066406)","(-22.874923706054688, 145.95211791992188, 42.480438232421875)",POINT (0.4332712143659592 0.2858166396617889),,,,,,,,,,,,,,,,,,,,,,,,,,,1,1,
0,13,5,408086883719,2243724638,1,1,"(0.4285636842250824, 0.26850375533103943)","(0.4421185255050659, 0.29632532596588135)",1,1,2.3852081298828125,2.3882293701171875,"(-50.594539642333984, 30.101261138916016, 528.8748779296875)","(11.0657377243042, 26.244577407836914, 529.6790771484375)","(-26.302709579467773, 151.1136932373047, 44.35909652709961)","(-21.619155883789062, 146.03244018554688, 42.50967025756836)",POINT (0.4353411048650742 0.2824145406484604),,,,,,,,,,,,,,,,,,,,,,,,,,,1,1,
0,13,5,408086900386,2243741305,1,1,"(0.4292857050895691, 0.2797073721885681)","(0.4381259083747864, 0.2938169836997986)",1,1,2.386322021484375,2.3873443603515625,"(-50.616676330566406, 30.104633331298828, 528.9027099609375)","(11.04586410522461, 26.25501251220703, 529.6796264648438)","(-26.053232192993164, 149.06748962402344, 43.61433410644531)","(-22.99870491027832, 146.49057006835938, 42.67642593383789)",POINT (0.4337058067321777 0.2867621779441834),,,,,,,,,,,,,,,,,,,,,,,,,,,1,1,
0,13,5,408086917061,2243757979,1,1,"(0.4294756352901459, 0.2744119465351105)","(0.43925660848617554, 0.2945703864097595)",1,1,2.3731231689453125,2.3689422607421875,"(-50.623695373535156, 30.099811553955078, 528.8541870117188)","(11.033975601196289, 26.25737762451172, 529.695556640625)","(-25.98761749267578, 150.0346221923828, 43.96635437011719)","(-22.6080379486084, 146.35296630859375, 42.62633514404297)",POINT (0.4343661218881607 0.284491166472435),,,,,,,,,,,,,,,,,,,,,,,,,,,1,1,
0,13,5,408086933728,2243774646,1,1,"(0.4103231430053711, 0.2767522633075714)","(0.4298371374607086, 0.2952687740325928)",1,1,2.3751983642578125,2.366317749023437,"(-50.652191162109375, 30.095775604248047, 528.8564453125)","(10.994889259338379, 26.264240264892578, 529.7432861328125)","(-32.60527420043945, 149.60720825195312, 43.81077575683594)","(-25.862693786621094, 146.22540283203125, 42.57990264892578)",POINT (0.4200801402330399 0.2860105186700821),,,,,,,,,,,,,,,,,,,,,,,,,,,1,1,
0,13,5,408086950396,2243791313,1,1,"(0.4269384443759918, 0.274635374546051)","(0.43522146344184875, 0.28993794322013855)",1,1,2.3863525390625,2.3656463623046875,"(-50.65337371826172, 30.096912384033203, 528.8885498046875)","(11.001843452453613, 26.265480041503906, 529.7277221679688)","(-26.8642635345459, 149.9938507080078, 43.95148849487305)","(-24.002286911010742, 147.19903564453125, 42.93425750732422)",POINT (0.4310799539089203 0.2822866588830948),,,,,,,,,,,,,,,,,,,,,,,,,,,1,1,
0,13,5,408086967062,2243807979,1,1,"(0.423449844121933, 0.26618197560310364)","(0.43673667311668396, 0.29596102237701416)",1,1,2.360458374023437,2.37762451171875,"(-50.65027618408203, 30.101259231567383, 528.85791015625)","(11.006601333618164, 26.266006469726562, 529.6884765625)","(-28.06967544555664, 151.53773498535156, 44.51344299316406)","(-23.478734970092773, 146.09898376464844, 42.53389358520508)",POINT (0.4300932586193085 0.2810714989900589),,,,,,,,,,,,,,,,,,,,,,,,,,,1,1,
0,13,5,408086983730,2243824646,1,1,"(0.42062410712242126, 0.27471503615379333)","(0.43169543147087097, 0.29000386595726013)",1,1,2.370391845703125,2.3727264404296875,"(-50.64520263671875, 30.110614776611328, 528.8192749023438)","(11.011096954345703, 26.273548126220703, 529.6806030273438)","(-29.046018600463867, 149.97927856445312, 43.946197509765625)","(-25.220617294311523, 147.1869659423828, 42.92990493774414)",POINT (0.4261597692966461 0.2823594510555267),,,,,,,,,,,,,,,,,,,,,,,,,,,1,1,
0,13,5,408087000396,2243841312,1,1,"(0.4188549518585205, 0.2677627503871918)","(0.43020161986351013, 0.2995849847793579)",1,1,2.364349365234375,2.3453369140625,"(-50.641510009765625, 30.120342254638672, 528.795654296875)","(11.014117240905762, 26.28451919555664, 529.6572875976562)","(-29.657316207885742, 151.24900817871094, 44.408363342285156)","(-25.736766815185547, 145.43711853027344, 42.2929801940918)",POINT (0.4245282858610153 0.2836738675832748),,,,,,,,,,,,,,,,,,,,,,,,,,,1,1,
0,13,5,408087017064,2243857979,1,1,"(0.41872936487197876, 0.2715342342853546)","(0.43400153517723083, 0.2953605353832245)",1,1,2.365325927734375,2.35089111328125,"(-50.64441680908203, 30.11623191833496, 528.7952880859375)","(11.01528549194336, 26.28598403930664, 529.6337890625)","(-29.700702667236328, 150.56021118164062, 44.15763473510742)","(-24.423795700073242, 146.2086639404297, 42.573795318603516)",POINT (0.4263654500246048 0.2834473848342896),,,,,,,,,,,,,,,,,,,,,,,,,,,1,1,
0,13,5,408087033731,2243874646,1,1,"(0.41759800910949707, 0.2660227119922638)","(0.43439117074012756, 0.29473620653152466)",1,1,2.3469390869140625,2.3482818603515625,"(-50.6454963684082, 30.1170654296875, 528.763916015625)","(11.012458801269531, 26.294818878173828, 529.5792236328125)","(-30.09161376953125, 151.56680297851562, 44.52403259277344)","(-24.289155960083008, 146.32269287109375, 42.61530303955078)",POINT (0.4259945899248123 0.2803794592618942),,,,,,,,,,,,,,,,,,,,,,,,,,,1,1,
0,13,5,408087050403,2243891317,1,1,"(0.41928958892822266, 0.2707865238189697)","(0.436773419380188, 0.2952743172645569)",1,1,2.348358154296875,2.3494415283203125,"(-50.6484375, 30.11897087097168, 528.6844482421875)","(11.003353118896484, 26.304920196533203, 529.556396484375)","(-29.507144927978516, 150.69676208496094, 44.20735549926758)","(-23.466033935546875, 146.2244110107422, 42.57952880859375)",POINT (0.4280315041542053 0.2830304205417633),,,,,,,,,,,,,,,,,,,,,,,,,,,1,1,
0,13,5,408087067069,2243907983,1,1,"(0.4229356348514557, 0.2712681293487549)","(0.43558573722839355, 0.3019987642765045)",1,1,2.356170654296875,2.3364715576171875,"(-50.661869049072266, 30.14924430847168, 528.6973266601562)","(10.999469757080078, 26.318077087402344, 529.439697265625)","(-28.247339248657227, 150.60879516601562, 44.175357818603516)","(-23.87640380859375, 144.9962615966797, 42.13254928588867)",POINT (0.4292606860399246 0.2866334468126297),,,,,,,,,,,,,,,,,,,,,,,,,,,1,1,
0,13,5,408087083736,2243924649,1,1,"(0.42425182461738586, 0.28560659289360046)","(0.4354681074619293, 0.30336490273475647)",1,1,2.330108642578125,2.344390869140625,"(-50.6699104309082, 30.165996551513672, 528.663818359375)","(10.995758056640625, 26.322704315185547, 529.385498046875)","(-27.79256248474121, 147.99008178710938, 43.22220230102539)","(-23.91706085205078, 144.74676513671875, 42.041709899902344)",POINT (0.4298599660396576 0.2944857478141785),,,,,,,,,,,,,,,,,,,,,,,,,,,1,1,
0,13,5,408087100404,2243941317,1,1,"(0.4221624433994293, 0.2767069935798645)","(0.43416571617126465, 0.3006627857685089)",1,1,2.34576416015625,2.3384552001953125,"(-50.663753509521484, 30.182025909423828, 528.5616455078125)","(10.992758750915527, 26.339393615722656, 529.3392333984375)","(-28.514497756958008, 149.61546325683594, 43.81379318237305)","(-24.367069244384766, 145.24026489257812, 42.221343994140625)",POINT (0.428164079785347 0.2886848896741867),,,,,,,,,,,,,,,,,,,,,,,,,,,1,1,
0,13,5,408087117071,2243957983,1,1,"(0.42160743474960327, 0.2755853235721588)","(0.4325285255908966, 0.3026975095272064)",1,1,2.3390045166015625,2.3332672119140625,"(-50.67182159423828, 30.20766830444336, 528.591064453125)","(10.988306045532227, 26.37646484375, 529.3004760742188)","(-28.706266403198242, 149.82032775878906, 43.888362884521484)","(-24.9327449798584, 144.86865234375, 42.086097717285156)",POINT (0.4270679801702499 0.2891414165496826),,,,,,,,,,,,,,,,,,,,,,,,,,,1,1,
0,13,5,408087133738,2243974650,1,1,"(0.42501622438430786, 0.227031871676445)","(0.44174647331237793, 0.24778145551681519)",1,1,2.339218139648437,2.3329010009765625,"(-50.63594436645508, 30.290611267089844, 528.5748901367188)","(10.959114074707031, 26.478439331054688, 529.370849609375)","(-27.5284481048584, 158.68797302246094, 47.115928649902344)","(-21.74772071838379, 154.89834594726562, 45.736595153808594)",POINT (0.4333813488483429 0.2374066635966301),,,,,,,,,,,,,,,,,,,,,,,,,,,,1,
0,13,5,408087150405,2243991316,1,1,"(0.42564472556114197, 0.24515703320503235)","(0.4313123822212219, 0.25442782044410706)",1,1,2.345199584960937,2.339080810546875,"(-50.63679504394531, 30.299907684326172, 528.5037841796875)","(10.9745454788208, 26.480382919311523, 529.3936767578125)","(-27.3112850189209, 155.37765502929688, 45.91105651855469)","(-25.35296630859375, 153.68446350097656, 45.29478454589844)",POINT (0.428478553891182 0.2497924268245697),,,,,,,,,,,,,,,,,,,,,,,,,,,1,1,
0,13,5,408087167076,2244007987,1,1,"(0.4225882291793823, 0.25002163648605347)","(0.43297094106674194, 0.2484413981437683)",1,1,2.334823608398437,2.342742919921875,"(-50.6522331237793, 30.3087100982666, 528.54052734375)","(10.985505104064941, 26.490432739257812, 529.416748046875)","(-28.367387771606445, 154.4892120361328, 45.587669372558594)","(-24.77988052368164, 154.77781677246094, 45.692726135253906)",POINT (0.4277795851230621 0.2492315173149109),,,,,,,,,,,,,,,,,,,,,,,,,,,1,1,
0,13,5,408087183744,2244024654,1,1,"(0.4226759672164917, 0.24659088253974915)","(0.43210068345069885, 0.2525460124015808)",1,1,2.336639404296875,2.3358154296875,"(-50.650997161865234, 30.320913314819336, 528.5009155273438)","(10.991729736328125, 26.49433135986328, 529.3544921875)","(-28.33707046508789, 155.11578369140625, 45.815731048583984)","(-25.080583572387695, 154.0281524658203, 45.41986846923828)",POINT (0.4273883253335953 0.249568447470665),,,,,,,,,,,,,,,,,,,,,,,,,,,1,1,
0,13,5,408087200410,2244041320,1,1,"(0.41869810223579407, 0.24840286374092102)","(0.43437930941581726, 0.2506421208381653)",1,1,2.3325653076171875,2.32257080078125,"(-50.64910125732422, 30.329448699951172, 528.5409545898438)","(11.004521369934082, 26.502582550048828, 529.3233642578125)","(-29.71150779724121, 154.78485107421875, 45.695274353027344)","(-24.29326820373535, 154.37586975097656, 45.54644775390625)",POINT (0.4265387058258057 0.2495224922895432),,,,,,,,,,,,,,,,,,,,,,,,,,,1,1,
0,13,5,408087217078,2244057987,1,1,"(0.4193997383117676, 0.2419443577528)","(0.43292903900146484, 0.25115758180618286)",1,1,2.3264312744140625,2.3185272216796875,"(-50.63417053222656, 30.329673767089844, 528.5118408203125)","(11.019610404968262, 26.501907348632812, 529.2838134765625)","(-29.46908187866211, 155.96441650390625, 46.124610900878906)","(-24.794368743896484, 154.28173828125, 45.512176513671875)",POINT (0.4261643886566162 0.2465509697794914),,,,,,,,,,,,,,,,,,,,,,,,,,,1,1,
0,13,5,408087233745,2244074654,1,1,"(0.42221352458000183, 0.2419528216123581)","(0.4325065612792969, 0.25648799538612366)",1,1,2.3311004638671875,2.333343505859375,"(-50.62535095214844, 30.332223892211914, 528.5592041015625)","(11.038761138916016, 26.498300552368164, 529.251953125)","(-28.49684715270996, 155.96287536621094, 46.12404251098633)","(-24.940338134765625, 153.30821228027344, 45.157833099365234)",POINT (0.4273600429296494 0.2492204084992409),,,,,,,,,,,,,,,,,,,,,,,,,,,1,1,
0,13,5,408087250412,2244091320,1,1,"(0.41937845945358276, 0.24433831870555878)","(0.43125978112220764, 0.2497260868549347)",1,1,2.336639404296875,2.3177642822265625,"(-50.60398483276367, 30.30403709411621, 528.5245361328125)","(11.060463905334473, 26.47967529296875, 529.2513427734375)","(-29.476442337036133, 155.52719116210938, 45.9654541015625)","(-25.37113380432129, 154.54318237304688, 45.607330322265625)",POINT (0.4253191202878952 0.2470322027802467),,,,,,,,,,,,,,,,,,,,,,,,,,,1,1,
0,13,5,408087267079,2244107987,1,1,"(0.41985785961151123, 0.23639138042926788)","(0.432242214679718, 0.25686806440353394)",1,1,2.31890869140625,2.3159332275390625,"(-50.57750701904297, 30.28741455078125, 528.521240234375)","(11.087165832519531, 26.466815948486328, 529.2506103515625)","(-29.31079864501953, 156.9785919189453, 46.49372863769531)","(-25.03168487548828, 153.23880004882812, 45.132564544677734)",POINT (0.4260500371456146 0.2466297224164009),,,,,,,,,,,,,,,,,,,,,,,,,,,1,1,
0,13,5,408087283747,2244124654,1,1,"(0.4228869080543518, 0.24560867249965668)","(0.43673279881477356, 0.25547683238983154)",1,1,2.3395538330078125,2.3081512451171875,"(-50.553810119628906, 30.257349014282227, 528.5177001953125)","(11.112055778503418, 26.445011138916016, 529.2651977539062)","(-28.26418113708496, 155.295166015625, 45.88103103637695)","(-23.480077743530273, 153.49288940429688, 45.22505187988281)",POINT (0.4298098534345627 0.2505427524447441),,,,,,,,,,,,,,,,,,,,,,,,,,,1,1,
0,13,5,408087300417,2244141324,1,1,"(0.4196086525917053, 0.2464149296283722)","(0.43317270278930664, 0.26322293281555176)",1,1,2.326019287109375,2.32147216796875,"(-50.54073715209961, 30.253719329833984, 528.5592041015625)","(11.127593994140625, 26.43939208984375, 529.2804565429688)","(-29.396896362304688, 155.14791870117188, 45.82743453979492)","(-24.710172653198242, 152.07815551757812, 44.71013641357422)",POINT (0.426390677690506 0.254818931221962),,,,,,,,,,,,,,,,,,,,,,,,,,,1,1,
0,13,5,408087317084,2244157991,1,1,"(0.4229467809200287, 0.24266204237937927)","(0.43384987115859985, 0.2604546546936035)",1,1,2.332626342773437,2.3170318603515625,"(-50.52256774902344, 30.247047424316406, 528.6013793945312)","(11.15097427368164, 26.419998168945312, 529.287353515625)","(-28.243478775024414, 155.8333282470703, 46.076900482177734)","(-24.47618865966797, 152.58375549316406, 44.89415740966797)",POINT (0.4283983260393143 0.2515583485364914),,,,,,,,,,,,,,,,,,,,,,,,,,,1,1,
0,13,5,408087333751,2244174657,1,1,"(0.42142775654792786, 0.24475833773612976)","(0.4322550892829895, 0.2550438344478607)",1,1,2.3544921875,2.3179473876953125,"(-50.50123596191406, 30.24746322631836, 528.6357421875)","(11.173173904418945, 26.410293579101562, 529.27099609375)","(-28.768354415893555, 155.45046997070312, 45.937564849853516)","(-25.027240753173828, 153.57196044921875, 45.25383377075195)",POINT (0.4268414229154587 0.2499010860919952),,,,,,,,,,,,,,,,,,,,,,,,,,,1,1,
0,13,5,408087350418,2244191324,1,1,"(0.4218169152736664, 0.24419857561588287)","(0.43120452761650085, 0.25548118352890015)",1,1,2.350372314453125,2.306503295898437,"(-50.47588348388672, 30.243087768554688, 528.6319580078125)","(11.197226524353027, 26.40638542175293, 529.35595703125)","(-28.63388442993164, 155.55271911621094, 45.974754333496094)","(-25.39023208618164, 153.49208068847656, 45.224769592285156)",POINT (0.4265107214450836 0.2498398795723915),,,,,,,,,,,,,,,,,,,,,,,,,,,1,1,
0,13,5,408087367086,2244207991,1,1,"(0.41368165612220764, 0.2441006302833557)","(0.43118518590927124, 0.2651875615119934)",1,1,2.3272857666015625,2.3126678466796875,"(-50.453834533691406, 30.250797271728516, 528.6356201171875)","(11.220593452453613, 26.404415130615234, 529.4019775390625)","(-31.444826126098633, 155.5706024169922, 45.98127365112305)","(-25.396923065185547, 151.7193603515625, 44.579532623291016)",POINT (0.4224334210157394 0.2546440958976746),,,,,,,,,,,,,,,,,,,,,,,,,,,1,1,
0,13,5,408087383753,2244224658,1,1,"(0.41743382811546326, 0.24213486909866333)","(0.4306287169456482, 0.2610470652580261)",1,1,2.3325347900390625,2.322494506835937,"(-50.430233001708984, 30.252307891845703, 528.6708374023438)","(11.249061584472656, 26.390216827392578, 529.3856811523438)","(-30.148353576660156, 155.9296112060547, 46.111942291259766)","(-25.589187622070312, 152.47555541992188, 44.85477066040039)",POINT (0.4240312725305557 0.2515909671783447),,,,,,,,,,,,,,,,,,,,,,,,,,,1,1,
0,13,5,408087400420,2244241324,1,1,"(0.4193156063556671, 0.23986922204494476)","(0.4303308129310608, 0.2568722665309906)",1,1,2.350677490234375,2.3377227783203125,"(-50.40962219238281, 30.260074615478516, 528.658447265625)","(11.265564918518066, 26.38926124572754, 529.4315185546875)","(-29.49814796447754, 156.34341430664062, 46.26255416870117)","(-25.69211196899414, 153.23802185058594, 45.132301330566406)",POINT (0.424823209643364 0.2483707442879677),,,,,,,,,,,,,,,,,,,,,,,,,,,1,1,
0,13,5,408087417086,2244257990,1,1,"(0.4193580150604248, 0.24158257246017456)","(0.43393516540527344, 0.26424312591552734)",1,1,2.334320068359375,2.317352294921875,"(-50.4049072265625, 30.264644622802734, 528.642333984375)","(11.271444320678711, 26.405773162841797, 529.4779052734375)","(-29.483509063720703, 156.0304718017578, 46.148677825927734)","(-24.446727752685547, 151.891845703125, 44.642311096191406)",POINT (0.4266465902328491 0.252912849187851),,,,,,,,,,,,,,,,,,,,,,,,,,,1,1,
0,13,5,408087433762,2244274665,1,1,"(0.39818668365478516, 0.2486870139837265)","(0.3999868929386139, 0.2702239751815796)",1,1,2.3347320556640625,2.332855224609375,"(-50.4764518737793, 30.263206481933594, 528.7183837890625)","(11.191129684448242, 26.433101654052734, 529.5262451171875)","(-36.79874038696289, 154.7329559326172, 45.6764030456543)","(-36.17670440673828, 150.7995147705078, 44.244747161865234)",POINT (0.3990867882966995 0.259455494582653),,,,,,,,,,,,,,,,,,,,,,,,,,,1,1,
0,13,5,408087450428,2244291331,1,1,"(0.4039841890335083, 0.2439223974943161)","(0.4124886989593506, 0.2645021975040436)",1,1,2.3472137451171875,2.317733764648437,"(-50.49761199951172, 30.250341415405273, 528.7225952148438)","(11.174861907958984, 26.434659957885742, 529.51904296875)","(-34.795555114746094, 155.6031494140625, 45.99313735961914)","(-31.85701560974121, 151.84451293945312, 44.625099182128906)",POINT (0.4082364439964294 0.2542122974991798),,,,,,,,,,,,,,,,,,,,,,,,,,,1,1,
0,13,5,408087467096,2244307998,1,1,"(0.40290385484695435, 0.25222402811050415)","(0.4145094156265259, 0.26459574699401855)",1,1,2.336044311523437,2.32293701171875,"(-50.519248962402344, 30.25935935974121, 528.735107421875)","(11.160409927368164, 26.43874740600586, 529.4964599609375)","(-35.16881561279297, 154.0869598388672, 45.4412727355957)","(-31.158817291259766, 151.8274383544922, 44.618873596191406)",POINT (0.4087066352367401 0.2584098875522614),,,,,,,,,,,,,,,,,,,,,,,,,,,1,1,
0,13,5,408087483763,2244324665,1,1,"(0.4004710912704468, 0.24679969251155853)","(0.41187113523483276, 0.2678484320640564)",1,1,2.3463287353515625,2.3197784423828125,"(-50.52931213378906, 30.251007080078125, 528.6942138671875)","(11.14089584350586, 26.43258285522461, 529.4346313476562)","(-36.00940704345703, 155.07765197753906, 45.80185317993164)","(-32.070404052734375, 151.23336791992188, 44.402671813964844)",POINT (0.4061711132526398 0.2573240622878075),,,,,,,,,,,,,,,,,,,,,,,,,,,1,1,
0,13,5,408087500430,2244341331,1,1,"(0.40810924768447876, 0.24732115864753723)","(0.4136168956756592, 0.272968590259552)",1,1,2.333404541015625,2.314666748046875,"(-50.55291748046875, 30.259700775146484, 528.73779296875)","(11.128037452697754, 26.430997848510742, 529.357421875)","(-33.37022399902344, 154.98240661621094, 45.767208099365234)","(-31.467201232910156, 150.29824829101562, 44.062294006347656)",POINT (0.410863071680069 0.2601448744535446),,,,,,,,,,,,,,,,,,,,,,,,,,,1,1,
0,13,5,408087517097,2244357998,1,1,"(0.40281322598457336, 0.24624192714691162)","(0.4119662046432495, 0.269922137260437)",1,1,2.3470001220703125,2.323089599609375,"(-50.55335235595703, 30.27362632751465, 528.7220458984375)","(11.126296997070312, 26.437509536743164, 529.3497314453125)","(-35.20015335083008, 155.1795196533203, 45.83893585205078)","(-32.03756332397461, 150.85464477539062, 44.264808654785156)",POINT (0.4073897153139114 0.2580820322036743),,,,,,,,,,,,,,,,,,,,,,,,,,,1,1,
0,13,5,408087533765,2244374665,1,1,"(0.401987224817276, 0.2462000548839569)","(0.413231760263443, 0.26808542013168335)",1,1,2.3667755126953125,2.3252105712890625,"(-50.55366897583008, 30.299875259399414, 528.6903076171875)","(11.121943473815918, 26.453744888305664, 529.3341064453125)","(-35.48554992675781, 155.18714904785156, 45.841732025146484)","(-31.600276947021484, 151.1901092529297, 44.38689422607422)",POINT (0.4076094925403595 0.2571427375078201),,,,,,,,,,,,,,,,,,,,,,,,,,,1,1,
0,13,5,408087550431,2244391331,1,1,"(0.40181708335876465, 0.24907729029655457)","(0.412966251373291, 0.2616707980632782)",1,1,2.33026123046875,2.339263916015625,"(-50.55387878417969, 30.336116790771484, 528.7044067382812)","(11.126965522766113, 26.472064971923828, 529.3341064453125)","(-35.54433822631836, 154.6616668701172, 45.650447845458984)","(-31.692020416259766, 152.36163330078125, 44.81330490112305)",POINT (0.4073916673660278 0.2553740441799164),,,,,,,,,,,,,,,,,,,,,,,,,,,1,1,
0,13,5,408087567101,2244408000,1,1,"(0.40672600269317627, 0.25104400515556335)","(0.4104563593864441, 0.26990509033203125)",1,1,2.34259033203125,2.3310699462890625,"(-50.55622863769531, 30.35974884033203, 528.718994140625)","(11.130741119384766, 26.488542556762695, 529.364990234375)","(-33.84817886352539, 154.302490234375, 45.51971435546875)","(-32.559242248535156, 150.85775756835938, 44.26592254638672)",POINT (0.4085911810398102 0.2604745477437973),,,,,,,,,,,,,,,,,,,,,,,,,,,1,1,
0,13,5,408087583767,2244424666,1,1,"(0.4029046297073364, 0.2511388957500458)","(0.41280102729797363, 0.2634519636631012)",1,1,2.3490753173828125,2.3439483642578125,"(-50.55817413330078, 30.37755012512207, 528.7111206054688)","(11.124797821044922, 26.500465393066406, 529.3651123046875)","(-35.1685676574707, 154.28515625, 45.51340103149414)","(-31.749109268188477, 152.0363311767578, 44.694908142089844)",POINT (0.407852828502655 0.2572954297065735),,,,,,,,,,,,,,,,,,,,,,,,,,,1,1,
0,13,5,408087600435,2244441333,1,1,"(0.40095192193984985, 0.24939602613449097)","(0.4114297032356262, 0.2675585448741913)",1,1,2.372314453125,2.3269195556640625,"(-50.572906494140625, 30.384723663330078, 528.6857299804688)","(11.112066268920898, 26.507896423339844, 529.3037109375)","(-35.8432731628418, 154.6034698486328, 45.629268646240234)","(-32.222938537597656, 151.28631591796875, 44.42192077636719)",POINT (0.406190812587738 0.2584772855043411),,,,,,,,,,,,,,,,,,,,,,,,,,,1,1,
0,13,5,408087617102,2244458000,1,1,"(0.3982907831668854, 0.24477048218250275)","(0.4061463177204132, 0.27214112877845764)",1,1,2.343109130859375,2.3376922607421875,"(-50.598724365234375, 30.38736915588379, 528.658203125)","(11.089959144592285, 26.50652503967285, 529.3115234375)","(-36.762760162353516, 155.44825744628906, 45.93673324584961)","(-34.0484733581543, 150.44937133789062, 44.117286682128906)",POINT (0.4022185504436493 0.2584558054804802),,,,,,,,,,,,,,,,,,,,,,,,,,,1,1,
0,13,5,408087633770,2244474667,1,1,"(0.40416789054870605, 0.2552773952484131)","(0.40906065702438354, 0.2722978889942169)",1,1,2.3402252197265625,2.3334197998046875,"(-50.62517547607422, 30.382890701293945, 528.5908203125)","(11.054967880249023, 26.509431838989258, 529.312744140625)","(-34.7320671081543, 153.52932739257812, 45.23829650878906)","(-33.041500091552734, 150.42074584960938, 44.106876373291016)",POINT (0.4066142737865448 0.263787642121315),,,,,,,,,,,,,,,,,,,,,,,,,,,1,1,
0,13,5,408087650436,2244491333,1,1,"(0.40009716153144836, 0.24343682825565338)","(0.4144899845123291, 0.2709704637527466)",1,1,2.357330322265625,2.3396453857421875,"(-50.6584587097168, 30.378189086914062, 528.546142578125)","(11.013448715209961, 26.506616592407227, 529.2754516601562)","(-36.13861083984375, 155.69183349609375, 46.025394439697266)","(-31.16553497314453, 150.66317749023438, 44.19511795043945)",POINT (0.4072935730218887 0.2572036460042),,,,,,,,,,,,,,,,,,,,,,,,,,,1,1,
0,13,5,408087667103,2244507999,1,1,"(0.39888548851013184, 0.2555139362812042)","(0.40944766998291016, 0.26649022102355957)",1,1,2.34661865234375,2.317352294921875,"(-50.697120666503906, 30.378215789794922, 528.5938720703125)","(10.974039077758789, 26.50774383544922, 529.2379150390625)","(-36.55726623535156, 153.48611450195312, 45.22256851196289)","(-32.90778350830078, 151.48143005371094, 44.492942810058594)",POINT (0.404166579246521 0.2610020786523819),,,,,,,,,,,,,,,,,,,,,,,,,,,1,1,
0,13,5,408087683770,2244524666,1,1,"(0.4008747637271881, 0.25417521595954895)","(0.4126683175563812, 0.26659244298934937)",1,1,2.3592071533203125,2.3289794921875,"(-50.73998260498047, 30.36838150024414, 528.5955810546875)","(10.941097259521484, 26.51447296142578, 529.2462158203125)","(-35.86992263793945, 153.73060607910156, 45.31159210205078)","(-31.794960021972656, 151.4627685546875, 44.48616409301758)",POINT (0.4067715406417847 0.2603838294744492),,,,,,,,,,,,,,,,,,,,,,,,,,,1,1,
0,13,5,408087700443,2244541338,1,1,"(0.40158987045288086, 0.24754033982753754)","(0.40718865394592285, 0.2708778381347656)",1,1,2.3539276123046875,2.322296142578125,"(-50.781131744384766, 30.358753204345703, 528.5662841796875)","(10.901082038879395, 26.531848907470703, 529.2938232421875)","(-35.62284851074219, 154.94236755371094, 45.75263595581055)","(-33.68832015991211, 150.68008422851562, 44.201297760009766)",POINT (0.4043892621994019 0.2592090889811516),,,,,,,,,,,,,,,,,,,,,,,,,,,1,1,
0,13,5,408087717109,2244558004,1,1,"(0.40473639965057373, 0.24884133040905)","(0.41139426827430725, 0.27657681703567505)",1,1,2.3264923095703125,2.318267822265625,"(-50.81279754638672, 30.355323791503906, 528.5366821289062)","(10.868219375610352, 26.538455963134766, 529.2947998046875)","(-34.535640716552734, 154.70477294921875, 45.666133880615234)","(-32.23517990112305, 149.63925170898438, 43.822444915771484)",POINT (0.4080653339624405 0.2627090737223625),,,,,,,,,,,,,,,,,,,,,,,,,,,1,1,
0,13,5,408087733777,2244574671,1,1,"(0.39996498823165894, 0.25346675515174866)","(0.41395509243011475, 0.27292174100875854)",1,1,2.3256378173828125,2.31427001953125,"(-50.84014129638672, 30.352542877197266, 528.508544921875)","(10.829938888549805, 26.54580307006836, 529.319580078125)","(-36.184288024902344, 153.86000061035156, 45.35866165161133)","(-31.35035514831543, 150.3068084716797, 44.065406799316406)",POINT (0.4069600403308868 0.2631942480802536),,,,,,,,,,,,,,,,,,,,,,,,,,,1,1,
0,13,5,408087750444,2244591338,1,1,"(0.4030880033969879, 0.2544329762458801)","(0.41258102655410767, 0.2714041769504547)",1,1,2.325469970703125,2.3043365478515625,"(-50.87824630737305, 30.348445892333984, 528.5655517578125)","(10.792863845825195, 26.540475845336914, 529.2589111328125)","(-35.10519790649414, 153.68353271484375, 45.29442596435547)","(-31.825122833251953, 150.58396911621094, 44.16627883911133)",POINT (0.4078345149755478 0.2629185765981674),,,,,,,,,,,,,,,,,,,,,,,,,,,1,1,
0,13,5,408087767112,2244608005,1,1,"(0.40205666422843933, 0.2550537884235382)","(0.4091307520866394, 0.26686519384384155)",1,1,2.3373565673828125,2.3099365234375,"(-50.91405487060547, 30.34624481201172, 528.6390380859375)","(10.769844055175781, 26.539520263671875, 529.2896728515625)","(-35.461551666259766, 153.5701446533203, 45.25318145751953)","(-33.01728820800781, 151.4129638671875, 44.46799850463867)",POINT (0.4055937081575394 0.2609594911336899),,,,,,,,,,,,,,,,,,,,,,,,,,,1,1,
0,13,5,408087783778,2244624671,1,1,"(0.40391823649406433, 0.2559216320514679)","(0.40773269534111023, 0.26960885524749756)",1,1,2.335418701171875,2.2899627685546875,"(-50.93201446533203, 30.345104217529297, 528.6204833984375)","(10.750396728515625, 26.53862762451172, 529.2673950195312)","(-34.818328857421875, 153.41163635253906, 45.19548034667969)","(-33.500335693359375, 150.911865234375, 44.2856330871582)",POINT (0.4058254659175873 0.2627652436494827),,,,,,,,,,,,,,,,,,,,,,,,,,,1,1,
0,13,5,408087800445,2244641338,1,1,"(0.40375247597694397, 0.24590446054935455)","(0.40975818037986755, 0.2635338008403778)",1,1,2.321624755859375,2.314239501953125,"(-50.94750213623047, 30.343914031982422, 528.5946655273438)","(10.734827041625977, 26.538108825683594, 529.2523803710938)","(-34.8756103515625, 155.2411346435547, 45.86137390136719)","(-32.80048370361328, 152.02139282226562, 44.689449310302734)",POINT (0.4067553281784058 0.2547191306948662),,,,,,,,,,,,,,,,,,,,,,,,,,,1,1,
0,13,5,408087817113,2244658005,1,1,"(0.40189263224601746, 0.2455354779958725)","(0.41054195165634155, 0.27112051844596863)",1,1,2.31329345703125,2.296966552734375,"(-50.948768615722656, 30.346115112304688, 528.53125)","(10.727693557739258, 26.550193786621094, 529.3142700195312)","(-35.51822280883789, 155.3085479736328, 45.885902404785156)","(-32.529685974121094, 150.63575744628906, 44.185150146484375)",POINT (0.4062172919511795 0.2583279982209206),,,,,,,,,,,,,,,,,,,,,,,,,,,1,1,
0,13,5,408087833786,2244674678,1,1,"(0.4056593179702759, 0.24787765741348267)","(0.4066203832626343, 0.27413037419319153)",1,1,2.3156890869140625,2.29583740234375,"(-50.95488739013672, 30.356294631958008, 528.6009521484375)","(10.731239318847656, 26.553903579711914, 529.3067626953125)","(-34.216739654541016, 154.88076782226562, 45.73019027709961)","(-33.88466262817383, 150.0860595703125, 43.98505783081055)",POINT (0.4061398506164551 0.2610040158033371),,,,,,,,,,,,,,,,,,,,,,,,,,,1,1,
0,13,5,408087850453,2244691344,1,1,"(0.40042638778686523, 0.2467096894979477)","(0.41175395250320435, 0.27626240253448486)",1,1,2.3234405517578125,2.2890167236328125,"(-50.95464324951172, 30.35980987548828, 528.5933837890625)","(10.728225708007812, 26.56108283996582, 529.306884765625)","(-36.024845123291016, 155.0940704345703, 45.8078498840332)","(-32.110897064208984, 149.69668579101562, 43.843345642089844)",POINT (0.4060901701450348 0.2614860460162163),,,,,,,,,,,,,,,,,,,,,,,,,,,1,1,
0,13,5,408087867120,2244708011,1,1,"(0.40132981538772583, 0.2512097656726837)","(0.41190531849861145, 0.27562788128852844)",1,1,2.3046417236328125,2.2777099609375,"(-50.955284118652344, 30.365856170654297, 528.6478271484375)","(10.738090515136719, 26.561796188354492, 529.337646484375)","(-35.71270751953125, 154.272216796875, 45.50870132446289)","(-32.058589935302734, 149.8125457763672, 43.88552474975586)",POINT (0.4066175669431686 0.2634188234806061),,,,,,,,,,,,,,,,,,,,,,,,,,,1,1,
0,13,5,408087883787,2244724677,1,1,"(0.40038251876831055, 0.25087085366249084)","(0.4089556932449341, 0.26758265495300293)",1,1,2.309555053710937,2.278900146484375,"(-50.942405700683594, 30.362850189208984, 528.594970703125)","(10.745281219482422, 26.55575942993164, 529.3374633789062)","(-36.04002380371094, 154.33409118652344, 45.53124237060547)","(-33.0777587890625, 151.2819061279297, 44.42032241821289)",POINT (0.4046691060066223 0.2592267543077469),,,,,,,,,,,,,,,,,,,,,,,,,,,1,1,
0,13,5,408087900454,2244741344,1,1,"(0.3982221186161041, 0.2443232387304306)","(0.4111068546772003, 0.2697168290615082)",1,1,2.307769775390625,2.2849273681640625,"(-50.936927795410156, 30.370615005493164, 528.6195678710938)","(10.749814987182617, 26.55593490600586, 529.39208984375)","(-36.78647994995117, 155.52993774414062, 45.96648406982422)","(-32.33448028564453, 150.89212036132812, 44.278480529785156)",POINT (0.4046644866466522 0.2570200338959694),,,,,,,,,,,,,,,,,,,,,,,,,,,1,1,
0,13,5,408087917122,2244758011,1,1,"(0.40096747875213623, 0.24754895269870758)","(0.4107838571071625, 0.27140817046165466)",1,1,2.2890777587890625,2.2675018310546875,"(-50.929012298583984, 30.371660232543945, 528.62841796875)","(10.762494087219238, 26.542007446289062, 529.3368530273438)","(-35.8379020690918, 154.94081115722656, 45.75204849243164)","(-32.44607925415039, 150.58323669433594, 44.166038513183594)",POINT (0.4058756679296494 0.2594785615801811),,,,,,,,,,,,,,,,,,,,,,,,,,,1,1,
0,13,5,408087933788,2244774677,1,1,"(0.40219536423683167, 0.2534424364566803)","(0.40687403082847595, 0.2722271680831909)",1,1,2.2996826171875,2.2735137939453125,"(-50.91368103027344, 30.378984451293945, 528.6304931640625)","(10.779253959655762, 26.540672302246094, 529.3286743164062)","(-35.41362762451172, 153.86444091796875, 45.36027908325195)","(-33.79703140258789, 150.4336700439453, 44.11157989501953)",POINT (0.4045346975326538 0.2628348022699356),,,,,,,,,,,,,,,,,,,,,,,,,,,1,1,
0,13,5,408087950456,2244791344,1,1,"(0.4000588059425354, 0.25338059663772583)","(0.4113757610321045, 0.26748955249786377)",1,1,2.2821807861328125,2.2572784423828125,"(-50.895904541015625, 30.37264060974121, 528.5706787109375)","(10.789009094238281, 26.533267974853516, 529.343994140625)","(-36.15187454223633, 153.875732421875, 45.364410400390625)","(-32.2415771484375, 151.29891967773438, 44.42650604248047)",POINT (0.40571728348732 0.2604350745677948),,,,,,,,,,,,,,,,,,,,,,,,,,,1,1,
0,13,5,408087967126,2244808014,1,1,"(0.39919787645339966, 0.24583536386489868)","(0.4111608564853668, 0.2728804051876068)",1,1,2.2795562744140625,2.259628295898437,"(-50.888755798339844, 30.379657745361328, 528.6107788085938)","(10.801695823669434, 26.531612396240234, 529.3126220703125)","(-36.4493408203125, 155.25376892089844, 45.8659553527832)","(-32.315818786621094, 150.31434631347656, 44.068145751953125)",POINT (0.4051793664693832 0.2593578845262528),,,,,,,,,,,,,,,,,,,,,,,,,,,1,1,
0,13,5,408087983794,2244824681,1,1,"(0.40439745783805847, 0.2664365768432617)","(0.41267091035842896, 0.2874480187892914)",1,1,2.2563629150390625,2.249862670898437,"(-50.829864501953125, 30.274188995361328, 528.4651489257812)","(10.831586837768555, 26.440021514892578, 529.288818359375)","(-34.65275192260742, 151.49124145507812, 44.49650192260742)","(-31.7940673828125, 147.65377807617188, 43.09978485107422)",POINT (0.4085341840982437 0.2769422978162766),,,,,,,,,,,,,,,,,,,,,,,,,,,1,1,
0,13,5,408088000461,2244841348,1,1,"(0.4286254942417145, 0.41226726770401)","(0.4382573366165161, 0.4081380069255829)",1,1,2.2046051025390625,2.212005615234375,"(-50.62904357910156, 29.96061897277832, 528.2481689453125)","(10.858983993530273, 26.11251449584961, 529.2423095703125)","(-26.281352996826172, 124.857177734375, 34.80250549316406)","(-22.953306198120117, 125.61134338378906, 35.07699203491211)",POINT (0.4334414154291153 0.4102026373147964),,,,,,,,,,,,,,,,,,,,,,,,,,,,,
0,13,5,408088017128,2244858014,1,1,"(0.42989692091941833, 0.41761669516563416)","(0.4439309537410736, 0.434062123298645)",1,1,2.211639404296875,2.1790313720703125,"(-50.62023162841797, 29.866291046142578, 528.2813110351562)","(10.876502990722656, 26.001893997192383, 528.96240234375)","(-25.8420467376709, 123.88018798828125, 34.4468994140625)","(-20.9929256439209, 120.87664031982422, 33.353702545166016)",POINT (0.436913937330246 0.4258394092321396),,,,,,,,,,,,,,,,,,,,,,,,,,,,,
0,13,5,408088033795,2244874681,1,1,"(0.43458208441734314, 0.4265667200088501)","(0.4467431902885437, 0.455083429813385)",1,1,2.17120361328125,2.1829986572265625,"(-50.637691497802734, 29.875259399414062, 528.247314453125)","(10.918789863586426, 26.01507568359375, 528.99267578125)","(-24.22319221496582, 122.24557495117188, 33.851959228515625)","(-20.02122688293457, 117.03738403320312, 31.956315994262695)",POINT (0.4406626373529434 0.4408250749111176),,,,,,,,,,,,,,,,,,,,,,,,,,,,,
0,13,5,408088050462,2244891347,1,1,"(0.4359394907951355, 0.43606463074684143)","(0.44330617785453796, 0.44932377338409424)",1,1,2.157012939453125,2.1711578369140625,"(-50.63168716430664, 29.880374908447266, 528.2250366210938)","(10.93964958190918, 26.020116806030273, 528.9840087890625)","(-23.754180908203125, 120.51091766357422, 33.22060012817383)","(-21.20880699157715, 118.08930969238281, 32.33919906616211)",POINT (0.4396228343248367 0.4426942020654678),,,,,,,,,,,,,,,,,,,,,,,,,,,,,
0,13,5,408088067130,2244908015,1,1,"(0.4314359426498413, 0.42001602053642273)","(0.4453969895839691, 0.4520312249660492)",1,1,2.1705780029296875,2.1770477294921875,"(-50.618675231933594, 29.896644592285156, 528.22705078125)","(10.966418266296387, 26.023788452148438, 528.9363403320312)","(-25.310283660888672, 123.44197845458984, 34.287410736083984)","(-20.486379623413086, 117.59484100341797, 32.159210205078125)",POINT (0.4384164661169052 0.436023622751236),,,,,,,,,,,,,,,,,,,,,,,,,,,,,
0,13,5,408088083802,2244924686,1,1,"(0.4299546778202057, 0.4254257082939148)","(0.4405033588409424, 0.45469701290130615)",1,1,2.1658172607421875,2.1674346923828125,"(-50.59431076049805, 29.91152572631836, 528.1990356445312)","(11.000734329223633, 26.030885696411133, 528.9276123046875)","(-25.82208251953125, 122.45397186279297, 33.92781066894531)","(-22.177244186401367, 117.10794830322266, 31.982019424438477)",POINT (0.435229018330574 0.4400613605976105),,,,,,,,,,,,,,,,,,,,,,,,,,,,,
0,13,5,408088100469,2244941353,1,1,"(0.42844337224960327, 0.43209272623062134)","(0.448174387216568, 0.450095534324646)",1,1,2.1573638916015625,2.175765991210937,"(-50.574974060058594, 29.921762466430664, 528.194091796875)","(11.036897659301758, 26.04448699951172, 528.9884033203125)","(-26.344282150268555, 121.236328125, 33.48463439941406)","(-19.526708602905273, 117.94835662841797, 32.287906646728516)",POINT (0.4383088797330856 0.4410941302776337),,,,,,,,,,,,,,,,,,,,,,,,,,,,,
0,13,5,408088117137,2244958020,1,1,"(0.43404412269592285, 0.4317755103111267)","(0.44088244438171387, 0.45660898089408875)",1,1,2.13995361328125,2.162216186523437,"(-50.554840087890625, 29.917282104492188, 528.158447265625)","(11.076157569885254, 26.04262924194336, 528.9950561523438)","(-24.409072875976562, 121.29426574707031, 33.505706787109375)","(-22.046274185180664, 116.75875854492188, 31.854928970336914)",POINT (0.4374632835388184 0.4441922456026077),,,,,,,,,,,,,,,,,,,,,,,,,,,,,
0,13,5,408088133803,2244974686,1,1,"(0.43262648582458496, 0.4328514337539673)","(0.43819862604141235, 0.4628055989742279)",1,1,2.14459228515625,2.174057006835937,"(-50.530067443847656, 29.915592193603516, 528.1153564453125)","(11.10602855682373, 26.029762268066406, 528.924560546875)","(-24.898914337158203, 121.09776306152344, 33.434165954589844)","(-22.973588943481445, 115.62702941894531, 31.44300079345703)",POINT (0.4354125559329987 0.4478285163640976),,,,,,,,,,,,,,,,,,,,,,,,,,,,,
0,13,5,408088150471,2244991353,1,1,"(0.4271518588066101, 0.4297886788845062)","(0.4388020634651184, 0.45695844292640686)",1,1,2.1593017578125,2.173980712890625,"(-50.520538330078125, 29.914104461669922, 528.070068359375)","(11.124963760375977, 26.01303482055664, 528.9083862304688)","(-26.7905330657959, 121.65714263916016, 33.63777160644531)","(-22.765073776245117, 116.69493103027344, 31.83168601989746)",POINT (0.4329769611358643 0.4433735609054565),,,,,,,,,,,,,,,,,,,,,,,,,,,,,
0,13,5,408088167138,2245008020,1,1,"(0.42743727564811707, 0.42594051361083984)","(0.43595820665359497, 0.4575859308242798)",1,1,2.1343231201171875,2.1582489013671875,"(-50.51599884033203, 29.917007446289062, 528.0391845703125)","(11.136641502380371, 26.001657485961914, 528.85400390625)","(-26.691909790039062, 122.35995483398438, 33.8935661315918)","(-23.747705459594727, 116.580322265625, 31.78997230529785)",POINT (0.431697741150856 0.4417632222175598),,,,,,,,,,,,,,,,,,,,,,,,,,,,,
0,13,5,408088183805,2245024686,1,1,"(0.42768770456314087, 0.42997393012046814)","(0.438495934009552, 0.4640637934207916)",1,1,2.1330718994140625,2.165191650390625,"(-50.514896392822266, 29.919921875, 528.0389404296875)","(11.14901351928711, 25.993976593017578, 528.806884765625)","(-26.60538101196289, 121.62329864501953, 33.62546157836914)","(-22.870872497558594, 115.39723205566406, 31.3593692779541)",POINT (0.4330918192863464 0.4470188617706299),,,,,,,,,,,,,,,,,,,,,,,,,,,,,
0,13,5,408088200472,2245041353,1,1,"(0.43040597438812256, 0.43216970562934875)","(0.4456885755062103, 0.4586857259273529)",1,1,2.1572265625,2.14337158203125,"(-50.504600524902344, 29.919925689697266, 527.9306030273438)","(11.146600723266602, 26.00677490234375, 528.8646850585938)","(-25.6661376953125, 121.22225189208984, 33.479522705078125)","(-20.3856201171875, 116.37947082519531, 31.716854095458984)",POINT (0.4380472749471664 0.4454277157783508),,,,,,,,,,,,,,,,,,,,,,,,,,,,,
0,13,5,408088217141,2245058021,1,1,"(0.42580902576446533, 0.43659284710884094)","(0.4453240931034088, 0.46716398000717163)",1,1,2.1460723876953125,2.173812866210937,"(-50.50800323486328, 29.932954788208008, 527.9456787109375)","(11.149938583374023, 26.017240524291992, 528.834228515625)","(-27.2545166015625, 120.41443634033203, 33.18550491333008)","(-20.511579513549805, 114.8310317993164, 31.15328025817871)",POINT (0.4355665594339371 0.4518784135580063),,,,,,,,,,,,,,,,,,,,,,,,,,,,,
0,13,5,408088233808,2245074688,1,1,"(0.42868340015411377, 0.4303168058395386)","(0.4478501081466675, 0.4658113121986389)",1,1,2.1313934326171875,2.14862060546875,"(-50.50666427612305, 29.932456970214844, 527.962890625)","(11.153244972229004, 26.01764678955078, 528.802490234375)","(-26.2613468170166, 121.56067657470703, 33.60268020629883)","(-19.638755798339844, 115.07806396484375, 31.243192672729492)",POINT (0.4382667541503906 0.4480640590190888),,,,,,,,,,,,,,,,,,,,,,,,,,,,,
0,13,5,408088250476,2245091355,1,1,"(0.42992720007896423, 0.4275401830673218)","(0.4453301727771759, 0.465015172958374)",1,1,2.149566650390625,2.1613006591796875,"(-50.51671600341797, 29.935033798217773, 528.007080078125)","(11.151812553405762, 26.017589569091797, 528.78662109375)","(-25.83158302307129, 122.06778717041016, 33.787254333496094)","(-20.50945281982422, 115.22347259521484, 31.296127319335938)",POINT (0.4376286864280701 0.4462776780128479),,,,,,,,,,,,,,,,,,,,,,,,,,,,,
0,13,5,408088267142,2245108021,1,1,"(0.4297167658805847, 0.4322531819343567)","(0.45055681467056274, 0.4654878079891205)",1,1,2.139373779296875,2.1576690673828125,"(-50.5242919921875, 29.927139282226562, 527.9822998046875)","(11.144392013549805, 26.01359748840332, 528.8182373046875)","(-25.90428352355957, 121.20702362060547, 33.47395324707031)","(-18.703521728515625, 115.13716888427734, 31.26468849182129)",POINT (0.4401367902755737 0.4488704949617386),,,,,,,,,,,,,,,,,,,,,,,,,,,,,
0,13,5,408088283809,2245124688,1,1,"(0.4294198453426361, 0.435871958732605)","(0.44269150495529175, 0.4693600535392761)",1,1,2.1487579345703125,2.1781158447265625,"(-50.5481071472168, 29.920351028442383, 528.0413818359375)","(11.124375343322754, 26.00428009033203, 528.7564086914062)","(-26.006885528564453, 120.54610443115234, 33.23339080810547)","(-21.42119026184082, 114.429931640625, 31.007295608520508)",POINT (0.4360556751489639 0.4526160061359406),,,,,,,,,,,,,,,,,,,,,,,,,,,,,
0,13,5,408088300476,2245141354,1,1,"(0.4249264597892761, 0.43924620747566223)","(0.4459780752658844, 0.4640401601791382)",1,1,2.1647186279296875,2.1710968017578125,"(-50.55939483642578, 29.88777732849121, 527.9617919921875)","(11.105438232421875, 25.997602462768555, 528.8201904296875)","(-27.559457778930664, 119.92984008789062, 33.009090423583984)","(-20.285608291625977, 115.40155029296875, 31.360958099365234)",POINT (0.4354522675275803 0.4516431838274002),,,,,,,,,,,,,,,,,,,,,,,,,,,,,
0,13,5,408088317143,2245158021,1,1,"(0.4295348525047302, 0.4366379976272583)","(0.44459643959999084, 0.46388518810272217)",1,1,2.167098999023437,2.1854705810546875,"(-50.59393310546875, 29.87213897705078, 528.0425415039062)","(11.084526062011719, 25.99831771850586, 528.9285888671875)","(-25.967145919799805, 120.40619659423828, 33.182491302490234)","(-20.762989044189453, 115.42985534667969, 31.371253967285156)",POINT (0.4370656460523605 0.4502615928649902),,,,,,,,,,,,,,,,,,,,,,,,,,,,,
0,13,5,408088333811,2245174688,1,1,"(0.4291708469390869, 0.43173882365226746)","(0.4451643228530884, 0.4658465087413788)",1,1,2.1637420654296875,2.1834716796875,"(-50.61029052734375, 29.847999572753906, 528.078857421875)","(11.065414428710938, 25.980716705322266, 528.94482421875)","(-26.092918395996094, 121.30095672607422, 33.50813674926758)","(-20.566757202148438, 115.07164764404297, 31.240846633911133)",POINT (0.4371675848960876 0.4487926661968231),,,,,,,,,,,,,,,,,,,,,,,,,,,,,
0,13,5,408088350484,2245191361,1,1,"(0.42945441603660583, 0.4407433569431305)","(0.44700080156326294, 0.4655800461769104)",1,1,2.161041259765625,2.180694580078125,"(-50.61875534057617, 29.8179874420166, 528.052978515625)","(11.053474426269531, 25.9643611907959, 529.0848388671875)","(-25.99494171142578, 119.65641021728516, 32.90956497192383)","(-19.93221664428711, 115.12031555175781, 31.258583068847656)",POINT (0.4382276087999344 0.4531617015600204),,,,,,,,,,,,,,,,,,,,,,,,,,,,,
0,13,5,408088367152,2245208028,1,1,"(0.42614999413490295, 0.4367492198944092)","(0.44405660033226013, 0.46894270181655884)",1,1,2.162689208984375,2.187896728515625,"(-50.627113342285156, 29.778345108032227, 528.06787109375)","(11.048559188842773, 25.934368133544922, 529.05419921875)","(-27.136695861816406, 120.38587188720703, 33.17509078979492)","(-20.949501037597656, 114.50616455078125, 31.035018920898438)",POINT (0.4351032972335815 0.452845960855484),,,,,,,,,,,,,,,,,,,,,,,,,,,,,
0,13,5,408088383819,2245224695,1,1,"(0.42943766713142395, 0.43319767713546753)","(0.4469301104545593, 0.4767742156982422)",1,1,2.179229736328125,2.1805877685546875,"(-50.629798889160156, 29.746681213378906, 528.1238403320312)","(11.045838356018066, 25.91183090209961, 529.0694580078125)","(-26.0007266998291, 121.0345230102539, 33.41117477416992)","(-19.95664405822754, 113.07583618164062, 30.51447105407715)",POINT (0.4381838887929916 0.4549859464168549),,,,,,,,,,,,,,,,,,,,,,,,,,,,,
0,13,5,408088400487,2245241362,1,1,"(0.43184149265289307, 0.43592920899391174)","(0.44653376936912537, 0.46926090121269226)",1,1,2.1728515625,2.1974334716796875,"(-50.63039779663086, 29.71900177001953, 528.1791381835938)","(11.050082206726074, 25.883991241455078, 529.1160888671875)","(-25.170150756835938, 120.53562927246094, 33.229591369628906)","(-20.093589782714844, 114.44805145263672, 31.013885498046875)",POINT (0.4391876310110092 0.452595055103302),,,,,,,,,,,,,,,,,,,,,,,,,,,,,
0,13,5,408088417153,2245258028,1,1,"(0.4313717484474182, 0.43710145354270935)","(0.4491726756095886, 0.4706106185913086)",1,1,2.1877899169921875,2.2074127197265625,"(-50.621498107910156, 29.70107650756836, 528.2591552734375)","(11.059103965759277, 25.853290557861328, 529.1469116210938)","(-25.332456588745117, 120.32154083251953, 33.151695251464844)","(-19.181779861450195, 114.2015380859375, 30.92418098449707)",POINT (0.4402722120285034 0.453856036067009),,,,,,,,,,,,,,,,,,,,,,,,,,,,,
0,13,5,408088433820,2245274694,1,1,"(0.43317312002182007, 0.44033342599868774)","(0.44555696845054626, 0.4610493779182434)",1,1,2.197494506835937,2.209320068359375,"(-50.59651184082031, 29.686416625976562, 528.2704467773438)","(11.080434799194336, 25.825883865356445, 529.1776123046875)","(-24.71002769470215, 119.73128509521484, 32.936805725097656)","(-20.43108558654785, 115.9477767944336, 31.559728622436523)",POINT (0.4393650442361832 0.4506914019584656),,,,,,,,,,,,,,,,,,,,,,,,,,,,,
0,13,5,408088450488,2245291362,1,1,"(0.430466890335083, 0.43761131167411804)","(0.4468088150024414, 0.4676249325275421)",1,1,2.2003173828125,2.18682861328125,"(-50.57887268066406, 29.678577423095703, 528.359130859375)","(11.09918212890625, 25.806787490844727, 529.2703857421875)","(-25.645105361938477, 120.22843170166016, 33.11777877807617)","(-19.998550415039062, 114.7468490600586, 31.122631072998047)",POINT (0.4386378526687622 0.4526181221008301),,,,,,,,,,,,,,,,,,,,,,,,,,,,,
0,13,5,408088467155,2245308028,1,1,"(0.42606812715530396, 0.43428531289100647)","(0.4411507844924927, 0.46328866481781006)",1,1,2.1689453125,2.200469970703125,"(-50.552433013916016, 29.67314338684082, 528.39453125)","(11.126781463623047, 25.7950496673584, 529.3470458984375)","(-27.164995193481445, 120.83586883544922, 33.338890075683594)","(-21.95353889465332, 115.53881072998047, 31.410871505737305)",POINT (0.4336094558238983 0.4487869888544083),,,,,,,,,,,,,,,,,,,,,,,,,,,,,
0,13,5,408088483824,2245324697,1,1,"(0.42770248651504517, 0.43862399458885193)","(0.4429246485233307, 0.45897847414016724)",1,1,2.1724853515625,2.199127197265625,"(-50.526363372802734, 29.668994903564453, 528.414306640625)","(11.152856826782227, 25.78090476989746, 529.361572265625)","(-26.60026741027832, 120.0434799194336, 33.05045700073242)","(-21.340639114379883, 116.32601928710938, 31.69739532470703)",POINT (0.4353135675191879 0.4488012343645096),,,,,,,,,,,,,,,,,,,,,,,,,,,,,
0,13,5,408088500492,2245341364,1,1,"(0.4277796149253845, 0.4354923665523529)","(0.4448728561401367, 0.4604499042034149)",1,1,2.1949462890625,2.198593139648437,"(-50.50986099243164, 29.67076873779297, 528.4789428710938)","(11.177749633789062, 25.778942108154297, 529.4539184570312)","(-26.57362174987793, 120.61543273925781, 33.25863265991211)","(-20.667478561401367, 116.05726623535156, 31.59958267211914)",POINT (0.4363262355327606 0.4479711353778839),,,,,,,,,,,,,,,,,,,,,,,,,,,,,
0,13,5,408088517158,2245358030,1,1,"(0.4264388382434845, 0.4354129731655121)","(0.4456580877304077, 0.46471866965293884)",1,1,2.1802215576171875,2.1974029541015625,"(-50.490257263183594, 29.6708984375, 528.5065307617188)","(11.196247100830078, 25.772750854492188, 529.453369140625)","(-27.036893844604492, 120.62992858886719, 33.263919830322266)","(-20.39616584777832, 115.27763366699219, 31.31584358215332)",POINT (0.4360484629869461 0.4500658214092255),,,,,,,,,,,,,,,,,,,,,,,,,,,,,
0,13,5,408088533826,2245374697,1,1,"(0.42944008111953735, 0.44657227396965027)","(0.4431898593902588, 0.46715036034584045)",1,1,2.178329467773437,2.199371337890625,"(-50.468318939208984, 29.66368865966797, 528.517822265625)","(11.214864730834961, 25.771751403808594, 529.499267578125)","(-25.999893188476562, 118.59183502197266, 32.52211380004883)","(-21.248992919921875, 114.8335189819336, 31.154186248779297)",POINT (0.4363149702548981 0.4568613171577454),,,,,,,,,,,,,,,,,,,,,,,,,,,,,
0,13,5,408088550492,2245391363,1,1,"(0.4294981062412262, 0.43356436491012573)","(0.4427955448627472, 0.467001736164093)",1,1,2.181854248046875,2.1922607421875,"(-50.460174560546875, 29.669490814208984, 528.5902099609375)","(11.231460571289062, 25.77181625366211, 529.5458984375)","(-25.979829788208008, 120.9675521850586, 33.38676452636719)","(-21.38524627685547, 114.86065673828125, 31.164064407348633)",POINT (0.4361468255519867 0.4502830505371094),,,,,,,,,,,,,,,,,,,,,,,,,,,,,
0,13,5,408088567160,2245408030,1,1,"(0.4297087788581848, 0.43592318892478943)","(0.4464573860168457, 0.46878892183303833)",1,1,2.19586181640625,2.189605712890625,"(-50.43683624267578, 29.65777587890625, 528.5860595703125)","(11.239387512207031, 25.75422477722168, 529.4522094726562)","(-25.907045364379883, 120.53673553466797, 33.22999954223633)","(-20.11998176574707, 114.53425598144531, 31.04524803161621)",POINT (0.4380830824375153 0.4523560553789139),,,,,,,,,,,,,,,,,,,,,,,,,,,,,
0,13,5,408088583827,2245424697,1,1,"(0.4242125451564789, 0.44054439663887024)","(0.4427174925804138, 0.4727967381477356)",1,1,2.165069580078125,2.1864166259765625,"(-50.41841506958008, 29.666032791137695, 528.588623046875)","(11.260089874267578, 25.756011962890625, 529.4979248046875)","(-27.806121826171875, 119.69274139404297, 32.92279815673828)","(-21.412206649780273, 113.8022689819336, 30.778879165649414)",POINT (0.4334650188684464 0.4566705673933029),,,,,,,,,,,,,,,,,,,,,,,,,,,,,
0,13,5,408088600494,2245441363,1,1,"(0.4296087324619293, 0.4459930956363678)","(0.4446199834346771, 0.46941831707954407)",1,1,2.1608123779296875,2.1661529541015625,"(-50.39781188964844, 29.664981842041016, 528.5763549804688)","(11.279991149902344, 25.748558044433594, 529.5126953125)","(-25.94161033630371, 118.69761657714844, 32.56059646606445)","(-20.754844665527344, 114.41929626464844, 31.003437042236328)",POINT (0.4371143579483032 0.4577057063579559),,,,,,,,,,,,,,,,,,,,,,,,,,,,,
0,13,5,408088617169,2245458038,1,1,"(0.45643150806427, 0.45078161358833313)","(0.4712318778038025, 0.473818302154541)",1,1,2.1680450439453125,2.2039947509765625,"(-50.281883239746094, 29.665979385375977, 528.5709228515625)","(11.359823226928711, 25.740337371826172, 529.3438720703125)","(-16.67366600036621, 117.82305145263672, 32.2422981262207)","(-11.559764862060547, 113.61570739746094, 30.71095848083496)",POINT (0.4638316929340362 0.4622999578714371),,,,,,,,,,,,,,,,,,,,,,,,,,,,1,
0,13,5,408088633836,2245474704,1,1,"(0.4528892934322357, 0.441876620054245)","(0.4658009707927704, 0.4667222797870636)",1,1,2.1864471435546875,2.178497314453125,"(-50.25397491455078, 29.653905868530273, 528.5909423828125)","(11.385435104370117, 25.732284545898438, 529.4127197265625)","(-17.897594451904297, 119.44943237304688, 32.834224700927734)","(-13.43629264831543, 114.91168212890625, 31.18266487121582)",POINT (0.459345132112503 0.4542994499206543),,,,,,,,,,,,,,,,,,,,,,,,,,,,,
0,13,5,408088650504,2245491372,1,1,"(0.45318955183029175, 0.45767682790756226)","(0.4667972922325134, 0.4604906439781189)",1,1,2.166015625,2.1509246826171875,"(-50.251949310302734, 29.644441604614258, 528.529052734375)","(11.394538879394531, 25.733978271484375, 529.4359130859375)","(-17.79384994506836, 116.56373596191406, 31.783945083618164)","(-13.092022895812988, 116.0498275756836, 31.596887588500977)",POINT (0.4599934220314026 0.4590837359428406),,,,,,,,,,,,,,,,,,,,,,,,,,,,1,
0,13,5,408088667171,2245508038,1,1,"(0.44966915249824524, 0.4498366415500641)","(0.46410009264945984, 0.4595479965209961)",1,1,2.145614624023437,2.1489715576171875,"(-50.25776672363281, 29.636425018310547, 528.5518798828125)","(11.397760391235352, 25.72793960571289, 529.435791015625)","(-19.01023292541504, 117.99563598632812, 32.30510711669922)","(-14.02397346496582, 116.22197723388672, 31.65955352783203)",POINT (0.4568846225738525 0.4546923190355301),,,,,,,,,,,,,,,,,,,,,,,,,,,,,
0,13,5,408088683837,2245524704,1,1,"(0.45513850450515747, 0.43946295976638794)","(0.4651906490325928, 0.46269693970680237)",1,1,2.151718139648437,2.168731689453125,"(-50.27000427246094, 29.63934326171875, 528.5567626953125)","(11.390932083129883, 25.734886169433594, 529.428466796875)","(-17.12044334411621, 119.89025115966797, 32.99470901489258)","(-13.647170066833496, 115.6468734741211, 31.450231552124023)",POINT (0.4601645767688751 0.4510799497365952),,,,,,,,,,,,,,,,,,,,,,,,,,,,,
0,13,5,408088700506,2245541372,1,1,"(0.45427799224853516, 0.44496744871139526)","(0.46487095952033997, 0.46273377537727356)",1,1,2.137557983398437,2.157928466796875,"(-50.275413513183594, 29.617033004760742, 528.5253295898438)","(11.386079788208008, 25.727121353149414, 529.4444580078125)","(-17.417762756347656, 118.88492584228516, 32.6287727355957)","(-13.75761604309082, 115.64014434814453, 31.44778060913086)",POINT (0.4595744758844376 0.4538506120443344),,,,,,,,,,,,,,,,,,,,,,,,,,,,,
0,13,5,408088717172,2245558038,1,1,"(0.45267409086227417, 0.44925814867019653)","(0.4648621678352356, 0.4643743336200714)",1,1,2.152084350585937,2.14410400390625,"(-50.291900634765625, 29.599506378173828, 528.5078735351562)","(11.372748374938965, 25.712024688720703, 529.3744506835938)","(-17.971960067749023, 118.1012954711914, 32.34355545043945)","(-13.760672569274902, 115.34052276611328, 31.33873176574707)",POINT (0.4587681293487549 0.456816241145134),,,,,,,,,,,,,,,,,,,,,,,,,,,,1,
0,13,5,408088733839,2245574705,1,1,"(0.4475659430027008, 0.4389082193374634)","(0.461226224899292, 0.46338751912117004)",1,1,2.153289794921875,2.163818359375,"(-50.30257034301758, 29.571197509765625, 528.4832763671875)","(11.362093925476074, 25.69332504272461, 529.3823852539062)","(-19.736949920654297, 119.99156188964844, 33.03157424926758)","(-15.016971588134766, 115.520751953125, 31.40431022644043)",POINT (0.4543960839509964 0.4511478692293167),,,,,,,,,,,,,,,,,,,,,,,,,,,,,
0,13,5,408088750506,2245591371,1,1,"(0.45595890283584595, 0.43632280826568604)","(0.4637489318847656, 0.46373817324638367)",1,1,2.1486358642578125,2.1361083984375,"(-50.32612609863281, 29.558042526245117, 528.5264892578125)","(11.350053787231445, 25.681259155273438, 529.4220581054688)","(-16.83696174621582, 120.46376037597656, 33.20343780517578)","(-14.145313262939453, 115.45671844482422, 31.381000518798828)",POINT (0.4598539173603058 0.4500304907560348),,,,,,,,,,,,,,,,,,,,,,,,,,,,,
0,13,5,408088767173,2245608038,1,1,"(0.45257794857025146, 0.44624555110931396)","(0.46425992250442505, 0.46108323335647583)",1,1,2.116302490234375,2.1553955078125,"(-50.334259033203125, 29.538124084472656, 528.4931640625)","(11.338066101074219, 25.663619995117188, 529.43798828125)","(-18.005176544189453, 118.65150451660156, 32.5438232421875)","(-13.968757629394531, 115.94158935546875, 31.55750846862793)",POINT (0.4584189355373383 0.4536643922328949),,,,,,,,,,,,,,,,,,,,,,,,,,,,,
0,13,5,408088783841,2245624705,1,1,"(0.453668475151062, 0.443552166223526)","(0.4653492569923401, 0.456894189119339)",1,1,2.1405181884765625,2.144622802734375,"(-50.35468292236328, 29.52385139465332, 528.53564453125)","(11.327350616455078, 25.652921676635742, 529.469482421875)","(-17.628379821777344, 119.14342498779297, 32.72285461425781)","(-13.5923490524292, 116.70668029785156, 31.83594512939453)",POINT (0.459508866071701 0.4502231776714325),,,,,,,,,,,,,,,,,,,,,,,,,,,,,
0,13,5,408088800507,2245641371,1,1,"(0.4519871473312378, 0.44498366117477417)","(0.46289515495300293, 0.45994025468826294)",1,1,2.1274566650390625,2.1261444091796875,"(-50.37055969238281, 29.50637435913086, 528.517822265625)","(11.316036224365234, 25.651294708251953, 529.4930419921875)","(-18.20930290222168, 118.88196563720703, 32.62770080566406)","(-14.440326690673828, 116.15036010742188, 31.63347053527832)",POINT (0.4574411511421204 0.4524619579315186),,,,,,,,,,,,,,,,,,,,,,,,,,,,,
0,13,5,408088817175,2245658038,1,1,"(0.45501038432121277, 0.44213834404945374)","(0.4627531170845032, 0.4583023190498352)",1,1,2.1204071044921875,2.1342010498046875,"(-50.392738342285156, 29.500391006469727, 528.545654296875)","(11.298206329345703, 25.653953552246094, 529.5248413085938)","(-17.164691925048828, 119.40161895751953, 32.81684112548828)","(-14.489391326904297, 116.44950103759766, 31.742382049560547)",POINT (0.458881750702858 0.4502203315496445),,,,,,,,,,,,,,,,,,,,,,,,,,,,,
0,13,5,408088833842,2245674705,1,1,"(0.44997626543045044, 0.4397362172603607)","(0.4607481360435486, 0.4565601646900177)",1,1,2.138778686523437,2.1303863525390625,"(-50.3921012878418, 29.488529205322266, 528.60107421875)","(11.318870544433594, 25.670242309570312, 529.8433837890625)","(-18.904130935668945, 119.8403549194336, 32.97651672363281)","(-15.182164192199707, 116.76766967773438, 31.858177185058594)",POINT (0.4553622007369995 0.4481481909751892),,,,,,,,,,,,,,,,,,,,,,,,,,,,,
0,13,5,408088850509,2245691371,1,1,"(0.4722616374492645, 0.45692920684814453)","(0.48611438274383545, 0.44796469807624817)",1,1,2.125762939453125,2.1279754638671875,"(-50.315269470214844, 29.483030319213867, 528.5820922851562)","(11.353971481323242, 25.69404411315918, 529.8656005859375)","(-11.203957557678223, 116.70027160644531, 31.8336238861084)","(-6.417491436004639, 118.3375244140625, 32.42953872680664)",POINT (0.47918801009655 0.4524469524621964),,,,,,,,,,,,,,,,,,,,,,,,,,,,1,
0,13,5,408088867176,2245708038,1,1,"(0.4744058847427368, 0.45193538069725037)","(0.4876744747161865, 0.44637662172317505)",1,1,2.141387939453125,2.132797241210937,"(-50.346858978271484, 29.484743118286133, 528.66357421875)","(11.33437728881836, 25.68987464904785, 529.8740234375)","(-10.463078498840332, 117.61234283447266, 32.165584564208984)","(-5.878445148468018, 118.6275634765625, 32.53509521484375)",POINT (0.4810401797294617 0.4491560012102127),,,,,,,,,,,,,,,,,,,,,,,,,,,,1,
0,13,5,408088883853,2245724714,1,1,"(0.4701138734817505, 0.4456455707550049)","(0.48839321732521057, 0.4520931541919708)",1,1,2.1356658935546875,2.128509521484375,"(-50.351409912109375, 29.469215393066406, 528.654296875)","(11.327577590942383, 25.677825927734375, 529.8665771484375)","(-11.946060180664062, 118.76107025146484, 32.583717346191406)","(-5.630096435546875, 117.58352661132812, 32.155113220214844)",POINT (0.4792535454034805 0.4488693624734878),,,,,,,,,,,,,,,,,,,,,,,,,,,,1,
0,13,5,408088900519,2245741380,1,1,"(0.4759303033351898, 0.4449610710144043)","(0.4836512804031372, 0.44470179080963135)",1,1,2.121551513671875,2.1223602294921875,"(-50.35789489746094, 29.454452514648438, 528.6947631835938)","(11.325006484985352, 25.65471649169922, 529.858642578125)","(-9.936338424682617, 118.88609313964844, 32.62920379638672)","(-7.268550395965576, 118.93344116210938, 32.64645004272461)",POINT (0.4797907918691635 0.4448314309120178),,,,,,,,,,,,,,,,,,,,,,,,,,,,,
0,13,5,408088917187,2245758047,1,1,"(0.4719487130641937, 0.4515271782875061)","(0.4807503819465637, 0.4695095419883728)",1,1,2.1480255126953125,2.1259307861328125,"(-50.35538864135742, 29.427520751953125, 528.6784057617188)","(11.323102951049805, 25.635120391845703, 529.8742065429688)","(-11.312085151672363, 117.68688201904297, 32.19272994995117)","(-8.2708740234375, 114.40264129638672, 30.997371673583984)",POINT (0.4763495475053787 0.4605183601379394),,,,,,,,,,,,,,,,,,,,,,,,,,,,1,
0,13,5,408088933853,2245774713,1,1,"(0.4727087616920471, 0.44361111521720886)","(0.48468658328056335, 0.45329970121383667)",1,1,2.1255035400390625,2.1220245361328125,"(-50.34294128417969, 29.404691696166992, 528.7052001953125)","(11.338529586791992, 25.620515823364258, 529.9202880859375)","(-11.049463272094727, 119.13263702392578, 32.718955993652344)","(-6.910830974578857, 117.36316680908203, 32.07490539550781)",POINT (0.4786976724863052 0.4484554082155228),,,,,,,,,,,,,,,,,,,,,,,,,,,,1,
0,13,5,408088950521,2245791380,1,1,"(0.47266650199890137, 0.44813382625579834)","(0.4817883372306824, 0.46212291717529297)",1,1,2.135009765625,2.1146697998046875,"(-50.34126663208008, 29.392717361450195, 528.7525634765625)","(11.346391677856445, 25.60388946533203, 529.9747314453125)","(-11.064064025878906, 118.30663299560547, 32.41828918457031)","(-7.912249565124512, 115.75172424316406, 31.48837661743164)",POINT (0.4772274196147919 0.4551283717155456),,,,,,,,,,,,,,,,,,,,,,,,,,,,1,
0,13,5,408088967188,2245808047,1,1,"(0.4691767394542694, 0.4500197172164917)","(0.483805388212204, 0.46089744567871094)",1,1,2.13555908203125,2.1435699462890625,"(-50.327205657958984, 29.37939453125, 528.75439453125)","(11.354058265686035, 25.582351684570312, 530.005615234375)","(-12.269871711730957, 117.96220397949219, 32.29294204711914)","(-7.215307235717773, 115.97552490234375, 31.56985092163086)",POINT (0.4764910638332367 0.4554585814476013),,,,,,,,,,,,,,,,,,,,,,,,,,,,1,
0,13,5,408088983856,2245824714,1,1,"(0.47372275590896606, 0.44877928495407104)","(0.4853469431400299, 0.45339223742485046)",1,1,2.123321533203125,2.1335601806640625,"(-50.320865631103516, 29.37196922302246, 528.7786865234375)","(11.36082649230957, 25.561689376831055, 530.0133056640625)","(-10.69911003112793, 118.1887435913086, 32.375389099121094)","(-6.682675838470459, 117.34626007080078, 32.06875228881836)",POINT (0.479534849524498 0.4510857611894608),,,,,,,,,,,,,,,,,,,,,,,,,,,,1,
0,13,5,408089000524,2245841382,1,1,"(0.4724902808666229, 0.44367310404777527)","(0.4815162718296051, 0.4564466178417206)",1,1,2.1494140625,2.138656616210937,"(-50.317623138427734, 29.372421264648438, 528.810791015625)","(11.365859031677246, 25.55004119873047, 530.03662109375)","(-11.124954223632812, 119.12133026123047, 32.71481704711914)","(-8.006250381469727, 116.78839874267578, 31.865751266479492)",POINT (0.477003276348114 0.4500598609447479),,,,,,,,,,,,,,,,,,,,,,,,,,,,1,
0,13,5,408089017191,2245858048,1,1,"(0.47387629747390747, 0.44520628452301025)","(0.4810822606086731, 0.4645651876926422)",1,1,2.130096435546875,2.1568603515625,"(-50.32976531982422, 29.374095916748047, 528.9266967773438)","(11.385235786437988, 25.52592658996582, 530.0828857421875)","(-10.646058082580566, 118.84130859375, 32.612918853759766)","(-8.156207084655762, 115.30565643310547, 31.32604217529297)",POINT (0.4774792790412903 0.4548857361078262),,,,,,,,,,,,,,,,,,,,,,,,,,,,1,
0,13,5,408089033859,2245874716,1,1,"(0.46575847268104553, 0.48122432827949524)","(0.4782439172267914, 0.48892173171043396)",1,1,2.072616577148437,2.1099853515625,"(-50.344085693359375, 29.399578094482422, 529.1058349609375)","(11.40359115600586, 25.527692794799805, 530.20703125)","(-13.450970649719238, 112.26309204101562, 30.218631744384766)","(-9.136932373046875, 110.85726165771484, 29.706958770751953)",POINT (0.4720011949539185 0.4850730299949646),,,,,,,,,,,,,,,,,,,,,,,,,,,,1,
0,13,5,408089100527,2245941382,1,1,"(0.45413675904273987, 0.46836984157562256)","(0.4700746536254883, 0.46871665120124817)",1,1,2.0677490234375,2.0946197509765625,"(-50.46173858642578, 29.54275131225586, 529.21923828125)","(11.316444396972656, 25.667369842529297, 530.280029296875)","(-17.466564178466797, 114.61078643798828, 31.07313346862793)","(-11.959611892700195, 114.54745483398438, 31.050081253051758)",POINT (0.4621057063341141 0.4685432463884354),,,,,,,,,,,,,,,,,,,,,,,,,,,,1,
0,13,5,408089117194,2245958048,1,1,"(0.4478740394115448, 0.4592665731906891)","(0.45601919293403625, 0.4678466022014618)",1,1,2.067230224609375,2.10772705078125,"(-50.46876525878906, 29.469890594482422, 529.054931640625)","(11.236979484558105, 25.625818252563477, 530.18896484375)","(-19.6304931640625, 116.27338409423828, 31.678247451782227)","(-16.81614112854004, 114.70636749267578, 31.107894897460938)",POINT (0.4519466161727905 0.4635565876960754),,,,,,,,,,,,,,,,,,,,,,,,,,,,1,
0,13,5,408089133870,2245974724,1,1,"(0.42719700932502747, 0.44908419251441956)","(0.44081681966781616, 0.4511812925338745)",1,1,2.12896728515625,2.1248321533203125,"(-50.51079177856445, 29.441686630249023, 529.0885620117188)","(11.191473007202148, 25.625099182128906, 530.2605590820312)","(-26.774930953979492, 118.13306427001953, 32.35514450073242)","(-22.06894302368164, 117.75004577636719, 32.21573257446289)",POINT (0.4340069144964218 0.450132742524147),,,,,,,,,,,,,,,,,,,,,,,,,,,,,
0,13,5,408089150537,2245991390,1,1,"(0.43392542004585266, 0.43720299005508423)","(0.44606155157089233, 0.43960902094841003)",1,1,2.134857177734375,2.154052734375,"(-50.48918533325195, 29.416948318481445, 528.886962890625)","(11.184175491333008, 25.62856674194336, 530.2451171875)","(-24.45009422302246, 120.30299377441406, 33.14492416381836)","(-20.256759643554688, 119.86358642578125, 32.9849739074707)",POINT (0.4399934858083725 0.4384060055017471),,,,,,,,,,,,,,,,,,,,,,,,,,,,,
0,13,5,408089167204,2246008057,1,1,"(0.43384891748428345, 0.4302903115749359)","(0.44852909445762634, 0.43699800968170166)",1,1,2.1460723876953125,2.16131591796875,"(-50.480350494384766, 29.40964698791504, 528.7626953125)","(11.186478614807129, 25.630046844482422, 530.1982421875)","(-24.476531982421875, 121.56552124023438, 33.604427337646484)","(-19.404150009155273, 120.3404312133789, 33.15855407714844)",POINT (0.4411890059709549 0.4336441606283188),,,,,,,,,,,,,,,,,,,,,,,,,,,,,
0,13,5,408089183872,2246024724,1,1,"(0.4322996437549591, 0.42531028389930725)","(0.44626083970069885, 0.44068214297294617)",1,1,2.157562255859375,2.16302490234375,"(-50.47080612182617, 29.407838821411133, 528.7091064453125)","(11.210131645202637, 25.634937286376953, 530.1429443359375)","(-25.0118350982666, 122.47504425048828, 33.935489654541016)","(-20.187894821166992, 119.66758728027344, 32.91364288330078)",POINT (0.439280241727829 0.4329962134361267),,,,,,,,,,,,,,,,,,,,,,,,,,,,,
0,13,5,408089200538,2246041390,1,1,"(0.43408745527267456, 0.4278412461280823)","(0.4418327510356903, 0.44282710552215576)",1,1,2.149688720703125,2.1852569580078125,"(-50.470550537109375, 29.423192977905273, 528.724609375)","(11.235898971557617, 25.645462036132812, 530.079833984375)","(-24.39410400390625, 122.01280212402344, 33.767250061035156)","(-21.7179012298584, 119.27582550048828, 32.771080017089844)",POINT (0.4379601031541824 0.435334175825119),,,,,,,,,,,,,,,,,,,,,,,,,,,,,
0,13,5,408089217204,2246058056,1,1,"(0.4346323013305664, 0.4313994348049164)","(0.4422309994697571, 0.4364010691642761)",1,1,2.177597045898437,2.1649932861328125,"(-50.47999572753906, 29.47797966003418, 528.81640625)","(11.261360168457031, 25.67755889892578, 530.0477294921875)","(-24.20584487915039, 121.36295318603516, 33.530704498291016)","(-21.5803165435791, 120.44947814941406, 33.19822311401367)",POINT (0.4384316504001617 0.4339002519845962),,,,,,,,,,,,,,,,,,,,,,,,,,,,,
0,13,5,408089233873,2246074724,1,1,"(0.44031500816345215, 0.43980872631073)","(0.4487172067165375, 0.4560084342956543)",1,1,2.138885498046875,2.16290283203125,"(-50.47815704345703, 29.53190040588379, 528.7999267578125)","(11.25980281829834, 25.698352813720703, 529.50244140625)","(-22.242326736450195, 119.82711029052734, 32.971702575683594)","(-19.339155197143555, 116.86843872070312, 31.894845962524414)",POINT (0.4445161074399948 0.4479085803031921),,,,,,,,,,,,,,,,,,,,,,,,,,,,,
0,13,5,408089367213,2246208060,1,1,"(0.4193965494632721, 0.46750932931900024)","(0.42950454354286194, 0.47823256254196167)",1,1,2.068511962890625,2.151962280273437,"(-50.262184143066406, 29.744056701660156, 528.2847900390625)","(11.461621284484863, 25.91143035888672, 529.2081909179688)","(-29.470190048217773, 114.76795959472656, 31.130306243896484)","(-25.97760772705078, 112.80949401855469, 30.41749382019043)",POINT (0.424450546503067 0.472870945930481),,,,,,,,,,,,,,,,,,,,,,,,,,,,1,
0,13,5,408089383877,2246224724,1,1,"(0.4198182225227356, 0.4199051558971405)","(0.42945367097854614, 0.4564043879508972)",1,1,2.15594482421875,2.1992340087890625,"(-50.24469757080078, 29.706541061401367, 528.2640380859375)","(11.48330020904541, 25.87120819091797, 529.11376953125)","(-29.32447624206543, 123.46221160888672, 34.2947998046875)","(-25.99518585205078, 116.79612731933594, 31.86849021911621)",POINT (0.4246359467506409 0.4381547719240189),,,,,,,,,,,,,,,,,,,,,,,,,,,,,
0,13,5,408089400553,2246241399,1,1,"(0.4287043809890747, 0.41364505887031555)","(0.4335399866104126, 0.4506879150867462)",1,1,2.170867919921875,2.219024658203125,"(-50.208133697509766, 29.675724029541016, 528.128173828125)","(11.51395034790039, 25.826202392578125, 529.0203857421875)","(-26.254106521606445, 124.60555267333984, 34.71091842651367)","(-24.583269119262695, 117.84016418457031, 32.248512268066406)",POINT (0.4311221837997436 0.4321664869785309),,,,,,,,,,,,,,,,,,,,,,,,,,,,,
0,13,5,408089417220,2246258066,1,1,"(0.42342060804367065, 0.4062064290046692)","(0.43418237566947937, 0.4439488351345062)",1,1,2.2108612060546875,2.238616943359375,"(-50.180694580078125, 29.65715217590332, 528.0137329101562)","(11.535785675048828, 25.796955108642578, 529.0121459960938)","(-28.079784393310547, 125.96411895751953, 35.20540237426758)","(-24.361309051513672, 119.07096862792969, 32.69650650024414)",POINT (0.428801491856575 0.4250776320695877),,,,,,,,,,,,,,,,,,,,,,,,,,,,,
0,13,5,408089433887,2246274732,1,1,"(0.4276790916919708, 0.4138678014278412)","(0.4362511932849884, 0.44320476055145264)",1,1,2.20635986328125,2.2351531982421875,"(-50.1590576171875, 29.64342498779297, 527.9620361328125)","(11.551925659179688, 25.772470474243164, 528.9342041015625)","(-26.608354568481445, 124.56486511230469, 34.69611740112305)","(-23.646472930908203, 119.20686340332031, 32.745948791503906)",POINT (0.4319651424884796 0.4285362809896469),,,,,,,,,,,,,,,,,,,,,,,,,,,,,
0,13,5,408089450554,2246291399,1,1,"(0.423653781414032, 0.4088089168071747)","(0.4387359023094177, 0.4425883889198303)",1,1,2.219757080078125,2.264892578125,"(-50.130977630615234, 29.638437271118164, 527.880126953125)","(11.572715759277344, 25.762744903564453, 528.8792724609375)","(-27.99920082092285, 125.48880004882812, 35.03242111206055)","(-22.787961959838867, 119.3194351196289, 32.78693771362305)",POINT (0.4311948418617248 0.4256986528635025),,,,,,,,,,,,,,,,,,,,,,,,,,,,,
0,13,5,408089467221,2246308065,1,1,"(0.41692179441452026, 0.4112502336502075)","(0.4376804828643799, 0.42990705370903015)",1,1,2.222518920898437,2.2486114501953125,"(-50.110652923583984, 29.638858795166016, 527.8052978515625)","(11.593376159667969, 25.765689849853516, 528.9171752929688)","(-30.325284957885742, 125.04293060302734, 34.870121002197266)","(-23.15262794494629, 121.63550567626953, 33.629905700683594)",POINT (0.4273011386394501 0.4205786436796188),,,,,,,,,,,,,,,,,,,,,,,,,,,,,
0,13,5,408089483888,2246324732,1,1,"(0.42463135719299316, 0.4100969135761261)","(0.44128480553627014, 0.4306286573410034)",1,1,2.218658447265625,2.240463256835937,"(-50.09758377075195, 29.659770965576172, 527.7769165039062)","(11.60574722290039, 25.77764129638672, 528.955810546875)","(-27.661434173583984, 125.25357055664062, 34.94678497314453)","(-21.907255172729492, 121.50372314453125, 33.581947326660156)",POINT (0.4329580813646316 0.4203627854585648),,,,,,,,,,,,,,,,,,,,,,,,,,,,,
0,13,5,408089500556,2246341399,1,1,"(0.42031440138816833, 0.4165400564670563)","(0.4383618235588074, 0.4328683614730835)",1,1,2.247344970703125,2.26507568359375,"(-50.086177825927734, 29.675430297851562, 527.7327270507812)","(11.618768692016602, 25.788516998291016, 528.8931274414062)","(-29.15303611755371, 124.07681274414062, 34.518463134765625)","(-22.917194366455078, 121.09467315673828, 33.43304443359375)",POINT (0.4293381124734878 0.4247042089700699),,,,,,,,,,,,,,,,,,,,,,,,,,,,,
0,13,5,408089517223,2246358066,1,1,"(0.427097886800766, 0.4169757068157196)","(0.4412940740585327, 0.43513432145118713)",1,1,2.25738525390625,2.2568359375,"(-50.05134582519531, 29.703296661376953, 527.7059936523438)","(11.645445823669434, 25.805919647216797, 528.8458862304688)","(-26.80917739868164, 123.99725341796875, 34.489505767822266)","(-21.904041290283203, 120.68083190917969, 33.282405853271484)",POINT (0.4341959804296494 0.4260550141334534),,,,,,,,,,,,,,,,,,,,,,,,,,,,,
0,13,5,408089533892,2246374734,1,1,"(0.4548065960407257, 0.4422850012779236)","(0.4680097699165344, 0.4526750147342682)",1,1,2.2273101806640625,2.2646026611328125,"(-49.951255798339844, 29.703279495239258, 527.7447509765625)","(11.7286958694458, 25.827360153198242, 528.6726684570312)","(-17.23511505126953, 119.37484741210938, 32.80709457397461)","(-12.673079490661621, 117.47724914550781, 32.116424560546875)",POINT (0.4614081829786301 0.4474800080060959),,,,,,,,,,,,,,,,,,,,,,,,,,,,,
0,13,5,408089550559,2246391401,1,1,"(0.4493562877178192, 0.43268144130706787)","(0.46967124938964844, 0.46442440152168274)",1,1,2.234588623046875,2.249114990234375,"(-49.94368362426758, 29.728992462158203, 527.6981201171875)","(11.735589981079102, 25.86358070373535, 528.68017578125)","(-19.11832618713379, 121.12879943847656, 33.44548416137695)","(-12.099015235900879, 115.33137512207031, 31.33539581298828)",POINT (0.4595137685537338 0.4485529214143753),,,,,,,,,,,,,,,,,,,,,,,,,,,,,
0,13,5,408089567227,2246408068,1,1,"(0.45451897382736206, 0.4303704798221588)","(0.47023576498031616, 0.4684593379497528)",1,1,2.2424468994140625,2.26434326171875,"(-49.94552230834961, 29.738143920898438, 527.7215576171875)","(11.73935317993164, 25.879188537597656, 528.6876220703125)","(-17.334510803222656, 121.5508804321289, 33.59907913208008)","(-11.903953552246094, 114.59444427490234, 31.067195892333984)",POINT (0.4623773694038391 0.4494149088859558),,,,,,,,,,,,,,,,,,,,,,,,,,,,,
0,13,5,408089583893,2246424734,1,1,"(0.45318225026130676, 0.44073769450187683)","(0.4671766459941864, 0.45555347204208374)",1,1,2.270294189453125,2.251373291015625,"(-49.94019317626953, 29.746665954589844, 527.6751708984375)","(11.739706039428711, 25.879261016845703, 528.6565551757812)","(-17.796371459960938, 119.65744018554688, 32.90994644165039)","(-12.960949897766113, 116.95153045654297, 31.925085067749023)",POINT (0.4601794481277466 0.4481455832719803),,,,,,,,,,,,,,,,,,,,,,,,,,,,,
0,13,5,408089600561,2246441401,1,1,"(0.45531532168388367, 0.4378485381603241)","(0.4634174108505249, 0.4683501422405243)",1,1,2.27398681640625,2.266693115234375,"(-49.943031311035156, 29.763351440429688, 527.7054443359375)","(11.747917175292969, 25.886322021484375, 528.6795043945312)","(-17.05933380126953, 120.18509674072266, 33.10200500488281)","(-14.259849548339844, 114.6143798828125, 31.07443618774414)",POINT (0.4593663662672043 0.4530993402004242),,,,,,,,,,,,,,,,,,,,,,,,,,,,,
0,13,5,408089617227,2246458067,1,1,"(0.4562629461288452, 0.43018412590026855)","(0.4680032432079315, 0.4681331515312195)",1,1,2.2716522216796875,2.2859039306640625,"(-49.93603515625, 29.781982421875, 527.70556640625)","(11.760066986083984, 25.884841918945312, 528.6558227539062)","(-16.731903076171875, 121.58490753173828, 33.61149597167969)","(-12.67534065246582, 114.65402221679688, 31.08885955810547)",POINT (0.4621330946683884 0.449158638715744),,,,,,,,,,,,,,,,,,,,,,,,,,,,,
0,13,5,408089633895,2246474734,1,1,"(0.45392102003097534, 0.43298137187957764)","(0.46127215027809143, 0.4710308015346527)",1,1,2.267440795898437,2.2798614501953125,"(-49.93084716796875, 29.79888916015625, 527.7298583984375)","(11.769115447998047, 25.890233993530273, 528.6786499023438)","(-17.541099548339844, 121.07402801513672, 33.42555618286133)","(-15.00110149383545, 114.12478637695312, 30.89626121520996)",POINT (0.4575965851545334 0.4520060867071152),,,,,,,,,,,,,,,,,,,,,,,,,,,,,
0,13,5,408089650562,2246491401,1,1,"(0.45748743414878845, 0.431168794631958)","(0.4683048725128174, 0.4662744700908661)",1,1,2.2749176025390625,2.2999725341796875,"(-49.91956329345703, 29.812700271606445, 527.7314453125)","(11.782017707824707, 25.886764526367188, 528.68603515625)","(-16.308820724487305, 121.40506744384766, 33.5460319519043)","(-12.571124076843262, 114.99349212646484, 31.21240234375)",POINT (0.4628961533308029 0.448721632361412),,,,,,,,,,,,,,,,,,,,,,,,,,,,,
0,13,5,408089667237,2246508076,1,1,"(0.45653006434440613, 0.4359928369522095)","(0.46315205097198486, 0.47217097878456116)",1,1,2.266830444335937,2.3200836181640625,"(-49.89803695678711, 29.823955535888672, 527.7279052734375)","(11.799659729003906, 25.884159088134766, 528.6778564453125)","(-16.639617919921875, 120.5240249633789, 33.225372314453125)","(-14.351550102233887, 113.91657257080078, 30.8204402923584)",POINT (0.4598410576581955 0.4540819078683853),,,,,,,,,,,,,,,,,,,,,,,,,,,,,
0,13,5,408089683904,2246524742,1,1,"(0.45554792881011963, 0.43466249108314514)","(0.46512606739997864, 0.4609742760658264)",1,1,2.2745513916015625,2.289764404296875,"(-49.89149475097656, 29.838441848754883, 527.784423828125)","(11.809029579162598, 25.88365936279297, 528.693115234375)","(-16.978971481323242, 120.76699829101562, 33.31378173828125)","(-13.669476509094238, 115.96149444580078, 31.56475257873535)",POINT (0.4603369981050491 0.4478183835744858),,,,,,,,,,,,,,,,,,,,,,,,,,,,,
0,13,5,408089700571,2246541409,1,1,"(0.45418548583984375, 0.43410682678222656)","(0.46040090918540955, 0.46889662742614746)",1,1,2.2525177001953125,2.296295166015625,"(-49.88398361206055, 29.84768295288086, 527.7778930664062)","(11.812871932983398, 25.88134002685547, 528.6777954101562)","(-17.449729919433594, 120.86847686767578, 33.35074234008789)","(-15.302136421203613, 114.51457977294922, 31.038105010986328)",POINT (0.4572931975126266 0.451501727104187),,,,,,,,,,,,,,,,,,,,,,,,,,,,,
0,13,5,408089717239,2246558076,1,1,"(0.45326727628707886, 0.4285738468170166)","(0.46325576305389404, 0.4632505774497986)",1,1,2.2646636962890625,2.2889404296875,"(-49.88563919067383, 29.855228424072266, 527.8016357421875)","(11.81192398071289, 25.880172729492188, 528.6776733398438)","(-17.766984939575195, 121.87899780273438, 33.718536376953125)","(-14.315720558166504, 115.54573822021484, 31.413442611694336)",POINT (0.4582615196704864 0.4459122121334076),,,,,,,,,,,,,,,,,,,,,,,,,,,,,
0,13,5,408089733905,2246574742,1,1,"(0.45148682594299316, 0.4305892586708069)","(0.46568748354911804, 0.4706488251686096)",1,1,2.250244140625,2.29022216796875,"(-49.89834976196289, 29.846261978149414, 527.77587890625)","(11.803241729736328, 25.876808166503906, 528.7166748046875)","(-18.3821964263916, 121.51091766357422, 33.584564208984375)","(-13.475494384765625, 114.19457244873047, 30.921628952026367)",POINT (0.4585871547460556 0.4506190419197082),,,,,,,,,,,,,,,,,,,,,,,,,,,,,
0,13,5,408089750573,2246591409,1,1,"(0.4523018002510071, 0.4378475248813629)","(0.46389058232307434, 0.47365403175354004)",1,1,2.2719879150390625,2.28448486328125,"(-49.918601989746094, 29.849441528320312, 527.7652587890625)","(11.791709899902344, 25.887487411499023, 528.7476806640625)","(-18.100584030151367, 120.18529510498047, 33.102073669433594)","(-14.096381187438965, 113.64569854736328, 30.72186279296875)",POINT (0.4580961912870407 0.4557507783174515),,,,,,,,,,,,,,,,,,,,,,,,,,,,1,
0,13,5,408089767239,2246608075,1,1,"(0.45084500312805176, 0.4398331046104431)","(0.4590851068496704, 0.4742344617843628)",1,1,2.2528076171875,2.2877960205078125,"(-49.93267059326172, 29.835350036621094, 527.6920166015625)","(11.77357292175293, 25.886743545532227, 528.8103637695312)","(-18.60395622253418, 119.82263946533203, 32.9700927734375)","(-15.756792068481445, 113.53971099853516, 30.68327522277832)",POINT (0.4549650549888611 0.457033783197403),,,,,,,,,,,,,,,,,,,,,,,,,,,,1,
0,13,5,408089783907,2246624742,1,1,"(0.45232734084129333, 0.43483349680900574)","(0.46295061707496643, 0.47003403306007385)",1,1,2.23614501953125,2.2812042236328125,"(-49.96350860595703, 29.83340835571289, 527.7105712890625)","(11.747264862060547, 25.895524978637695, 528.8265380859375)","(-18.091772079467773, 120.73576354980469, 33.302433013916016)","(-14.421149253845215, 114.30684661865234, 30.962495803833008)",POINT (0.4576389789581299 0.4524337649345398),,,,,,,,,,,,,,,,,,,,,,,,,,,,,
0,13,5,408089800578,2246641413,1,1,"(0.4595080018043518, 0.4335232675075531)","(0.4681302309036255, 0.46703219413757324)",1,1,2.228485107421875,2.2906646728515625,"(-49.96806335449219, 29.823326110839844, 527.7009887695312)","(11.737563133239746, 25.886199951171875, 528.7493286132812)","(-15.61065673828125, 120.97505950927734, 33.38953399658203)","(-12.631458282470703, 114.8551025390625, 31.162050247192383)",POINT (0.4638191163539886 0.4502777308225632),,,,,,,,,,,,,,,,,,,,,,,,,,,,,
0,13,5,408089817245,2246658079,1,1,"(0.47311604022979736, 0.429321825504303)","(0.498261034488678, 0.4458777904510498)",1,1,2.2659454345703125,2.2811737060546875,"(-49.90853500366211, 29.827041625976562, 527.74169921875)","(11.74097728729248, 25.879037857055664, 528.532470703125)","(-10.908745765686035, 121.74240112304688, 33.6688232421875)","(-2.2205121517181396, 118.71866607666016, 32.56827163696289)",POINT (0.4856885373592377 0.4375998079776764),,,,,,,,,,,,,,,,,,,,,,,,,,,,,
0,13,5,408089833912,2246674746,1,1,"(0.47537440061569214, 0.4323698580265045)","(0.4867691695690155, 0.4588432013988495)",1,1,2.2377166748046875,2.2821197509765625,"(-49.95413589477539, 29.81848907470703, 527.7811279296875)","(11.707565307617188, 25.87009048461914, 528.564697265625)","(-10.128419876098633, 121.18571472167969, 33.466182708740234)","(-6.191233158111572, 116.35070037841797, 31.70639419555664)",POINT (0.4810717850923538 0.445606529712677),,,,,,,,,,,,,,,,,,,,,,,,,,,,1,
0,13,5,408089850579,2246691412,1,1,"(0.47499164938926697, 0.43173691630363464)","(0.486297070980072, 0.4577915668487549)",1,1,2.2384033203125,2.2856903076171875,"(-49.9773063659668, 29.802959442138672, 527.785400390625)","(11.688556671142578, 25.866168975830078, 528.57275390625)","(-10.26067066192627, 121.30130767822266, 33.5082893371582)","(-6.354367733001709, 116.54278564453125, 31.776281356811523)",POINT (0.4806443601846695 0.4447642415761948),,,,,,,,,,,,,,,,,,,,,,,,,,,,,
0,13,5,408089867246,2246708079,1,1,"(0.4729343056678772, 0.43415048718452454)","(0.4817125201225281, 0.4536532759666443)",1,1,2.24127197265625,2.267822265625,"(-50.00012969970703, 29.79344940185547, 527.806396484375)","(11.672370910644531, 25.861717224121094, 528.5656127929688)","(-10.971529960632324, 120.86050415039062, 33.34780502319336)","(-7.9384379386901855, 117.29859161376953, 32.05137252807617)",POINT (0.4773234128952026 0.4439018815755844),,,,,,,,,,,,,,,,,,,,,,,,,,,,,
0,13,5,408089883914,2246724746,1,1,"(0.4752550423145294, 0.42809417843818665)","(0.48485615849494934, 0.4578307569026947)",1,1,2.241790771484375,2.289215087890625,"(-50.020057678222656, 29.792003631591797, 527.8345947265625)","(11.656476974487305, 25.86994743347168, 528.5736694335938)","(-10.169662475585938, 121.96660614013672, 33.75041580200195)","(-6.852233409881592, 116.53561401367188, 31.773693084716797)",POINT (0.4800556004047394 0.4429624676704407),,,,,,,,,,,,,,,,,,,,,,,,,,,,,
0,13,5,408089900580,2246741412,1,1,"(0.4775012135505676, 0.42923131585121155)","(0.4900762140750885, 0.45456141233444214)",1,1,2.253646850585937,2.2606964111328125,"(-50.03533172607422, 29.785764694213867, 527.86376953125)","(11.64358901977539, 25.875307083129883, 528.6131591796875)","(-9.393542289733887, 121.75892639160156, 33.67483139038086)","(-5.048579692840576, 117.13272857666016, 31.991031646728516)",POINT (0.4837887138128281 0.4418963640928268),,,,,,,,,,,,,,,,,,,,,,,,,,,,,
0,13,5,408089917248,2246758079,1,1,"(0.4745301306247711, 0.43203243613243103)","(0.4841841459274292, 0.45295849442481995)",1,1,2.245758056640625,2.2782440185546875,"(-50.04217529296875, 29.79939842224121, 527.8939208984375)","(11.639139175415039, 25.892900466918945, 528.644287109375)","(-10.420135498046875, 121.24734497070312, 33.48862075805664)","(-7.084428787231445, 117.42547607421875, 32.09758377075195)",POINT (0.4793571382761002 0.4424954652786255),,,,,,,,,,,,,,,,,,,,,,,,,,,,,
0,13,5,408089933919,2246774750,1,1,"(0.4787673056125641, 0.426982581615448)","(0.48528218269348145, 0.45490092039108276)",1,1,2.233673095703125,2.282135009765625,"(-50.05427551269531, 29.809263229370117, 527.9232177734375)","(11.628057479858398, 25.90354347229004, 528.6445922851562)","(-8.956084251403809, 122.16962432861328, 33.8243293762207)","(-6.705015182495117, 117.07070922851562, 31.968441009521484)",POINT (0.4820247441530228 0.4409417510032654),,,,,,,,,,,,,,,,,,,,,,,,,,,,,
0,13,5,408089950586,2246791416,1,1,"(0.4779342710971832, 0.4266795814037323)","(0.48129624128341675, 0.4585600197315216)",1,1,2.24627685546875,2.2801971435546875,"(-50.05488586425781, 29.816707611083984, 527.907958984375)","(11.62793254852295, 25.91494369506836, 528.6673583984375)","(-9.243929862976074, 122.22496032714844, 33.84446334838867)","(-8.08227825164795, 116.40243530273438, 31.725202560424805)",POINT (0.4796152561903 0.442619800567627),,,,,,,,,,,,,,,,,,,,,,,,,,,,,
0,13,5,408089967253,2246808083,1,1,"(0.4751521646976471, 0.425284206867218)","(0.4824483096599579, 0.45226746797561646)",1,1,2.244415283203125,2.283355712890625,"(-50.054264068603516, 29.825103759765625, 527.923095703125)","(11.628658294677734, 25.914588928222656, 528.6753540039062)","(-10.20521068572998, 122.47981262207031, 33.93722152709961)","(-7.684213161468506, 117.55166625976562, 32.143531799316406)",POINT (0.4788002371788025 0.4387758374214172),,,,,,,,,,,,,,,,,,,,,,,,,,,,,
0,13,5,408089983921,2246824750,1,1,"(0.4753401279449463, 0.4344027042388916)","(0.48152956366539, 0.4505634605884552)",1,1,2.2398834228515625,2.2692413330078125,"(-50.047664642333984, 29.833641052246094, 527.9088745117188)","(11.635766983032227, 25.914899826049805, 528.7214965820312)","(-10.140262603759766, 120.81444549560547, 33.331058502197266)","(-8.001657485961914, 117.8628921508789, 32.25678634643555)",POINT (0.4784348458051682 0.4424830824136734),,,,,,,,,,,,,,,,,,,,,,,,,,,,,
0,13,5,408090000588,2246841417,1,1,"(0.4770497679710388, 0.43252065777778625)","(0.4851760268211365, 0.45316794514656067)",1,1,2.2498016357421875,2.292572021484375,"(-50.03894805908203, 29.832197189331055, 527.87939453125)","(11.643425941467285, 25.904090881347656, 528.682861328125)","(-9.549542427062988, 121.1581802368164, 33.45616912841797)","(-6.741711139678955, 117.38722229003906, 32.08365249633789)",POINT (0.4811128973960876 0.4428443014621735),,,,,,,,,,,,,,,,,,,,,,,,,,,,,
0,13,5,408090017255,2246858083,1,1,"(0.47161516547203064, 0.4322461783885956)","(0.48570483922958374, 0.4520795941352844)",1,1,2.2624053955078125,2.2711334228515625,"(-50.027496337890625, 29.833240509033203, 527.8729248046875)","(11.651723861694336, 25.89950942993164, 528.7058715820312)","(-11.427337646484375, 121.20829772949219, 33.474422454833984)","(-6.558986663818359, 117.58598327636719, 32.15601348876953)",POINT (0.4786600023508072 0.44216288626194),,,,,,,,,,,,,,,,,,,,,,,,,,,,,
0,13,5,408090033921,2246874749,1,1,"(0.47289973497390747, 0.43072056770324707)","(0.4813278615474701, 0.4539065361022949)",1,1,2.25848388671875,2.2696075439453125,"(-50.021873474121094, 29.83338737487793, 527.8580322265625)","(11.658759117126465, 25.89116859436035, 528.70556640625)","(-10.983478546142578, 121.48693084716797, 33.57583999633789)","(-8.07136058807373, 117.25232696533203, 32.034568786621094)",POINT (0.4771137982606888 0.442313551902771),,,,,,,,,,,,,,,,,,,,,,,,,,,,,
0,13,5,408090050596,2246891423,1,1,"(0.47579512000083923, 0.4375442564487457)","(0.48281997442245483, 0.45392870903015137)",1,1,2.2572479248046875,2.296051025390625,"(-50.02440643310547, 29.832773208618164, 527.8734130859375)","(11.66036605834961, 25.889245986938477, 528.7131958007812)","(-9.983050346374512, 120.24068450927734, 33.12222671508789)","(-7.555782794952393, 117.24827575683594, 32.033084869384766)",POINT (0.479307547211647 0.4457364827394486),,,,,,,,,,,,,,,,,,,,,,,,,,,,,
0,13,5,408090067262,2246908089,1,1,"(0.475119411945343, 0.4314934313297272)","(0.4819474518299103, 0.45829877257347107)",1,1,2.26763916015625,2.29559326171875,"(-50.03974533081055, 29.827014923095703, 527.917724609375)","(11.647663116455078, 25.889184951782227, 528.7215576171875)","(-10.21652603149414, 121.34577941894531, 33.52445602416992)","(-7.857274055480957, 116.45014953613281, 31.74259376525879)",POINT (0.4785334318876266 0.4448961019515991),,,,,,,,,,,,,,,,,,,,,,,,,,,,,
0,13,5,408090083930,2246924756,1,1,"(0.47737234830856323, 0.4316725730895996)","(0.4822571873664856, 0.4575437009334564)",1,1,2.262802124023437,2.2874755859375,"(-50.06294250488281, 29.821231842041016, 527.94482421875)","(11.627866744995117, 25.885452270507812, 528.6835327148438)","(-9.438079833984375, 121.31305694580078, 33.512550354003906)","(-7.7502522468566895, 116.5880355834961, 31.792797088623047)",POINT (0.4798147678375244 0.444608137011528),,,,,,,,,,,,,,,,,,,,,,,,,,,,,
0,13,5,408090100596,2246941422,1,1,"(0.4756210446357727, 0.43748316168785095)","(0.4844510555267334, 0.4563462734222412)",1,1,2.261932373046875,2.29193115234375,"(-50.090736389160156, 29.807846069335938, 527.9095458984375)","(11.60367202758789, 25.889524459838867, 528.7227172851562)","(-10.043200492858887, 120.2518310546875, 33.126304626464844)","(-6.992197513580322, 116.80673217773438, 31.872385025024414)",POINT (0.480036050081253 0.4469147175550461),,,,,,,,,,,,,,,,,,,,,,,,,,,,1,
0,13,5,408090117264,2246958089,1,1,"(0.469882607460022, 0.43481361865997314)","(0.48644161224365234, 0.4597044587135315)",1,1,2.250473022460937,2.2838592529296875,"(-50.12062072753906, 29.797590255737305, 527.888916015625)","(11.576179504394531, 25.887847900390625, 528.6998291015625)","(-12.025968551635742, 120.73939514160156, 33.303741455078125)","(-6.304410934448242, 116.19339752197266, 31.649160385131836)",POINT (0.4781621098518372 0.4472590386867523),,,,,,,,,,,,,,,,,,,,,,,,,,,,1,
0,13,5,408090133931,2246974756,1,1,"(0.47151362895965576, 0.438328355550766)","(0.48309022188186646, 0.457270085811615)",1,1,2.2669677734375,2.291732788085937,"(-50.14464569091797, 29.793962478637695, 527.8541259765625)","(11.552349090576172, 25.894760131835938, 528.724365234375)","(-11.462421417236328, 120.09747314453125, 33.07011032104492)","(-7.462405204772949, 116.63800048828125, 31.810993194580078)",POINT (0.4773019254207611 0.4477992206811905),,,,,,,,,,,,,,,,,,,,,,,,,,,,1,
0,13,5,408090150597,2246991422,1,1,"(0.47101661562919617, 0.44545915722846985)","(0.4852759838104248, 0.46559977531433105)",1,1,2.3004913330078125,2.2968902587890625,"(-50.17753219604492, 29.7967529296875, 527.872314453125)","(11.51980972290039, 25.89026641845703, 528.6712646484375)","(-11.634148597717285, 118.79512786865234, 32.59608459472656)","(-6.707181930541992, 115.11671447753906, 31.25725746154785)",POINT (0.4781462997198105 0.4555294662714004),,,,,,,,,,,,,,,,,,,,,,,,,,,,1,
0,13,5,408090167265,2247008089,1,1,"(0.4720960855484009, 0.4381260871887207)","(0.47925513982772827, 0.45421311259269714)",1,1,2.2601470947265625,2.2926788330078125,"(-50.20389175415039, 29.803382873535156, 527.8685302734375)","(11.500885009765625, 25.892581939697266, 528.65625)","(-11.261170387268066, 120.1344223022461, 33.08354949951172)","(-8.787527084350586, 117.19632720947266, 32.014190673828125)",POINT (0.4756756126880646 0.4461695998907089),,,,,,,,,,,,,,,,,,,,,,,,,,,,,
0,13,5,408090183933,2247024757,1,1,"(0.455901175737381, 0.43178021907806396)","(0.4696929454803467, 0.4590955674648285)",1,1,2.294830322265625,2.313720703125,"(-50.2925910949707, 29.823156356811523, 527.8307495117188)","(11.418993949890137, 25.93471908569336, 528.8529663085938)","(-16.856916427612305, 121.29339599609375, 33.50539779663086)","(-12.091516494750977, 116.30461120605469, 31.689624786376953)",POINT (0.4627970606088638 0.4454378932714462),,,,,,,,,,,,,,,,,,,,,,,,,,,,,
0,13,5,408090200601,2247041424,1,1,"(0.43066397309303284, 0.3933374881744385)","(0.4370749890804291, 0.4080974757671356)",1,1,2.30987548828125,2.314971923828125,"(-50.4329948425293, 29.902502059936523, 527.95849609375)","(11.255647659301758, 26.04877471923828, 528.9199829101562)","(-25.57700538635254, 128.314453125, 36.06085205078125)","(-23.361848831176758, 125.6187515258789, 35.07970428466797)",POINT (0.433869481086731 0.400717481970787),,,,,,,,,,,,,,,,,,,,,,,,,,,,,
0,13,5,408090217268,2247058091,1,1,"(0.4346160292625427, 0.39765095710754395)","(0.4437090754508972, 0.4108982980251312)",1,1,2.2953643798828125,2.2970733642578125,"(-50.461849212646484, 29.907127380371094, 527.9229736328125)","(11.229560852050781, 26.08795166015625, 528.9048461914062)","(-24.211471557617188, 127.52667236328125, 35.77410125732422)","(-21.069583892822266, 125.1072006225586, 34.893524169921875)",POINT (0.43916255235672 0.4042746275663376),,,,,,,,,,,,,,,,,,,,,,,,,,,,,
0,13,5,408090233935,2247074757,1,1,"(0.4282766282558441, 0.39123770594596863)","(0.4375118017196655, 0.4140174686908722)",1,1,2.2940826416015625,2.3082427978515625,"(-50.50395965576172, 29.90457534790039, 527.9161987304688)","(11.215202331542969, 26.090255737304688, 528.8822021484375)","(-26.401884078979492, 128.6979522705078, 36.200439453125)","(-23.210905075073242, 124.53753662109375, 34.6861572265625)",POINT (0.4328942149877548 0.4026275873184204),,,,,,,,,,,,,,,,,,,,,,,,,,,,,
0,13,5,408090250603,2247091425,1,1,"(0.4282505512237549, 0.3911568820476532)","(0.44028955698013306, 0.41305166482925415)",1,1,2.288070678710937,2.2947998046875,"(-50.54033660888672, 29.909006118774414, 527.910400390625)","(11.179475784301758, 26.098011016845703, 528.8682250976562)","(-26.410905838012695, 128.71273803710938, 36.20579528808594)","(-22.251117706298828, 124.71392822265625, 34.7503547668457)",POINT (0.434270054101944 0.4021042734384537),,,,,,,,,,,,,,,,,,,,,,,,,,,,,
0,13,5,408090267270,2247108091,1,1,"(0.43644967675209045, 0.39719387888908386)","(0.44088760018348694, 0.4115713834762573)",1,1,2.277130126953125,2.2878570556640625,"(-50.561920166015625, 29.90433120727539, 527.8519287109375)","(11.15700912475586, 26.09659194946289, 528.9075927734375)","(-23.577903747558594, 127.61013793945312, 35.80448913574219)","(-22.044483184814453, 124.98428344726562, 34.84874725341797)",POINT (0.4386686384677887 0.4043826311826706),,,,,,,,,,,,,,,,,,,,,,,,,,,,,
0,13,5,408090283936,2247124757,1,1,"(0.428829550743103, 0.3908347487449646)","(0.4361874759197235, 0.40819811820983887)",1,1,2.2828826904296875,2.296371459960937,"(-50.573204040527344, 29.901588439941406, 527.834228515625)","(11.148286819458008, 26.095922470092773, 528.9390258789062)","(-26.210844039916992, 128.77154541015625, 36.22722625732422)","(-23.668498992919922, 125.6003646850586, 35.073001861572266)",POINT (0.4325085133314133 0.3995164334774017),,,,,,,,,,,,,,,,,,,,,,,,,,,,,
0,13,5,408090300604,2247141424,1,1,"(0.43684709072113037, 0.38868987560272217)","(0.4332580864429474, 0.40532365441322327)",1,1,2.28302001953125,2.277862548828125,"(-50.58546447753906, 29.89305305480957, 527.824462890625)","(11.137450218200684, 26.093097686767578, 528.931396484375)","(-23.440580368041992, 129.1632843017578, 36.36981201171875)","(-24.680681228637695, 126.1253433227539, 35.26408767700195)",POINT (0.4350525885820389 0.3970067650079727),,,,,,,,,,,,,,,,,,,,,,,,,,,,,
0,13,5,408090317277,2247158097,1,1,"(0.4324151277542114, 0.3909356892108917)","(0.43856242299079895, 0.40284836292266846)",1,1,2.284576416015625,2.285858154296875,"(-50.588043212890625, 29.881572723388672, 527.7771606445312)","(11.137051582336426, 26.084636688232422, 528.9161376953125)","(-24.971935272216797, 128.75311279296875, 36.22052001953125)","(-22.8478946685791, 126.57743072509766, 35.42860794067383)",POINT (0.4354887753725052 0.3968920260667801),,,,,,,,,,,,,,,,,,,,,,,,,,,,,
0,13,5,408090333945,2247174764,1,1,"(0.4352549612522125, 0.3884664475917816)","(0.43250882625579834, 0.4097480773925781)",1,1,2.2793426513671875,2.294281005859375,"(-50.59441375732422, 29.869670867919922, 527.822998046875)","(11.13737964630127, 26.06842613220215, 528.8849487304688)","(-23.990711212158203, 129.20408630371094, 36.384647369384766)","(-24.939558029174805, 125.31726837158203, 34.96999740600586)",POINT (0.4338818937540054 0.3991072624921799),,,,,,,,,,,,,,,,,,,,,,,,,,,,,
0,13,5,408090350611,2247191430,1,1,"(0.4317343235015869, 0.3823212683200836)","(0.4372008442878723, 0.4186675548553467)",1,1,2.286117553710937,2.28717041015625,"(-50.597896575927734, 29.85565757751465, 527.830322265625)","(11.136088371276855, 26.057254791259766, 528.8695068359375)","(-25.207157135009766, 130.32643127441406, 36.79315185546875)","(-23.318347930908203, 123.68824768066406, 34.37704849243164)",POINT (0.4344675838947296 0.4004944115877152),,,,,,,,,,,,,,,,,,,,,,,,,,,,,
0,13,5,408090367279,2247208097,1,1,"(0.4351575970649719, 0.3877614736557007)","(0.43704545497894287, 0.40316376090049744)",1,1,2.28118896484375,2.303253173828125,"(-50.602108001708984, 29.84617805480957, 527.876220703125)","(11.137452125549316, 26.04022216796875, 528.9315795898438)","(-24.02434539794922, 129.33285522460938, 36.43150329589844)","(-23.372032165527344, 126.51982116699219, 35.407649993896484)",POINT (0.4361015260219574 0.3954626172780991),,,,,,,,,,,,,,,,,,,,,,,,,,,,,
0,13,5,408090383945,2247224763,1,1,"(0.4272896647453308, 0.38917556405067444)","(0.43623092770576477, 0.40660813450813293)",1,1,2.270004272460937,2.283721923828125,"(-50.60475540161133, 29.83694839477539, 527.891357421875)","(11.134690284729004, 26.022705078125, 528.8772583007812)","(-26.74291229248047, 129.07456970214844, 36.3375129699707)","(-23.653480529785156, 125.8907470703125, 35.178707122802734)",POINT (0.4317602962255478 0.3978918492794037),,,,,,,,,,,,,,,,,,,,,,,,,,,,,
0,13,5,408090400613,2247241430,1,1,"(0.4266848564147949, 0.39270344376564026)","(0.43809399008750916, 0.40377524495124817)",1,1,2.264312744140625,2.27789306640625,"(-50.60376739501953, 29.830116271972656, 527.929931640625)","(11.139142990112305, 26.014291763305664, 528.9627075195312)","(-26.951894760131836, 128.43026733398438, 36.10300827026367)","(-23.009746551513672, 126.40813446044922, 35.367008209228516)",POINT (0.432389423251152 0.3982393443584442),,,,,,,,,,,,,,,,,,,,,,,,,,,,,
0,13,5,408090417280,2247258097,1,1,"(0.4312227666378021, 0.3964284062385559)","(0.4326906204223633, 0.4098333716392517)",1,1,2.2719879150390625,2.290008544921875,"(-50.59703063964844, 29.826805114746094, 527.9471435546875)","(11.1484956741333, 26.015846252441406, 528.9779052734375)","(-25.383934020996094, 127.74995422363281, 35.85538101196289)","(-24.87675666809082, 125.30169677734375, 34.96431350708008)",POINT (0.4319566935300827 0.4031308889389038),,,,,,,,,,,,,,,,,,,,,,,,,,,,,
0,13,5,408090433947,2247274763,1,1,"(0.43308842182159424, 0.4007357656955719)","(0.43858107924461365, 0.41589877009391785)",1,1,2.283065795898437,2.295867919921875,"(-50.573692321777344, 29.83074188232422, 527.9502563476562)","(11.169805526733398, 26.021020889282227, 529.031494140625)","(-24.739295959472656, 126.96324920654297, 35.569091796875)","(-22.841440200805664, 124.19393920898438, 34.56109619140625)",POINT (0.4358347505331039 0.4083172678947449),,,,,,,,,,,,,,,,,,,,,,,,,,,,,
0,13,5,408090450616,2247291432,1,1,"(0.4352222979068756, 0.3973720669746399)","(0.4358363449573517, 0.4052264988422394)",1,1,2.3114013671875,2.277694702148437,"(-50.55413818359375, 29.830577850341797, 527.9461669921875)","(11.185983657836914, 26.021703720092773, 529.062255859375)","(-24.00198745727539, 127.57759857177734, 35.79263687133789)","(-23.78982162475586, 126.14309692382812, 35.27052307128906)",POINT (0.4355293214321136 0.4012992829084396),,,,,,,,,,,,,,,,,,,,,,,,,,,,,
0,13,5,408090467284,2247308099,1,1,"(0.42010563611984253, 0.3956644535064697)","(0.43084001541137695, 0.41197723150253296)",1,1,2.2932586669921875,2.2883758544921875,"(-50.57770919799805, 29.84157943725586, 528.0208740234375)","(11.12481689453125, 25.977291107177734, 528.5595703125)","(-29.22517967224121, 127.88946533203125, 35.906166076660156)","(-25.51618003845215, 124.91015625, 34.82177734375)",POINT (0.4254728257656097 0.4038208425045013),,,,,,,,,,,,,,,,,,,,,,,,,,,,,
0,13,5,408090483951,2247324766,1,1,"(0.4275340139865875, 0.39749830961227417)","(0.43395906686782837, 0.4154016077518463)",1,1,2.3129425048828125,2.289703369140625,"(-50.56052017211914, 29.838397979736328, 527.9923095703125)","(11.140454292297363, 25.977338790893555, 528.5977783203125)","(-26.65847396850586, 127.5545425415039, 35.784263610839844)","(-24.438472747802734, 124.28472900390625, 34.59416961669922)",POINT (0.430746540427208 0.4064499586820602),,,,,,,,,,,,,,,,,,,,,,,,,,,,,
0,13,5,408090500618,2247341432,1,1,"(0.4230741262435913, 0.40180039405822754)","(0.4301219582557678, 0.41531655192375183)",1,1,2.314315795898437,2.3090057373046875,"(-50.54603576660156, 29.834781646728516, 528.0176391601562)","(11.154630661010742, 25.966182708740234, 528.6051635742188)","(-28.199493408203125, 126.7688217163086, 35.49828338623047)","(-25.7642879486084, 124.30027770996094, 34.59981918334961)",POINT (0.4265980422496796 0.4085584729909897),,,,,,,,,,,,,,,,,,,,,,,,,,,,,
0,13,5,408090517285,2247358099,1,1,"(0.426212877035141, 0.40233731269836426)","(0.4318705201148987, 0.41551297903060913)",1,1,2.2913970947265625,2.308441162109375,"(-50.538970947265625, 29.836610794067383, 528.05029296875)","(11.16885757446289, 25.966676712036133, 528.6124267578125)","(-27.114967346191406, 126.67076873779297, 35.462589263916016)","(-25.160106658935547, 124.26439666748047, 34.58675003051758)",POINT (0.4290416985750198 0.4089251458644867),,,,,,,,,,,,,,,,,,,,,,,,,,,,,
0,13,5,408090533953,2247374766,1,1,"(0.4157852232456207, 0.39951908588409424)","(0.434109091758728, 0.4179074764251709)",1,1,2.314178466796875,2.30072021484375,"(-50.529930114746094, 29.837646484375, 528.0828247070312)","(11.180221557617188, 25.968969345092773, 528.6123046875)","(-30.717987060546875, 127.18547821044922, 35.64991760253906)","(-24.386625289916992, 123.82707977294922, 34.42757034301758)",POINT (0.4249471575021744 0.4087132811546326),,,,,,,,,,,,,,,,,,,,,,,,,,,,,
0,13,5,408090550620,2247391432,1,1,"(0.42237919569015503, 0.4027945101261139)","(0.4245707094669342, 0.4118153154850006)",1,1,2.3064117431640625,2.318023681640625,"(-50.522926330566406, 29.840951919555664, 528.1233520507812)","(11.194652557373047, 25.97936248779297, 528.7200927734375)","(-28.439586639404297, 126.5872573852539, 35.43220901489258)","(-27.682390213012695, 124.93972778320312, 34.83255386352539)",POINT (0.4234749525785446 0.4073049128055572),,,,,,,,,,,,,,,,,,,,,,,,,,,,,
0,13,5,408090567288,2247408099,1,1,"(0.41803285479545593, 0.39135265350341797)","(0.4337480664253235, 0.41481462121009827)",1,1,2.3092041015625,2.3258056640625,"(-50.51070022583008, 29.851655960083008, 528.1806640625)","(11.203132629394531, 25.981401443481445, 528.719970703125)","(-29.94138526916504, 128.67697143554688, 36.19278335571289)","(-24.511381149291992, 124.39195251464844, 34.63316345214844)",POINT (0.4258904606103897 0.4030836373567581),,,,,,,,,,,,,,,,,,,,,,,,,,,,,
0,13,5,408090583962,2247424773,1,1,"(0.42269960045814514, 0.39412617683410645)","(0.43480491638183594, 0.4209360182285309)",1,1,2.2926788330078125,2.316070556640625,"(-50.500240325927734, 29.867795944213867, 528.253662109375)","(11.22300910949707, 25.991226196289062, 528.7967529296875)","(-28.328887939453125, 128.17041015625, 36.008426666259766)","(-24.146209716796875, 123.27396392822266, 34.22623825073242)",POINT (0.4287522584199905 0.4075310975313187),,,,,,,,,,,,,,,,,,,,,,,,,,,,,
0,13,5,408090600630,2247441440,1,1,"(0.4189886748790741, 0.39062729477882385)","(0.4304947257041931, 0.41341733932495117)",1,1,2.3256378173828125,2.3186492919921875,"(-50.47813415527344, 29.8702449798584, 528.226318359375)","(11.245850563049316, 25.992862701416016, 528.8735961914062)","(-29.611112594604492, 128.80943298339844, 36.240997314453125)","(-25.63548469543457, 124.64714813232422, 34.726043701171875)",POINT (0.4247417002916336 0.4020223170518875),,,,,,,,,,,,,,,,,,,,,,,,,,,,,
0,13,5,408090617297,2247458107,1,1,"(0.4219743013381958, 0.39664381742477417)","(0.4280771315097809, 0.42108795046806335)",1,1,2.31280517578125,2.343658447265625,"(-50.46100997924805, 29.880359649658203, 528.260498046875)","(11.26644515991211, 25.99123764038086, 528.8497314453125)","(-28.57950210571289, 127.71060180664062, 35.841068267822266)","(-26.470823287963867, 123.24620056152344, 34.21615982055664)",POINT (0.4250257164239883 0.4088658839464188),,,,,,,,,,,,,,,,,,,,,,,,,,,,,
0,13,5,408090633963,2247474773,1,1,"(0.4211433231830597, 0.4031837284564972)","(0.4329226613044739, 0.4181821644306183)",1,1,2.3392791748046875,2.326278686523437,"(-50.43074035644531, 29.888900756835938, 528.2022705078125)","(11.290799140930176, 25.9853458404541, 528.8101196289062)","(-28.86663818359375, 126.51618194580078, 35.40632629394531)","(-24.796573638916016, 123.77690887451172, 34.40931701660156)",POINT (0.4270329922437668 0.4106829464435577),,,,,,,,,,,,,,,,,,,,,,,,,,,,,
0,13,5,408090650631,2247491440,1,1,"(0.4155488908290863, 0.3945296108722687)","(0.4290023148059845, 0.416951447725296)",1,1,2.3110809326171875,2.3335113525390625,"(-50.41082763671875, 29.900699615478516, 528.2130737304688)","(11.308481216430664, 25.982933044433594, 528.8331298828125)","(-30.79964256286621, 128.0967254638672, 35.981605529785156)","(-26.151147842407227, 124.00167846679688, 34.49113845825195)",POINT (0.4222756028175354 0.4057405292987824),,,,,,,,,,,,,,,,,,,,,,,,,,,,,
0,13,5,408090667297,2247508106,1,1,"(0.41365787386894226, 0.3954373896121979)","(0.4316447973251343, 0.4108046293258667)",1,1,2.3278045654296875,2.3046112060546875,"(-50.397186279296875, 29.89944839477539, 528.19970703125)","(11.327842712402344, 25.97972869873047, 528.8555908203125)","(-31.453039169311523, 127.93094635009766, 35.92124938964844)","(-25.238101959228516, 125.12432861328125, 34.899723052978516)",POINT (0.4226513355970383 0.4031210094690323),,,,,,,,,,,,,,,,,,,,,,,,,,,,,
0,13,5,408090683965,2247524773,1,1,"(0.41459736227989197, 0.4024898111820221)","(0.4292985200881958, 0.4141749143600464)",1,1,2.3465728759765625,2.33380126953125,"(-50.39590072631836, 29.906267166137695, 528.2239990234375)","(11.342229843139648, 25.983137130737305, 528.917236328125)","(-31.128419876098633, 126.64291381835938, 35.45244216918945)","(-26.048797607421875, 124.50877380371094, 34.67570877075195)",POINT (0.4219479411840439 0.4083323627710342),,,,,,,,,,,,,,,,,,,,,,,,,,,,,
0,13,5,408090700632,2247541440,1,1,"(0.4194168746471405, 0.39603108167648315)","(0.4338257610797882, 0.41833364963531494)",1,1,2.305999755859375,2.31341552734375,"(-50.398033142089844, 29.894214630126953, 528.16064453125)","(11.335123062133789, 25.978927612304688, 528.9174194335938)","(-29.463163375854492, 127.82251739501953, 35.88179397583008)","(-24.484529495239258, 123.7492446899414, 34.399253845214844)",POINT (0.4266213178634644 0.407182365655899),,,,,,,,,,,,,,,,,,,,,,,,,,,,,
0,13,5,408090717301,2247558108,1,1,"(0.4204605519771576, 0.40070146322250366)","(0.4311012625694275, 0.42097532749176025)",1,1,2.32452392578125,2.340911865234375,"(-50.41863250732422, 29.89739990234375, 528.1417846679688)","(11.31732177734375, 25.98517608642578, 528.87939453125)","(-29.1025447845459, 126.96953582763672, 35.57132339477539)","(-25.42591667175293, 123.26677703857422, 34.22364044189453)",POINT (0.4257809072732925 0.410838395357132),,,,,,,,,,,,,,,,,,,,,,,,,,,,,
0,13,5,408090733970,2247574776,1,1,"(0.4196052849292755, 0.39665815234184265)","(0.4301093816757202, 0.41775447130203247)",1,1,2.3316650390625,2.3177032470703125,"(-50.45078659057617, 29.891429901123047, 528.1915283203125)","(11.293654441833496, 25.988800048828125, 528.8798217773438)","(-29.3980655670166, 127.70797729492188, 35.840110778808594)","(-25.768627166748047, 123.85502624511719, 34.4377555847168)",POINT (0.4248573333024979 0.4072063118219376),,,,,,,,,,,,,,,,,,,,,,,,,,,,,
0,13,5,408090750637,2247591442,1,1,"(0.4200146198272705, 0.3932260274887085)","(0.42401188611984253, 0.4261787235736847)",1,1,2.3152618408203125,2.331634521484375,"(-50.485530853271484, 29.89499282836914, 528.2014770507812)","(11.265091896057129, 26.007591247558594, 528.896240234375)","(-29.256624221801758, 128.33482360839844, 36.06825256347656)","(-27.875471115112305, 122.31643676757812, 33.87776565551758)",POINT (0.4220132529735565 0.4097023755311966),,,,,,,,,,,,,,,,,,,,,,,,,,,,,
0,13,5,408090767303,2247608108,1,1,"(0.4153999090194702, 0.3933517038822174)","(0.42677438259124756, 0.4258800446987152)",1,1,2.321868896484375,2.324432373046875,"(-50.52195739746094, 29.891334533691406, 528.1953125)","(11.231361389160156, 26.01923370361328, 528.9205932617188)","(-30.851123809814453, 128.31185913085938, 36.05989456176758)","(-26.920948028564453, 122.37098693847656, 33.897613525390625)",POINT (0.4210871458053589 0.4096158742904663),,,,,,,,,,,,,,,,,,,,,,,,,,,,,
0,13,5,408090783972,2247624776,1,1,"(0.4199860095977783, 0.3986983895301819)","(0.4270722270011902, 0.41873854398727417)",1,1,2.3306884765625,2.318267822265625,"(-50.56035614013672, 29.889480590820312, 528.1503295898438)","(11.194257736206055, 26.030921936035156, 528.8983764648438)","(-29.266510009765625, 127.33535766601562, 35.70450210571289)","(-26.818050384521484, 123.67529296875, 34.37233352661133)",POINT (0.4235291182994842 0.408718466758728),,,,,,,,,,,,,,,,,,,,,,,,,,,,,
0,13,5,408090800638,2247641442,1,1,"(0.4219345152378082, 0.3927273154258728)","(0.42798569798469543, 0.4215377867221832)",1,1,2.2938995361328125,2.3279571533203125,"(-50.59357833862305, 29.881271362304688, 528.1449584960938)","(11.161148071289062, 26.03521728515625, 528.8993530273438)","(-28.5932674407959, 128.4259033203125, 36.10141372680664)","(-26.502416610717773, 123.1640396118164, 34.186275482177734)",POINT (0.4249601066112518 0.407132551074028),,,,,,,,,,,,,,,,,,,,,,,,,,,,,
0,13,5,408090817306,2247658109,1,1,"(0.4187811315059662, 0.4003763794898987)","(0.42352578043937683, 0.41945868730545044)",1,1,2.358245849609375,2.331268310546875,"(-50.615379333496094, 29.87240982055664, 528.0867919921875)","(11.134004592895508, 26.04198455810547, 528.8614501953125)","(-29.682823181152344, 127.02890014648438, 35.59294891357422)","(-28.04342269897461, 123.54376220703125, 34.32445526123047)",POINT (0.4211534559726715 0.4099175333976746),,,,,,,,,,,,,,,,,,,,,,,,,,,,,
0,13,5,408090833972,2247674775,1,1,"(0.4077705442905426, 0.41357746720314026)","(0.42699137330055237, 0.4318923056125641)",1,1,2.3032989501953125,2.320648193359375,"(-50.65092849731445, 29.833635330200195, 528.0787353515625)","(11.065071105957031, 25.968429565429688, 528.8054809570312)","(-33.48727035522461, 124.61788940429688, 34.71541976928711)","(-26.845985412597656, 121.27294158935547, 33.49795913696289)",POINT (0.4173809587955475 0.4227348864078522),,,,,,,,,,,,,,,,,,,,,,,,,,,,,
0,13,5,408090850647,2247691449,1,1,"(0.4136175513267517, 0.4299590289592743)","(0.42259082198143005, 0.45535725355148315)",1,1,2.29290771484375,2.3231658935546875,"(-50.66242218017578, 29.80144691467285, 528.0232543945312)","(11.048425674438477, 25.95172119140625, 528.7589721679688)","(-31.466976165771484, 121.62602233886719, 33.62646484375)","(-28.366493225097656, 116.98735046386719, 31.938133239746094)",POINT (0.4181041866540909 0.4426581412553787),,,,,,,,,,,,,,,,,,,,,,,,,,,,,
0,13,5,408090867314,2247708116,1,1,"(0.41681602597236633, 0.4393255114555359)","(0.42605751752853394, 0.4567040205001831)",1,1,2.3195953369140625,2.3209686279296875,"(-50.690940856933594, 29.799123764038086, 528.0416259765625)","(11.032661437988281, 25.949676513671875, 528.743896484375)","(-30.361827850341797, 119.91535949707031, 33.00382614135742)","(-27.168663024902344, 116.74139404296875, 31.848634719848633)",POINT (0.4214367717504501 0.4480147659778595),,,,,,,,,,,,,,,,,,,,,,,,,,,,,
0,13,5,408090883981,2247724782,1,1,"(0.4149555563926697, 0.442630797624588)","(0.4289640486240387, 0.4551727771759033)",1,1,2.329315185546875,2.3279571533203125,"(-50.705291748046875, 29.800838470458984, 528.0473022460938)","(11.024600982666016, 25.951866149902344, 528.791259765625)","(-31.004653930664062, 119.31169128417969, 32.784122467041016)","(-26.16438102722168, 117.02108001708984, 31.95038414001465)",POINT (0.4219598025083542 0.4489017874002457),,,,,,,,,,,,,,,,,,,,,,,,,,,,,
0,13,5,408090900649,2247741449,1,1,"(0.4156785011291504, 0.436201810836792)","(0.4254254996776581, 0.45916005969047546)",1,1,2.34246826171875,2.34503173828125,"(-50.718658447265625, 29.803028106689453, 528.0135498046875)","(11.012821197509766, 25.945629119873047, 528.7296752929688)","(-30.75486946105957, 120.48585510253906, 33.21150588989258)","(-27.387014389038086, 116.29283142089844, 31.685327529907227)",POINT (0.4205520004034042 0.4476809352636337),,,,,,,,,,,,,,,,,,,,,,,,,,,,,
0,13,5,408090917316,2247758115,1,1,"(0.41524097323417664, 0.44032466411590576)","(0.42626598477363586, 0.45336952805519104)",1,1,2.3363494873046875,2.323593139648437,"(-50.72355651855469, 29.8067626953125, 527.9732666015625)","(11.007410049438477, 25.948740005493164, 528.7603759765625)","(-30.906036376953125, 119.7328872680664, 32.937400817871094)","(-27.096614837646484, 117.35040283203125, 32.07025909423828)",POINT (0.4207534790039062 0.4468470960855484),,,,,,,,,,,,,,,,,,,,,,,,,,,,,
0,13,5,408090933983,2247774782,1,1,"(0.41248783469200134, 0.4365934431552887)","(0.4273659288883209, 0.45535871386528015)",1,1,2.3257293701171875,2.33831787109375,"(-50.73176574707031, 29.802509307861328, 527.940185546875)","(11.001260757446289, 25.946210861206055, 528.7607421875)","(-31.857316970825195, 120.4143295288086, 33.185428619384766)","(-26.716556549072266, 116.98709869384766, 31.938032150268555)",POINT (0.4199268817901611 0.4459760785102844),,,,,,,,,,,,,,,,,,,,,,,,,,,,,
0,13,5,408090950651,2247791449,1,1,"(0.4175513982772827, 0.43726110458374023)","(0.4254104793071747, 0.47017666697502136)",1,1,2.325042724609375,2.337371826171875,"(-50.74802017211914, 29.810821533203125, 527.9383544921875)","(10.988775253295898, 25.95792579650879, 528.7144775390625)","(-30.107723236083984, 120.2923812866211, 33.14107131958008)","(-27.39222526550293, 114.28079986572266, 30.953025817871094)",POINT (0.4214809387922287 0.4537188857793808),,,,,,,,,,,,,,,,,,,,,,,,,,,,,
0,13,5,408090967322,2247808120,1,1,"(0.41175657510757446, 0.43661800026893616)","(0.42743468284606934, 0.4619482159614563)",1,1,2.31060791015625,2.3314666748046875,"(-50.75940704345703, 29.814504623413086, 527.9448852539062)","(10.979930877685547, 25.96360969543457, 528.7303466796875)","(-32.109989166259766, 120.40984344482422, 33.18381118774414)","(-26.692798614501953, 115.78362274169922, 31.499990463256836)",POINT (0.4195956289768219 0.4492831081151962),,,,,,,,,,,,,,,,,,,,,,,,,,,,,
0,13,5,408090983990,2247824787,1,1,"(0.4143295884132385, 0.43947041034698486)","(0.4255750775337219, 0.4580271244049072)",1,1,2.320648193359375,2.3374176025390625,"(-50.772056579589844, 29.819032669067383, 527.9506225585938)","(10.967477798461914, 25.965309143066406, 528.6837158203125)","(-31.220947265625, 119.88888549804688, 32.994197845458984)","(-27.335359573364258, 116.499755859375, 31.760669708251953)",POINT (0.4199523329734802 0.448748767375946),,,,,,,,,,,,,,,,,,,,,,,,,,,,,
0,13,5,408091000657,2247841454,1,1,"(0.41290679574012756, 0.4338097870349884)","(0.4283211827278137, 0.4535808265209198)",1,1,2.315155029296875,2.317489624023437,"(-50.78709030151367, 29.82375717163086, 527.9794921875)","(10.958626747131348, 25.964094161987305, 528.69970703125)","(-31.71255111694336, 120.92273712158203, 33.37046813964844)","(-26.386503219604492, 117.31182098388672, 32.05619812011719)",POINT (0.4206139892339706 0.4436953067779541),,,,,,,,,,,,,,,,,,,,,,,,,,,,,
0,13,5,408091017325,2247858121,1,1,"(0.4145027697086334, 0.44102340936660767)","(0.42771241068840027, 0.46115970611572266)",1,1,2.335723876953125,2.334716796875,"(-50.787384033203125, 29.816564559936523, 527.9246215820312)","(10.951155662536621, 25.96211814880371, 528.73095703125)","(-31.161115646362305, 119.60525512695312, 32.890968322753906)","(-26.59685707092285, 115.9276351928711, 31.552400588989258)",POINT (0.4211075901985168 0.4510915577411652),,,,,,,,,,,,,,,,,,,,,,,,,,,,,
0,13,5,408091033991,2247874787,1,1,"(0.4140951931476593, 0.44434598088264465)","(0.4280721843242645, 0.45698875188827515)",1,1,2.3400115966796875,2.334503173828125,"(-50.792877197265625, 29.810869216918945, 527.9393310546875)","(10.951214790344238, 25.95291519165039, 528.7310791015625)","(-31.301937103271484, 118.99842834472656, 32.67010498046875)","(-26.47254180908203, 116.68939208984375, 31.829696655273438)",POINT (0.4210836887359619 0.4506673663854599),,,,,,,,,,,,,,,,,,,,,,,,,,,,,
0,13,5,408091050659,2247891454,1,1,"(0.41077008843421936, 0.4456665813922882)","(0.4257108271121979, 0.47242504358291626)",1,1,2.3182373046875,2.35791015625,"(-50.79558563232422, 29.795589447021484, 527.9230346679688)","(10.94839096069336, 25.94186782836914, 528.7003173828125)","(-32.45083236694336, 118.75724029541016, 32.58231735229492)","(-27.288454055786133, 113.87017822265625, 30.803543090820312)",POINT (0.4182404577732086 0.4590458124876022),,,,,,,,,,,,,,,,,,,,,,,,,,,,,
0,13,5,408091067326,2247908121,1,1,"(0.4101547300815582, 0.4357631802558899)","(0.4315330982208252, 0.45802560448646545)",1,1,2.331207275390625,2.338851928710937,"(-50.79331970214844, 29.792882919311523, 527.915771484375)","(10.94776725769043, 25.93832778930664, 528.7161865234375)","(-32.663475036621094, 120.56595611572266, 33.240657806396484)","(-25.27669334411621, 116.50003051757812, 31.760753631591797)",POINT (0.4208439141511917 0.4468943923711777),,,,,,,,,,,,,,,,,,,,,,,,,,,,,
0,13,5,408091083993,2247924787,1,1,"(0.4126967191696167, 0.4403480887413025)","(0.4225917160511017, 0.4709728956222534)",1,1,2.3342742919921875,2.3590087890625,"(-50.78933334350586, 29.79802703857422, 527.916259765625)","(10.949674606323242, 25.93846893310547, 528.669189453125)","(-31.785154342651367, 119.72860717773438, 32.93583679199219)","(-28.366182327270508, 114.13536834716797, 30.90009117126465)",POINT (0.4176442176103592 0.455660492181778),,,,,,,,,,,,,,,,,,,,,,,,,,,,,
0,13,5,408091100665,2247941458,1,1,"(0.41150593757629395, 0.4394344687461853)","(0.4244218170642853, 0.4651811420917511)",1,1,2.3406982421875,2.3626708984375,"(-50.790443420410156, 29.80842399597168, 527.9556274414062)","(10.958770751953125, 25.948810577392578, 528.7460327148438)","(-32.196590423583984, 119.89546203613281, 32.996578216552734)","(-27.733821868896484, 115.19317626953125, 31.28510284423828)",POINT (0.4179638773202896 0.4523078054189682),,,,,,,,,,,,,,,,,,,,,,,,,,,,,
0,13,5,408091117332,2247958125,1,1,"(0.41685423254966736, 0.42891398072242737)","(0.42563724517822266, 0.46618834137916565)",1,1,2.338607788085937,2.34222412109375,"(-50.78420639038086, 29.814584732055664, 527.9490966796875)","(10.960693359375, 25.947708129882812, 528.69970703125)","(-30.348609924316406, 121.81688690185547, 33.695926666259766)","(-27.31385612487793, 115.00921630859375, 31.218130111694336)",POINT (0.421245738863945 0.4475511610507965),,,,,,,,,,,,,,,,,,,,,,,,,,,,,
0,13,5,408091133999,2247974791,1,1,"(0.4123899042606354, 0.4379549026489258)","(0.42503786087036133, 0.464549720287323)",1,1,2.3368072509765625,2.3549041748046875,"(-50.78615188598633, 29.819664001464844, 527.9486694335938)","(10.959928512573242, 25.94792938232422, 528.6690673828125)","(-31.891143798828125, 120.16567993164062, 33.09492874145508)","(-27.520967483520508, 115.30848693847656, 31.327085494995117)",POINT (0.4187138825654984 0.4512523114681244),,,,,,,,,,,,,,,,,,,,,,,,,,,,,
0,13,5,408091150666,2247991458,1,1,"(0.4077971279621124, 0.43802356719970703)","(0.4237598478794098, 0.46978145837783813)",1,1,2.347137451171875,2.3631591796875,"(-50.781959533691406, 29.818058013916016, 527.9410400390625)","(10.964792251586914, 25.95232582092285, 528.6997680664062)","(-33.47807693481445, 120.15313720703125, 33.09038162231445)","(-27.962543487548828, 114.35297393798828, 30.979278564453125)",POINT (0.4157784879207611 0.4539025127887726),,,,,,,,,,,,,,,,,,,,,,,,,,,,,
0,13,5,408091167333,2248008124,1,1,"(0.4418831467628479, 0.43920838832855225)","(0.4614535868167877, 0.44511356949806213)",1,1,2.3535614013671875,2.35235595703125,"(-50.686553955078125, 29.809804916381836, 527.87744140625)","(11.014482498168945, 25.945945739746094, 528.6404418945312)","(-21.700502395629883, 119.93673706054688, 33.01162338256836)","(-14.938399314880371, 118.85823059082031, 32.61906051635742)",POINT (0.4516683667898178 0.4421609789133072),,,,,,,,,,,,,,,,,,,,,,,,,,,,,
0,13,5,408091184000,2248024791,1,1,"(0.43177127838134766, 0.44307228922843933)","(0.4507489800453186, 0.4652651250362396)",1,1,2.3466339111328125,2.3559112548828125,"(-50.65717697143555, 29.79985809326172, 527.8421630859375)","(11.027453422546387, 25.9359130859375, 528.624755859375)","(-25.194412231445312, 119.2310562133789, 32.7547607421875)","(-18.637126922607422, 115.17781829833984, 31.279502868652344)",POINT (0.4412601292133331 0.4541687071323395),,,,,,,,,,,,,,,,,,,,,,,,,,,,,
0,13,5,408091200668,2248041458,1,1,"(0.4346177875995636, 0.43822231888771057)","(0.45193997025489807, 0.45695075392723083)",1,1,2.321258544921875,2.370269775390625,"(-50.672889709472656, 29.802349090576172, 527.7935180664062)","(11.03222942352295, 25.946556091308594, 528.6476440429688)","(-24.21086311340332, 120.1168441772461, 33.07717514038086)","(-18.22562026977539, 116.69634246826172, 31.83218765258789)",POINT (0.4432788789272308 0.4475865364074707),,,,,,,,,,,,,,,,,,,,,,,,,,,,,
0,13,5,408091217334,2248058124,1,1,"(0.43495941162109375, 0.44538798928260803)","(0.4531818926334381, 0.4549548923969269)",1,1,2.339935302734375,2.362884521484375,"(-50.670372009277344, 29.80978775024414, 527.7785034179688)","(11.035832405090332, 25.94516944885254, 528.5932006835938)","(-24.092819213867188, 118.80812072753906, 32.60084533691406)","(-17.796504974365234, 117.06085968017578, 31.964866638183594)",POINT (0.4440706521272659 0.4501714408397675),,,,,,,,,,,,,,,,,,,,,,,,,,,,,
0,13,5,408091234008,2248074797,1,1,"(0.4370934069156647, 0.4396631717681885)","(0.4506300687789917, 0.45904821157455444)",1,1,2.332977294921875,2.3673095703125,"(-50.666900634765625, 29.819782257080078, 527.724365234375)","(11.05037784576416, 25.955644607543945, 528.5382690429688)","(-23.355484008789062, 119.85368347167969, 32.98138427734375)","(-18.678207397460938, 116.31324768066406, 31.692785263061523)",POINT (0.4438617378473282 0.4493556916713715),,,,,,,,,,,,,,,,,,,,,,,,,,,,,
0,13,5,408091250676,2248091464,1,1,"(0.4305187165737152, 0.44335633516311646)","(0.45305147767066956, 0.45706531405448914)",1,1,2.3471832275390625,2.365142822265625,"(-50.658172607421875, 29.828914642333984, 527.6957397460938)","(11.053657531738281, 25.964773178100586, 528.4920654296875)","(-25.6271915435791, 119.1791763305664, 32.73588943481445)","(-17.841554641723633, 116.6754150390625, 31.8245849609375)",POINT (0.4417850971221924 0.4502108246088028),,,,,,,,,,,,,,,,,,,,,,,,,,,,,
0,13,5,408091267344,2248108131,1,1,"(0.4362608790397644, 0.4412390887737274)","(0.4495474100112915, 0.4650665819644928)",1,1,2.3508453369140625,2.3722686767578125,"(-50.6562385559082, 29.846399307250977, 527.6646728515625)","(11.060920715332031, 25.985755920410156, 528.5068969726562)","(-23.64312744140625, 119.56585693359375, 32.87662887573242)","(-19.05229377746582, 115.21408081054688, 31.292701721191406)",POINT (0.442904144525528 0.4531528353691101),,,,,,,,,,,,,,,,,,,,,,,,,,,,,
0,13,5,408091284010,2248124797,1,1,"(0.4282647669315338, 0.43876913189888)","(0.44778919219970703, 0.4595544636249542)",1,1,2.3596343994140625,2.3506011962890625,"(-50.65419387817383, 29.860265731811523, 527.6958618164062)","(11.066125869750977, 25.99146842956543, 528.483642578125)","(-26.405988693237305, 120.01697540283203, 33.04081344604492)","(-19.65981674194336, 116.22081756591797, 31.659116744995117)",POINT (0.4380269795656204 0.4491617977619171),,,,,,,,,,,,,,,,,,,,,,,,,,,,,
0,13,5,408091300677,2248141463,1,1,"(0.43076708912849426, 0.445125937461853)","(0.4527599513530731, 0.4640228748321533)",1,1,2.347259521484375,2.36456298828125,"(-50.652984619140625, 29.867416381835938, 527.6890258789062)","(11.06650447845459, 26.000232696533203, 528.522216796875)","(-25.541385650634766, 118.8559799194336, 32.61825942993164)","(-17.942298889160156, 115.40471649169922, 31.362075805664062)",POINT (0.4417635202407837 0.4545744061470032),,,,,,,,,,,,,,,,,,,,,,,,,,,,,
0,13,5,408091317345,2248158131,1,1,"(0.43323275446891785, 0.4464506208896637)","(0.44888871908187866, 0.4638766348361969)",1,1,2.326812744140625,2.355316162109375,"(-50.666175842285156, 29.87005043029785, 527.7258911132812)","(11.059825897216797, 25.997962951660156, 528.5302734375)","(-24.689420700073242, 118.6140365600586, 32.53020477294922)","(-19.279888153076172, 115.43141174316406, 31.371803283691406)",POINT (0.4410607367753982 0.4551636278629303),,,,,,,,,,,,,,,,,,,,,,,,,,,,,
0,13,5,408091334012,2248174797,1,1,"(0.43498048186302185, 0.4338616132736206)","(0.45010533928871155, 0.45796388387680054)",1,1,2.3342437744140625,2.33270263671875,"(-50.671478271484375, 29.863304138183594, 527.7022705078125)","(11.046751022338867, 26.005020141601562, 528.530517578125)","(-24.085540771484375, 120.91326141357422, 33.36703872680664)","(-18.85953140258789, 116.51129150390625, 31.76485252380371)",POINT (0.4425429105758667 0.4459127485752106),,,,,,,,,,,,,,,,,,,,,,,,,,,,,
0,13,5,408091350679,2248191464,1,1,"(0.4323018491268158, 0.44170624017715454)","(0.44766467809677124, 0.4629945755004883)",1,1,2.332382202148437,2.346282958984375,"(-50.68792724609375, 29.85321044921875, 527.7142333984375)","(11.031759262084961, 26.004899978637695, 528.5701904296875)","(-25.011077880859375, 119.48053741455078, 32.84560012817383)","(-19.702823638916016, 115.59252166748047, 31.430435180664062)",POINT (0.4399832636117935 0.4523504078388214),,,,,,,,,,,,,,,,,,,,,,,,,,,,,
0,13,5,408091367352,2248208136,1,1,"(0.4370386302471161, 0.4339923858642578)","(0.447726845741272, 0.4546204209327698)",1,1,2.3028717041015625,2.32415771484375,"(-50.71501159667969, 29.839006423950195, 527.7413330078125)","(11.005707740783691, 26.001249313354492, 528.5784301757812)","(-23.374406814575195, 120.88937377929688, 33.358341217041016)","(-19.68136215209961, 117.1219482421875, 31.987106323242188)",POINT (0.442382737994194 0.4443064033985138),,,,,,,,,,,,,,,,,,,,,,,,,,,,,
0,13,5,408091384018,2248224802,1,1,"(0.43760794401168823, 0.4367446005344391)","(0.45085248351097107, 0.45359379053115845)",1,1,2.29364013671875,2.327133178710937,"(-50.74842834472656, 29.831771850585938, 527.83740234375)","(10.979214668273926, 25.994091033935547, 528.6180419921875)","(-23.17768669128418, 120.38672637939453, 33.17538070678711)","(-18.60136604309082, 117.3094482421875, 32.05534362792969)",POINT (0.4442302137613296 0.4451691955327988),,,,,,,,,,,,,,,,,,,,,,,,,,,,,
0,13,5,408091400686,2248241469,1,1,"(0.43170449137687683, 0.4417567849159241)","(0.44992363452911377, 0.4587188959121704)",1,1,2.30279541015625,2.3435821533203125,"(-50.783241271972656, 29.824546813964844, 527.909912109375)","(10.954500198364258, 25.986907958984375, 528.6573486328125)","(-25.217487335205078, 119.4713134765625, 32.84220886230469)","(-18.922300338745117, 116.37342071533203, 31.714658737182617)",POINT (0.4408140629529953 0.4502378404140472),,,,,,,,,,,,,,,,,,,,,,,,,,,,,
0,13,5,408091417353,2248258135,1,1,"(0.4389750361442566, 0.44464385509490967)","(0.44837844371795654, 0.4513194262981415)",1,1,2.290267944335937,2.329071044921875,"(-50.81062316894531, 29.808351516723633, 527.9056396484375)","(10.919933319091797, 25.980745315551758, 528.7437744140625)","(-22.7053279876709, 118.94403076171875, 32.650306701660156)","(-19.456199645996094, 117.72481536865234, 32.20654296875)",POINT (0.4436767399311066 0.4479816406965256),,,,,,,,,,,,,,,,,,,,,,,,,,,,,
0,13,5,408091434020,2248274802,1,1,"(0.43325603008270264, 0.44160914421081543)","(0.4487645626068115, 0.4609924554824829)",1,1,2.285018920898437,2.34173583984375,"(-50.84598159790039, 29.80230712890625, 527.9461059570312)","(10.885405540466309, 25.979652404785156, 528.73681640625)","(-24.681385040283203, 119.49828338623047, 32.85200881958008)","(-19.322792053222656, 115.95816802978516, 31.563539505004883)",POINT (0.4410102963447571 0.4513007998466492),,,,,,,,,,,,,,,,,,,,,,,,,,,,,
0,13,5,408091450688,2248291469,1,1,"(0.43269532918930054, 0.4406113624572754)","(0.45123860239982605, 0.46425923705101013)",1,1,2.31658935546875,2.325897216796875,"(-50.88332748413086, 29.783973693847656, 528.0505981445312)","(10.854410171508789, 25.974103927612305, 528.8153686523438)","(-24.875112533569336, 119.68051147460938, 32.918357849121094)","(-18.467937469482422, 115.36153411865234, 31.346378326416016)",POINT (0.4419669657945633 0.4524352997541428),,,,,,,,,,,,,,,,,,,,,,,,,,,,,
0,13,5,408091467355,2248308135,1,1,"(0.44229254126548767, 0.4431573450565338)","(0.44850265979766846, 0.46011754870414734)",1,1,2.3068389892578125,2.333282470703125,"(-50.881141662597656, 29.76084327697754, 528.1065063476562)","(10.863347053527832, 25.983591079711914, 528.9625854492188)","(-21.559036254882812, 119.21552276611328, 32.74911117553711)","(-19.41327667236328, 116.11795806884766, 31.621667861938477)",POINT (0.4453976005315781 0.4516374468803406),,,,,,,,,,,,,,,,,,,,,,,,,,,,,
0,13,5,408091484022,2248324802,1,1,"(0.45320945978164673, 0.4468945860862732)","(0.45752274990081787, 0.44695785641670227)",1,1,2.30450439453125,2.313018798828125,"(-50.8529167175293, 29.719329833984375, 528.1595458984375)","(10.895366668701172, 25.985794067382812, 529.2648315429688)","(-17.78696632385254, 118.532958984375, 32.500648498535156)","(-16.296621322631836, 118.52141571044922, 32.4964714050293)",POINT (0.4553661048412323 0.4469262212514877),,,,,,,,,,,,,,,,,,,,,,,,,,,,,
0,13,5,408091500693,2248341472,1,1,"(0.4520811140537262, 0.4406889081001282)","(0.45253175497055054, 0.4451865255832672)",1,1,2.2926483154296875,2.2972869873046875,"(-50.88795852661133, 29.70449447631836, 528.208984375)","(10.87350082397461, 25.978336334228516, 529.2889404296875)","(-18.176843643188477, 119.66635131835938, 32.913185119628906)","(-18.021148681640625, 118.84492492675781, 32.61423110961914)",POINT (0.4523064345121384 0.4429377168416977),,,,,,,,,,,,,,,,,,,,,,,,,,,,,
0,13,5,408091517359,2248358138,1,1,"(0.45392143726348877, 0.4438899755477905)","(0.45197778940200806, 0.44478172063827515)",1,1,2.3009185791015625,2.300811767578125,"(-50.91168212890625, 29.698083877563477, 528.260009765625)","(10.85190200805664, 25.96917152404785, 529.3124389648438)","(-17.540973663330078, 119.08172607421875, 32.70039749145508)","(-18.212539672851562, 118.9188461303711, 32.6411247253418)",POINT (0.4529496133327484 0.4443358480930328),,,,,,,,,,,,,,,,,,,,,,,,,,,,,
0,13,5,408091534027,2248374805,1,1,"(0.4532018303871155, 0.4523039758205414)","(0.45647090673446655, 0.4478282034397125)",1,1,2.2861785888671875,2.311920166015625,"(-50.93342971801758, 29.703224182128906, 528.2723388671875)","(10.830402374267578, 25.96087646484375, 529.290283203125)","(-17.789600372314453, 117.54501342773438, 32.14107894897461)","(-16.66006851196289, 118.36246490478516, 32.4386100769043)",POINT (0.454836368560791 0.450066089630127),,,,,,,,,,,,,,,,,,,,,,,,,,,,,
0,13,5,408091550693,2248391471,1,1,"(0.4497652053833008, 0.4423748254776001)","(0.4534471333026886, 0.45473426580429077)",1,1,2.30694580078125,2.3374481201171875,"(-50.94697570800781, 29.708660125732422, 528.2781372070312)","(10.814151763916016, 25.969688415527344, 529.3294067382812)","(-18.97704315185547, 119.35844421386719, 32.801109313964844)","(-17.704845428466797, 117.10114288330078, 31.97954559326172)",POINT (0.4516061693429947 0.4485545456409454),,,,,,,,,,,,,,,,,,,,,,,,,,,,,
0,13,5,408091567360,2248408138,1,1,"(0.4527679681777954, 0.44706016778945923)","(0.456921249628067, 0.44397804141044617)",1,1,2.306121826171875,2.307525634765625,"(-50.966331481933594, 29.724411010742188, 528.314208984375)","(10.798833847045898, 25.9852294921875, 529.3998413085938)","(-17.939517974853516, 118.50272369384766, 32.48966979980469)","(-16.50444793701172, 119.06563568115234, 32.69455337524414)",POINT (0.4548446089029312 0.4455191045999527),,,,,,,,,,,,,,,,,,,,,,,,,,,,,
0,13,5,408091584029,2248424805,1,1,"(0.4483247697353363, 0.4471433162689209)","(0.4601233899593353, 0.4357336461544037)",1,1,2.3095855712890625,2.3122100830078125,"(-50.98126220703125, 29.722427368164062, 528.304443359375)","(10.778460502624512, 25.995023727416992, 529.4155883789062)","(-19.474760055541992, 118.48753356933594, 32.4841423034668)","(-15.398021697998047, 120.57135772705078, 33.24260711669922)",POINT (0.4542240798473358 0.4414384812116623),,,,,,,,,,,,,,,,,,,,,,,,,,,,,
0,13,5,408091600696,2248441472,1,1,"(0.45417314767837524, 0.4393399953842163)","(0.4586367905139923, 0.44162073731422424)",1,1,2.2967071533203125,2.2962799072265625,"(-50.990787506103516, 29.73440933227539, 528.3179931640625)","(10.764907836914062, 25.997913360595703, 529.4468994140625)","(-17.45399284362793, 119.91271209716797, 33.00285339355469)","(-15.911690711975098, 119.49616241455078, 32.85124969482422)",POINT (0.4564049690961838 0.4404803663492203),,,,,,,,,,,,,,,,,,,,,,,,,,,,,
0,13,5,408091617363,2248458138,1,1,"(0.4508342742919922, 0.4450187385082245)","(0.46021270751953125, 0.44482922554016113)",1,1,2.329376220703125,2.324615478515625,"(-51.017852783203125, 29.750411987304688, 528.3916625976562)","(10.74975872039795, 26.01448631286621, 529.5021362304688)","(-18.607669830322266, 118.87556457519531, 32.62538146972656)","(-15.367175102233887, 118.9101791381836, 32.63795471191406)",POINT (0.4555234909057617 0.4449239820241928),,,,,,,,,,,,,,,,,,,,,,,,,,,,,
0,13,5,408091634035,2248474810,1,1,"(0.4534601867198944, 0.44608190655708313)","(0.45576733350753784, 0.444038063287735)",1,1,2.32781982421875,2.3140869140625,"(-51.02741241455078, 29.76520538330078, 528.3978881835938)","(10.73337173461914, 26.023542404174805, 529.5259399414062)","(-17.700332641601562, 118.681396484375, 32.554691314697266)","(-16.903154373168945, 119.05467987060547, 32.69055938720703)",POINT (0.4546137601137161 0.4450599849224091),,,,,,,,,,,,,,,,,,,,,,,,,,,,,
0,13,5,408091650703,2248491477,1,1,"(0.45175305008888245, 0.4435909688472748)","(0.4534202516078949, 0.4388708174228668)",1,1,2.310531616210937,2.318099975585937,"(-51.050052642822266, 29.79317855834961, 528.4486083984375)","(10.71848201751709, 26.033374786376953, 529.4952392578125)","(-18.29018783569336, 119.13631439208984, 32.72029113769531)","(-17.71412467956543, 119.9983901977539, 33.03404998779297)",POINT (0.4525866508483887 0.4412308931350708),,,,,,,,,,,,,,,,,,,,,,,,,,,,,
0,13,5,408091667369,2248508143,1,1,"(0.44622892141342163, 0.461237370967865)","(0.4573509395122528, 0.4461933970451355)",1,1,2.3124237060546875,2.341827392578125,"(-51.070960998535156, 29.82181167602539, 528.4605712890625)","(10.702445030212402, 26.04731559753418, 529.5267333984375)","(-20.198909759521484, 115.9134521484375, 31.547229766845703)","(-16.355987548828125, 118.66104125976562, 32.547271728515625)",POINT (0.4517899304628372 0.4537153840065002),,,,,,,,,,,,,,,,,,,,,,,,,,,,,
0,13,5,408091684037,2248524810,1,1,"(0.44988542795181274, 0.44344955682754517)","(0.4586992859840393, 0.44235140085220337)",1,1,2.3131256103515625,2.3141326904296875,"(-51.0953254699707, 29.840892791748047, 528.455810546875)","(10.679632186889648, 26.05666732788086, 529.5115356445312)","(-18.935518264770508, 119.16214752197266, 32.72969436645508)","(-15.890092849731445, 119.36270904541016, 32.80268096923828)",POINT (0.454292356967926 0.4429004788398743),,,,,,,,,,,,,,,,,,,,,,,,,,,,,
0,13,5,408091700704,2248541477,1,1,"(0.4537423551082611, 0.44417110085487366)","(0.4559277594089508, 0.4456711411476135)",1,1,2.3053131103515625,2.3098297119140625,"(-51.120399475097656, 29.847654342651367, 528.44384765625)","(10.646119117736816, 26.061296463012695, 529.4815673828125)","(-17.60283851623535, 119.0303726196289, 32.68172073364258)","(-16.847732543945312, 118.75641632080078, 32.581993103027344)",POINT (0.454835057258606 0.4449211210012436),,,,,,,,,,,,,,,,,,,,,,,,,,,,,
0,13,5,408091717371,2248558143,1,1,"(0.45418617129325867, 0.4470137655735016)","(0.45447874069213867, 0.45328569412231445)",1,1,2.303741455078125,2.3262939453125,"(-51.15476608276367, 29.849388122558594, 528.4071044921875)","(10.606485366821289, 26.06763458251953, 529.405029296875)","(-17.449495315551758, 118.51119232177734, 32.49276351928711)","(-17.348405838012695, 117.36570739746094, 32.07584762573242)",POINT (0.4543324559926987 0.450149729847908),,,,,,,,,,,,,,,,,,,,,,,,,,,,,
0,13,5,408091734038,2248574810,1,1,"(0.45493584871292114, 0.44758641719818115)","(0.45812758803367615, 0.46004876494407654)",1,1,2.2916412353515625,2.3179168701171875,"(-51.2061882019043, 29.852996826171875, 528.4310302734375)","(10.55961799621582, 26.08655548095703, 529.4683227539062)","(-17.190465927124023, 118.4066162109375, 32.454689025878906)","(-16.087635040283203, 116.13052368164062, 31.62627601623535)",POINT (0.4565317183732986 0.4538175910711288),,,,,,,,,,,,,,,,,,,,,,,,,,,,,
0,13,5,408091750707,2248591477,1,1,"(0.45158058404922485, 0.4452741742134094)","(0.45559895038604736, 0.45202818512916565)",1,1,2.3035888671875,2.318588256835937,"(-51.263790130615234, 29.850849151611328, 528.4129028320312)","(10.507534980773926, 26.099918365478516, 529.5006713867188)","(-18.349782943725586, 118.82891082763672, 32.60840606689453)","(-16.96134376525879, 117.59539031982422, 32.159420013427734)",POINT (0.4535897672176361 0.4486511796712875),,,,,,,,,,,,,,,,,,,,,,,,,,,,,
0,13,5,408091767377,2248608147,1,1,"(0.4512806832790375, 0.44956448674201965)","(0.4548913538455963, 0.4378771185874939)",1,1,2.303573608398437,2.299530029296875,"(-51.3302001953125, 29.844539642333984, 528.43408203125)","(10.4408597946167, 26.107786178588867, 529.4561767578125)","(-18.453405380249023, 118.04533386230469, 32.323211669921875)","(-17.205820083618164, 120.17988586425781, 33.10011672973633)",POINT (0.4530860185623169 0.4437208026647568),,,,,,,,,,,,,,,,,,,,,,,,,,,,,
0,13,5,408091784044,2248624814,1,1,"(0.4528297483921051, 0.45760011672973633)","(0.45334258675575256, 0.44732850790023804)",1,1,2.2926788330078125,2.3065948486328125,"(-51.399200439453125, 29.835445404052734, 528.4306640625)","(10.374817848205566, 26.119558334350586, 529.51220703125)","(-17.918176651000977, 116.5777359008789, 31.78904914855957)","(-17.7409725189209, 118.45372009277344, 32.471824645996094)",POINT (0.4530861675739288 0.4524643123149872),,,,,,,,,,,,,,,,,,,,,,,,,,,,,
0,13,5,408091800712,2248641481,1,1,"(0.4473474621772766, 0.4470711350440979)","(0.4562338888645172, 0.4477875828742981)",1,1,2.3177032470703125,2.3183746337890625,"(-51.474830627441406, 29.832040786743164, 528.473876953125)","(10.302901268005371, 26.12957763671875, 529.5068359375)","(-19.812427520751953, 118.50072479248047, 32.48894119262695)","(-16.741941452026367, 118.36986541748047, 32.441314697265625)",POINT (0.4517906755208969 0.447429358959198),,,,,,,,,,,,,,,,,,,,,,,,,,,,,
0,13,5,408091817379,2248658147,1,1,"(0.4507276117801666, 0.4505338966846466)","(0.4550834894180298, 0.4491824507713318)",1,1,2.3034210205078125,2.3079833984375,"(-51.544227600097656, 29.817203521728516, 528.5262451171875)","(10.233155250549316, 26.13827133178711, 529.5552978515625)","(-18.644514083862305, 117.8682861328125, 32.2587776184082)","(-17.139442443847656, 118.11511993408203, 32.34858322143555)",POINT (0.4529055505990982 0.4498581737279892),,,,,,,,,,,,,,,,,,,,,,,,,,,,,
0,13,5,408091834046,2248674814,1,1,"(0.4548177421092987, 0.4455910623073578)","(0.45305001735687256, 0.4520761966705322)",1,1,2.307952880859375,2.3177947998046875,"(-51.60724639892578, 29.791553497314453, 528.5249633789062)","(10.17966365814209, 26.143320083618164, 529.6424560546875)","(-17.231273651123047, 118.77104187011719, 32.587337493896484)","(-17.842052459716797, 117.58661651611328, 32.15622329711914)",POINT (0.4539338797330856 0.448833629488945),,,,,,,,,,,,,,,,,,,,,,,,,,,,,
0,13,5,408091850714,2248691481,1,1,"(0.4494466781616211, 0.4378587305545807)","(0.4567868113517761, 0.44024658203125)",1,1,2.3098297119140625,2.321044921875,"(-51.66240692138672, 29.769222259521484, 528.4931030273438)","(10.111477851867676, 26.139694213867188, 529.566650390625)","(-19.087114334106445, 120.1832504272461, 33.10132598876953)","(-16.550912857055664, 119.74713134765625, 32.9426155090332)",POINT (0.4531167447566986 0.4390526562929153),,,,,,,,,,,,,,,,,,,,,,,,,,,,,
0,13,5,408091867380,2248708147,1,1,"(0.4526297450065613, 0.4525351822376251)","(0.4626891613006592, 0.4472554326057434)",1,1,2.3147430419921875,2.323486328125,"(-51.695396423339844, 29.74822235107422, 528.5353393554688)","(10.07606315612793, 26.148536682128906, 529.6455688476562)","(-17.987279891967773, 117.5027847290039, 32.12571334838867)","(-14.51148509979248, 118.46705627441406, 32.476715087890625)",POINT (0.4576594531536102 0.4498953074216843),,,,,,,,,,,,,,,,,,,,,,,,,,,,,
0,13,5,408091884048,2248724814,1,1,"(0.4707637429237366, 0.46997126936912537)","(0.4818580150604248, 0.459377646446228)",1,1,2.3141021728515625,2.32733154296875,"(-51.674312591552734, 29.715068817138672, 528.6173095703125)","(10.061328887939453, 26.13817596435547, 529.536865234375)","(-11.721515655517578, 114.31831359863281, 30.966650009155273)","(-7.888155937194824, 116.25308990478516, 31.67087173461914)",POINT (0.4763108789920807 0.4646744579076767),,,,,,,,,,,,,,,,,,,,,,,,,,,,1,
0,13,5,408091900718,2248741484,1,1,"(0.46691644191741943, 0.4495089054107666)","(0.4785245656967163, 0.44945409893989563)",1,1,2.310943603515625,2.326690673828125,"(-51.71653747558594, 29.706439971923828, 528.6409912109375)","(10.028036117553711, 26.1467342376709, 529.6077880859375)","(-13.050854682922363, 118.05549621582031, 32.326900482177734)","(-9.039962768554688, 118.06551361083984, 32.33051681518555)",POINT (0.4727205038070679 0.4494815021753311),,,,,,,,,,,,,,,,,,,,,,,,,,,,1,
0,13,5,408091917385,2248758150,1,1,"(0.467661589384079, 0.47250786423683167)","(0.47904253005981445, 0.4518668055534363)",1,1,2.313140869140625,2.3259429931640625,"(-51.74410629272461, 29.691387176513672, 528.6520385742188)","(10.000602722167969, 26.13934898376465, 529.6630859375)","(-12.7933931350708, 113.85504150390625, 30.798044204711914)","(-8.861000061035156, 117.62486267089844, 32.170135498046875)",POINT (0.4733520597219467 0.462187334895134),,,,,,,,,,,,,,,,,,,,,,,,,,,,1,
0,13,5,408091934053,2248774817,1,1,"(0.46700748801231384, 0.4616784453392029)","(0.47408565878868103, 0.4586752951145172)",1,1,2.3223876953125,2.320419311523437,"(-51.7708625793457, 29.68901252746582, 528.7335815429688)","(9.980570793151855, 26.133098602294922, 529.7181396484375)","(-13.01940631866455, 115.8328857421875, 31.5179443359375)","(-10.57370376586914, 116.3813705444336, 31.717552185058594)",POINT (0.4705465734004974 0.46017687022686),,,,,,,,,,,,,,,,,,,,,,,,,,,,1,
0,13,5,408091950719,2248791483,1,1,"(0.46485528349876404, 0.448344886302948)","(0.4775627851486206, 0.4666414260864258)",1,1,2.2969512939453125,2.337310791015625,"(-51.780372619628906, 29.691633224487305, 528.811279296875)","(9.976516723632812, 26.12822723388672, 529.7181396484375)","(-13.763050079345703, 118.26808166503906, 32.404296875)","(-9.372289657592773, 114.92646789550781, 31.18802261352539)",POINT (0.4712090343236923 0.4574931561946869),,,,,,,,,,,,,,,,,,,,,,,,,,,,1,
0,13,5,408091967387,2248808150,1,1,"(0.4719168245792389, 0.4612136483192444)","(0.47831398248672485, 0.4605347216129303)",1,1,2.3114013671875,2.31756591796875,"(-51.77813720703125, 29.690168380737305, 528.8037109375)","(9.9751558303833, 26.12435531616211, 529.7647094726562)","(-11.323115348815918, 115.91778564453125, 31.548831939697266)","(-9.112717628479004, 116.0417709350586, 31.59395980834961)",POINT (0.4751154035329819 0.4608741849660873),,,,,,,,,,,,,,,,,,,,,,,,,,,,1,
0,13,5,408091984055,2248824817,1,1,"(0.47248440980911255, 0.45677515864372253)","(0.4813084006309509, 0.4504929482936859)",1,1,2.30340576171875,2.3168487548828125,"(-51.77529525756836, 29.704566955566406, 528.8508911132812)","(9.983814239501953, 26.12059783935547, 529.7567749023438)","(-11.126994132995605, 116.72840118408203, 31.84387969970703)","(-8.078071594238281, 117.87576293945312, 32.261478424072266)",POINT (0.4768964052200317 0.4536340534687042),,,,,,,,,,,,,,,,,,,,,,,,,,,,1,
0,13,5,408092000721,2248841483,1,1,"(0.47448933124542236, 0.4580760896205902)","(0.4757915735244751, 0.448771595954895)",1,1,2.293670654296875,2.3007049560546875,"(-51.7645263671875, 29.705276489257812, 528.8843994140625)","(9.99658489227295, 26.11871910095215, 529.78759765625)","(-10.43424129486084, 116.4908218383789, 31.757383346557617)","(-9.984275817871094, 118.19015502929688, 32.375911712646484)",POINT (0.4751404523849487 0.4534238427877426),,,,,,,,,,,,,,,,,,,,,,,,,,,,1,
0,13,5,408092017395,2248858157,1,1,"(0.46844539046287537, 0.4531082808971405)","(0.48045310378074646, 0.45902177691459656)",1,1,2.292465209960937,2.322540283203125,"(-51.752525329589844, 29.702014923095703, 528.8628540039062)","(10.00206184387207, 26.113983154296875, 529.8026733398438)","(-12.52256965637207, 117.39812469482422, 32.08763885498047)","(-8.373602867126465, 116.31808471679688, 31.69454574584961)",POINT (0.4744492471218109 0.4560650289058685),,,,,,,,,,,,,,,,,,,,,,,,,,,,1,
0,13,5,408092034063,2248874824,1,1,"(0.46877288818359375, 0.4575778841972351)","(0.48193004727363586, 0.4572380483150482)",1,1,2.284515380859375,2.306015014648437,"(-51.74307632446289, 29.69774627685547, 528.8487548828125)","(10.00832748413086, 26.10431671142578, 529.779541015625)","(-12.409421920776367, 116.58179473876953, 31.79052734375)","(-7.863278388977051, 116.64385223388672, 31.813121795654297)",POINT (0.4753514677286148 0.4574079662561417),,,,,,,,,,,,,,,,,,,,,,,,,,,,1,
0,13,5,408092050729,2248891490,1,1,"(0.46893855929374695, 0.4545416533946991)","(0.4814988672733307, 0.4504694640636444)",1,1,2.275970458984375,2.307891845703125,"(-51.7512321472168, 29.690181732177734, 528.8863525390625)","(10.004508972167969, 26.092838287353516, 529.7955322265625)","(-12.3521728515625, 117.1363296508789, 31.992355346679688)","(-8.012253761291504, 117.88004302978516, 32.26304626464844)",POINT (0.4752187132835388 0.4525055587291718),,,,,,,,,,,,,,,,,,,,,,,,,,,,1,
0,13,5,408092067397,2248908157,1,1,"(0.4663047194480896, 0.46677926182746887)","(0.47755783796310425, 0.4607122242450714)",1,1,2.296737670898437,2.3122100830078125,"(-51.75421905517578, 29.675809860229492, 528.8548583984375)","(9.999872207641602, 26.082897186279297, 529.764404296875)","(-13.26223087310791, 114.90128326416016, 31.178857803344727)","(-9.373993873596191, 116.00936126708984, 31.582162857055664)",POINT (0.4719312787055969 0.4637457430362701),,,,,,,,,,,,,,,,,,,,,,,,,,,,1,
0,13,5,408092084066,2248924826,1,1,"(0.4719451665878296, 0.4571426212787628)","(0.4782915413379669, 0.46618494391441345)",1,1,2.28662109375,2.3026580810546875,"(-51.76873779296875, 29.662099838256836, 528.8683471679688)","(9.98857593536377, 26.075349807739258, 529.7646484375)","(-11.313319206237793, 116.66130065917969, 31.819456100463867)","(-9.12047004699707, 115.00982666015625, 31.218351364135742)",POINT (0.4751183539628982 0.4616637825965881),,,,,,,,,,,,,,,,,,,,,,,,,,,,1,
0,13,5,408092100734,2248941492,1,1,"(0.4677577614784241, 0.45755788683891296)","(0.4814741015434265, 0.4601532518863678)",1,1,2.284820556640625,2.293075561523437,"(-51.778587341308594, 29.652793884277344, 528.8277587890625)","(9.977710723876953, 26.072399139404297, 529.757080078125)","(-12.760159492492676, 116.58544921875, 31.79183006286621)","(-8.020817756652832, 116.11143493652344, 31.619308471679688)",POINT (0.4746159315109253 0.4588555693626404),,,,,,,,,,,,,,,,,,,,,,,,,,,,1,
0,13,5,408092117401,2248958159,1,1,"(0.46505701541900635, 0.4529464840888977)","(0.48112574219703674, 0.4585750102996826)",1,1,2.292144775390625,2.285247802734375,"(-51.78824234008789, 29.635732650756836, 528.802978515625)","(9.967077255249023, 26.057941436767578, 529.702880859375)","(-13.69334602355957, 117.42766571044922, 32.0983772277832)","(-8.141179084777832, 116.39967346191406, 31.72422981262207)",POINT (0.4730913788080216 0.4557607471942902),,,,,,,,,,,,,,,,,,,,,,,,,,,,1,
0,13,5,408092134069,2248974826,1,1,"(0.47009265422821045, 0.45798829197883606)","(0.4827485680580139, 0.45413610339164734)",1,1,2.273910522460937,2.28729248046875,"(-51.79214096069336, 29.630844116210938, 528.7631225585938)","(9.96130084991455, 26.062557220458984, 529.6953125)","(-11.953392028808594, 116.5068359375, 31.76323890686035)","(-7.580465316772461, 117.21040344238281, 32.019317626953125)",POINT (0.4764206111431122 0.4560621976852417),,,,,,,,,,,,,,,,,,,,,,,,,,,,1,
0,13,5,408092150737,2248991494,1,1,"(0.46969255805015564, 0.45579808950424194)","(0.48218604922294617, 0.4647763669490814)",1,1,2.2864990234375,2.298553466796875,"(-51.78456115722656, 29.618202209472656, 528.7172241210938)","(9.967767715454102, 26.062864303588867, 529.6639404296875)","(-12.091645240783691, 116.90685272216797, 31.90882682800293)","(-7.774815082550049, 115.26708984375, 31.311988830566406)",POINT (0.4759393036365509 0.4602872282266617),,,,,,,,,,,,,,,,,,,,,,,,,,,,1,
0,13,5,408092167405,2249008161,1,1,"(0.4695015847682953, 0.452321320772171)","(0.4756728410720825, 0.46087485551834106)",1,1,2.303939819335937,2.294586181640625,"(-51.783790588378906, 29.621044158935547, 528.654296875)","(9.968842506408691, 26.077560424804688, 529.6405639648438)","(-12.157633781433105, 117.54183959960938, 32.13994216918945)","(-10.02529239654541, 115.97964477539062, 31.571346282958984)",POINT (0.4725872129201889 0.456598088145256),,,,,,,,,,,,,,,,,,,,,,,,,,,,1,
0,13,5,408092184072,2249024828,1,1,"(0.47112321853637695, 0.4615873098373413)","(0.48003262281417847, 0.45954638719558716)",1,1,2.299301147460937,2.2917938232421875,"(-51.77611541748047, 29.612308502197266, 528.6400146484375)","(9.980259895324707, 26.077062606811523, 529.5936279296875)","(-11.597311973571777, 115.84953308105469, 31.523998260498047)","(-8.518882751464844, 116.22227478027344, 31.65964698791504)",POINT (0.4755779206752777 0.4605668485164642),,,,,,,,,,,,,,,,,,,,,,,,,,,,1,
0,13,5,408092200739,2249041494,1,1,"(0.4691435396671295, 0.45361432433128357)","(0.4807274043560028, 0.469289630651474)",1,1,2.290985107421875,2.333526611328125,"(-51.75465393066406, 29.61610221862793, 528.5726928710938)","(9.992546081542969, 26.09441566467285, 529.56982421875)","(-12.281339645385742, 117.3056869506836, 32.05398941040039)","(-8.278827667236328, 114.44279479980469, 31.01197624206543)",POINT (0.4749354720115662 0.4614519774913788),,,,,,,,,,,,,,,,,,,,,,,,,,,,1,
0,13,5,408092217406,2249058161,1,1,"(0.4735754430294037, 0.4530485272407532)","(0.48108744621276855, 0.45791810750961304)",1,1,2.2810821533203125,2.308380126953125,"(-51.735042572021484, 29.61065101623535, 528.4966430664062)","(10.01031494140625, 26.096080780029297, 529.522705078125)","(-10.749999046325684, 117.40902709960938, 32.091609954833984)","(-8.154417037963867, 116.51966094970703, 31.767881393432617)",POINT (0.4773314446210861 0.4554833173751831),,,,,,,,,,,,,,,,,,,,,,,,,,,,1,
0,13,5,408092234074,2249074828,1,1,"(0.4715564548969269, 0.45644211769104004)","(0.4805819094181061, 0.4605928063392639)",1,1,2.292724609375,2.3175201416015625,"(-51.719085693359375, 29.612926483154297, 528.49951171875)","(10.031966209411621, 26.10091781616211, 529.460205078125)","(-11.447624206542969, 116.78923797607422, 31.865999221801758)","(-8.329100608825684, 116.0311508178711, 31.590091705322266)",POINT (0.4760691821575165 0.458517462015152),,,,,,,,,,,,,,,,,,,,,,,,,,,,1,
0,13,5,408092250740,2249091494,1,1,"(0.46567773818969727, 0.46104684472084045)","(0.4790252447128296, 0.46035534143447876)",1,1,2.301422119140625,2.323638916015625,"(-51.67643737792969, 29.602928161621094, 528.3883056640625)","(10.063254356384277, 26.097122192382812, 529.389404296875)","(-13.478866577148438, 115.94825744628906, 31.559904098510742)","(-8.866968154907227, 116.07454681396484, 31.605886459350586)",POINT (0.4723514914512634 0.4607010930776596),,,,,,,,,,,,,,,,,,,,,,,,,,,,1,
0,13,5,408092267409,2249108161,1,1,"(0.46756115555763245, 0.46525290608406067)","(0.47250160574913025, 0.46640875935554504)",1,1,2.30364990234375,2.3085479736328125,"(-51.63282012939453, 29.583993911743164, 528.3568725585938)","(10.10451602935791, 26.085477828979492, 529.395263671875)","(-12.828094482421875, 115.1800537109375, 31.280317306518555)","(-11.121052742004395, 114.96896362304688, 31.203487396240234)",POINT (0.4700313806533814 0.4658308327198029),,,,,,,,,,,,,,,,,,,,,,,,,,,,1,
0,13,5,408092284083,2249124835,1,1,"(0.4573453664779663, 0.6124089360237122)","(0.4665322005748749, 0.6355947256088257)",1,1,2.348358154296875,2.3628082275390625,"(-51.5264778137207, 29.352447509765625, 528.1865234375)","(10.073504447937012, 25.873796463012695, 529.4356689453125)","(-16.357927322387695, 88.303955078125, 21.498205184936523)","(-13.183633804321289, 84.06938171386719, 19.956954956054688)",POINT (0.4619387835264206 0.6240018308162689),,,,,,,,,,,,,,,,,,,,,,,,,,,,,1
0,13,5,408092300750,2249141501,1,1,"(0.46145278215408325, 0.6221305727958679)","(0.4716128408908844, 0.6409947872161865)",1,1,2.307891845703125,2.3592987060546875,"(-51.49632263183594, 29.302871704101562, 528.2833251953125)","(10.125415802001953, 25.773683547973633, 529.2325439453125)","(-14.93868350982666, 86.5284423828125, 20.851970672607422)","(-11.42814826965332, 83.08311462402344, 19.59799575805664)",POINT (0.4665328115224838 0.6315626800060272),,,,,,,,,,,,,,,,,,,,,,,,,,,,,1
0,13,5,408092317417,2249158168,1,1,"(0.4566705524921417, 0.636786699295044)","(0.47250062227249146, 0.6507747173309326)",1,1,2.3320465087890625,2.358993530273437,"(-51.45504379272461, 29.31488609313965, 528.1967163085938)","(10.209948539733887, 25.770214080810547, 529.2457275390625)","(-16.591087341308594, 83.85169219970703, 19.877729415893555)","(-11.121386528015137, 81.29694366455078, 18.947879791259766)",POINT (0.4645855873823166 0.6437807083129883),,,,,,,,,,,,,,,,,,,,,,,,,,,,,1
0,13,5,408092334083,2249174833,1,1,"(0.4628155827522278, 0.6477028131484985)","(0.46951746940612793, 0.6518546938896179)",1,1,2.346298217773437,2.3477325439453125,"(-51.402801513671875, 29.33869171142578, 528.2137451171875)","(10.266822814941406, 25.780441284179688, 529.2132568359375)","(-14.467811584472656, 81.85798645019531, 19.152074813842773)","(-12.152140617370605, 81.0997085571289, 18.87609100341797)",POINT (0.4661665260791779 0.6497787535190582),,,,,,,,,,,,,,,,,,,,,,,,,,,,,1
0,13,5,408092350749,2249191499,1,1,"(0.4584895372390747, 0.6339435577392578)","(0.47303780913352966, 0.6421374082565308)",1,1,2.33526611328125,2.334564208984375,"(-51.345001220703125, 29.345165252685547, 528.1058349609375)","(10.332419395446777, 25.779603958129883, 529.1724853515625)","(-15.962579727172852, 84.37094116210938, 20.06673240661621)","(-10.935761451721191, 82.87443542480469, 19.52203369140625)",POINT (0.4657636731863022 0.6380404829978943),,,,,,,,,,,,,,,,,,,,,,,,,,,,,1
0,13,5,408092367417,2249208166,1,1,"(0.45749956369400024, 0.6291068196296692)","(0.4771552085876465, 0.6603102684020996)",1,1,2.3098297119140625,2.366806030273437,"(-51.304718017578125, 29.355941772460938, 528.1201171875)","(10.38676643371582, 25.777551651000977, 529.2408447265625)","(-16.304622650146484, 85.25430297851562, 20.388240814208984)","(-9.513113975524902, 79.55540466308594, 18.313995361328125)",POINT (0.4673273861408234 0.6447085440158844),,,,,,,,,,,,,,,,,,,,,,,,,,,,,1
0,13,5,408092384084,2249224833,1,1,"(0.4605337381362915, 0.6424657106399536)","(0.4737188518047333, 0.6569902300834656)",1,1,2.3513336181640625,2.34368896484375,"(-51.263755798339844, 29.345767974853516, 528.11083984375)","(10.43061351776123, 25.751235961914062, 529.1774291992188)","(-15.256243705749512, 82.81448364257812, 19.50021743774414)","(-10.700460433959961, 80.16178894042969, 18.534713745117188)",POINT (0.4671262949705124 0.6497279703617096),,,,,,,,,,,,,,,,,,,,,,,,,,,,,1
0,13,5,408092400751,2249241499,1,1,"(0.4514737129211426, 0.6357574462890625)","(0.47669312357902527, 0.6611204147338867)",1,1,2.3432769775390625,2.34698486328125,"(-51.23210906982422, 29.329849243164062, 528.1466674804688)","(10.472180366516113, 25.724580764770508, 529.23046875)","(-18.38670539855957, 84.0396499633789, 19.946170806884766)","(-9.67277717590332, 79.40745544433594, 18.260141372680664)",POINT (0.4640834182500839 0.6484389305114746),,,,,,,,,,,,,,,,,,,,,,,,,,,,,1
0,13,5,408092417423,2249258171,1,1,"(0.46385282278060913, 0.6318188905715942)","(0.470486044883728, 0.6573222279548645)",1,1,2.3009490966796875,2.360382080078125,"(-51.20463562011719, 29.290666580200195, 528.174072265625)","(10.499631881713867, 25.67482566833496, 529.237548828125)","(-14.109417915344238, 84.75897979736328, 20.207937240600586)","(-11.817469596862793, 80.10115051269531, 18.51264762878418)",POINT (0.4671694338321686 0.6445705592632294),,,,,,,,,,,,,,,,,,,,,,,,,,,,,1
0,13,5,408092434092,2249274838,1,1,"(0.4591768980026245, 0.6254200339317322)","(0.4680165946483612, 0.6586183905601501)",1,1,2.2882232666015625,2.325057983398437,"(-51.19320297241211, 29.24491310119629, 528.208251953125)","(10.521404266357422, 25.628196716308594, 529.2607421875)","(-15.725079536437988, 85.92765045166016, 20.63330841064453)","(-12.670732498168945, 79.86441802978516, 18.42645835876465)",POINT (0.4635967463254929 0.6420192122459412),,,,,,,,,,,,,,,,,,,,,,,,,,,,,1
0,13,5,408092450758,2249291504,1,1,"(0.45895740389823914, 0.6341733932495117)","(0.4728988707065582, 0.661596953868866)",1,1,2.2979736328125,2.317718505859375,"(-51.186912536621094, 29.192970275878906, 528.23388671875)","(10.52791690826416, 25.588733673095703, 529.2911376953125)","(-15.800907135009766, 84.3289566040039, 20.051435470581055)","(-10.983776092529297, 79.3204116821289, 18.228466033935547)",POINT (0.4659281373023987 0.6478851735591888),,,,,,,,,,,,,,,,,,,,,,,,,,,,,1
0,13,5,408092467428,2249308173,1,1,"(0.4638003706932068, 0.6433529257774353)","(0.47287091612815857, 0.655150830745697)",1,1,2.322113037109375,2.331390380859375,"(-51.185646057128906, 29.160053253173828, 528.318603515625)","(10.53370475769043, 25.554088592529297, 529.345703125)","(-14.127546310424805, 82.65245056152344, 19.441242218017578)","(-10.993432998657227, 80.49771118164062, 18.656967163085938)",POINT (0.4683356434106827 0.6492518782615662),,,,,,,,,,,,,,,,,,,,,,,,,,,,,1
0,13,5,408092484095,2249324840,1,1,"(0.46153461933135986, 0.6239084601402283)","(0.47436264157295227, 0.6703310608863831)",1,1,2.2917022705078125,2.359237670898437,"(-51.186920166015625, 29.113174438476562, 528.3736572265625)","(10.532220840454102, 25.50848960876465, 529.3768310546875)","(-14.910422325134277, 86.20372772216797, 20.733789443969727)","(-10.47800350189209, 77.72525024414062, 17.64787483215332)",POINT (0.4679486304521561 0.6471197605133057),,,,,,,,,,,,,,,,,,,,,,,,,,,,,1
0,13,5,408092500759,2249341504,1,1,"(0.4588841199874878, 0.6394086480140686)","(0.47259026765823364, 0.6688674092292786)",1,1,2.306976318359375,2.3679656982421875,"(-51.19049072265625, 29.05194854736328, 528.3834838867188)","(10.52743148803711, 25.45615005493164, 529.431640625)","(-15.826220512390137, 83.37281799316406, 19.703428268432617)","(-11.090415954589844, 77.9925765991211, 17.745174407958984)",POINT (0.4657371938228607 0.6541380286216736),,,,,,,,,,,,,,,,,,,,,,,,,,,,,1
0,13,5,408092517427,2249358171,1,1,"(0.4528547525405884, 0.6146966218948364)","(0.46017953753471375, 0.630218505859375)",1,1,2.347518920898437,2.331146240234375,"(-51.21517562866211, 29.075986862182617, 528.4967041015625)","(10.482610702514648, 25.48534393310547, 529.5804443359375)","(-17.909530639648438, 87.88613891601562, 21.34617042541504)","(-15.37863826751709, 85.05127716064453, 20.314334869384766)",POINT (0.4565171450376511 0.6224575638771057),,,,,,,,,,,,,,,,,,,,,,,,,,,,,1
0,13,5,408092534095,2249374838,1,1,"(0.4401581287384033, 0.4051465690135956)","(0.46778273582458496, 0.420886754989624)",1,1,2.306304931640625,2.34466552734375,"(-51.190223693847656, 29.365262985229492, 528.7740478515625)","(10.3565673828125, 25.759416580200195, 529.847900390625)","(-22.296531677246094, 126.15768432617188, 35.27585983276367)","(-12.75153636932373, 123.2829360961914, 34.22954177856445)",POINT (0.4539704322814941 0.4130166620016098),,,,,,,,,,,,,,,,,,,,,,,,,,,,,
0,13,5,408092550764,2249391507,1,1,"(0.43945246934890747, 0.3339110016822815)","(0.46464723348617554, 0.3542899787425995)",1,1,2.33001708984375,2.3682403564453125,"(-51.163536071777344, 29.510984420776367, 528.9500732421875)","(10.311178207397461, 25.912757873535156, 529.8544311523438)","(-22.540361404418945, 139.1679229736328, 40.01118469238281)","(-13.834932327270508, 135.4459686279297, 38.656532287597656)",POINT (0.4520498514175415 0.3441004902124405),,,,,,,,,,,,,,,,,,,,,,,,,,,,1,
0,13,5,408092567432,2249408174,1,1,"(0.44240206480026245, 0.3336356580257416)","(0.4576444625854492, 0.34028592705726624)",1,1,2.337371826171875,2.351715087890625,"(-51.18195343017578, 29.451129913330078, 528.9882202148438)","(10.341964721679688, 25.877946853637695, 530.0665283203125)","(-21.52119255065918, 139.21820068359375, 40.029510498046875)","(-16.254554748535156, 138.00363159179688, 39.587432861328125)",POINT (0.4500232636928558 0.3369607925415039),,,,,,,,,,,,,,,,,,,,,,,,,,,,1,
0,13,5,408092584098,2249424840,1,1,"(0.4434918165206909, 0.31766608357429504)","(0.4610164761543274, 0.33187130093574524)",1,1,2.3480224609375,2.349700927734375,"(-51.20598602294922, 29.425586700439453, 529.181884765625)","(10.368556022644043, 25.835540771484375, 530.12841796875)","(-21.144657135009766, 142.1348419189453, 41.09104919433594)","(-15.089432716369629, 139.5404510498047, 40.14677047729492)",POINT (0.4522541463375092 0.3247686922550201),,,,,,,,,,,,,,,,,,,,,,,,,,,,1,
0,13,5,408092600765,2249441507,1,1,"(0.4471682906150818, 0.32077664136886597)","(0.457783967256546, 0.3338361382484436)",1,1,2.34259033203125,2.34722900390625,"(-51.206451416015625, 29.42153549194336, 529.2291259765625)","(10.38612174987793, 25.81389617919922, 530.1747436523438)","(-19.874340057373047, 141.5667266845703, 40.88428497314453)","(-16.20636749267578, 139.1815948486328, 40.016178131103516)",POINT (0.4524761289358139 0.3273063898086548),,,,,,,,,,,,,,,,,,,,,,,,,,,,1,
0,13,5,408092617436,2249458176,1,1,"(0.440498411655426, 0.3276306986808777)","(0.4570568799972534, 0.3422377407550812)",1,1,2.3484649658203125,2.348251342773437,"(-51.210235595703125, 29.406484603881836, 529.2911376953125)","(10.404794692993164, 25.788467407226562, 530.2753295898438)","(-22.1789608001709, 140.31492614746094, 40.428688049316406)","(-16.457597732543945, 137.6471405029297, 39.457679748535156)",POINT (0.4487776458263397 0.3349342197179794),,,,,,,,,,,,,,,,,,,,,,,,,,,,1,
0,13,5,408092634102,2249474842,1,1,"(0.4485566020011902, 0.32835981249809265)","(0.4537931978702545, 0.3352014422416687)",1,1,2.346832275390625,2.3518829345703125,"(-51.22279357910156, 29.406394958496094, 529.3677978515625)","(10.408182144165039, 25.77518081665039, 530.4002075195312)","(-19.3946475982666, 140.18177795410156, 40.38019943237305)","(-17.585269927978516, 138.93223571777344, 39.9254150390625)",POINT (0.4511748999357224 0.3317806273698807),,,,,,,,,,,,,,,,,,,,,,,,,,,,1,
0,13,5,408092650770,2249491509,1,1,"(0.44887855648994446, 0.32770848274230957)","(0.45459166169166565, 0.3376087248325348)",1,1,2.3684234619140625,2.36212158203125,"(-51.24822998046875, 29.399669647216797, 529.4345703125)","(10.399044036865234, 25.76137924194336, 530.4393310546875)","(-19.283397674560547, 140.3007354736328, 40.42348861694336)","(-17.309385299682617, 138.49258422851562, 39.765384674072266)",POINT (0.451735109090805 0.3326586037874222),,,,,,,,,,,,,,,,,,,,,,,,,,,,1,
0,13,5,408092667437,2249508176,1,1,"(0.446224570274353, 0.32821032404899597)","(0.45721328258514404, 0.33811983466148376)",1,1,2.3569793701171875,2.3638458251953125,"(-51.279022216796875, 29.397804260253906, 529.5548706054688)","(10.381759643554688, 25.75664520263672, 530.525390625)","(-20.200422286987305, 140.2090606689453, 40.390159606933594)","(-16.40354347229004, 138.39923095703125, 39.73138427734375)",POINT (0.4517189264297485 0.3331650793552399),,,,,,,,,,,,,,,,,,,,,,,,,,,,1,
0,13,5,408092684108,2249524846,1,1,"(0.44365009665489197, 0.3341064453125)","(0.45787638425827026, 0.33961716294288635)",1,1,2.346588134765625,2.3692626953125,"(-51.309268951416016, 29.375621795654297, 529.613525390625)","(10.360328674316406, 25.746021270751953, 530.5889282226562)","(-21.089967727661133, 139.13223266601562, 39.9981803894043)","(-16.1744327545166, 138.12576293945312, 39.63187789916992)",POINT (0.4507632404565811 0.3368618041276932),,,,,,,,,,,,,,,,,,,,,,,,,,,,1,
0,13,5,408092700775,2249541513,1,1,"(0.44175955653190613, 0.3296442925930023)","(0.4536548852920532, 0.3359193205833435)",1,1,2.3710479736328125,2.362167358398437,"(-51.33427429199219, 29.3492431640625, 529.627197265625)","(10.336441040039062, 25.73040199279785, 530.5972900390625)","(-21.743202209472656, 139.94717407226562, 40.2947998046875)","(-17.633058547973633, 138.80113220214844, 39.877681732177734)",POINT (0.4477072209119797 0.3327818065881729),,,,,,,,,,,,,,,,,,,,,,,,,,,,1,
0,13,5,408092717441,2249558178,1,1,"(0.44301849603652954, 0.3296678960323334)","(0.45585259795188904, 0.3438296914100647)",1,1,2.353378295898437,2.366912841796875,"(-51.35722351074219, 29.326196670532227, 529.6466064453125)","(10.317554473876953, 25.712648391723633, 530.62939453125)","(-21.308198928833008, 139.94287109375, 40.29323959350586)","(-16.873703002929688, 137.3563995361328, 39.35184097290039)",POINT (0.4494355469942093 0.336748793721199),,,,,,,,,,,,,,,,,,,,,,,,,,,,1,
0,13,5,408092734107,2249574844,1,1,"(0.4449072778224945, 0.32652491331100464)","(0.45464709401130676, 0.34716761112213135)",1,1,2.3560943603515625,2.3605499267578125,"(-51.377159118652344, 29.31578826904297, 529.73095703125)","(10.308048248291016, 25.702959060668945, 530.67626953125)","(-20.65558624267578, 140.5168914794922, 40.502193450927734)","(-17.29023551940918, 136.7467803955078, 39.129966735839844)",POINT (0.4497771859169006 0.336846262216568),,,,,,,,,,,,,,,,,,,,,,,,,,,,1,
0,13,5,408092750775,2249591511,1,1,"(0.44806787371635437, 0.32705140113830566)","(0.4556003510951996, 0.34384599328041077)",1,1,2.3645782470703125,2.375732421875,"(-51.38418197631836, 29.303936004638672, 529.7926025390625)","(10.307613372802734, 25.690292358398438, 530.7076416015625)","(-19.563514709472656, 140.4207305908203, 40.46717834472656)","(-16.96086311340332, 137.35342407226562, 39.35076904296875)",POINT (0.451834112405777 0.3354486972093582),,,,,,,,,,,,,,,,,,,,,,,,,,,,1,
0,13,5,408092767441,2249608177,1,1,"(0.4476342797279358, 0.3359247148036957)","(0.45481252670288086, 0.3492870032787323)",1,1,2.368072509765625,2.3638458251953125,"(-51.38869857788086, 29.27852439880371, 529.8865966796875)","(10.302665710449219, 25.658864974975586, 530.8480224609375)","(-19.713329315185547, 138.80014038085938, 39.87731170654297)","(-17.233081817626953, 136.35971069335938, 38.98907470703125)",POINT (0.4512234032154083 0.342605859041214),,,,,,,,,,,,,,,,,,,,,,,,,,,,1,
0,13,5,408092784110,2249624844,1,1,"(0.4288923144340515, 0.4195389747619629)","(0.4365614354610443, 0.42066773772239685)",1,1,2.3353271484375,2.33306884765625,"(-51.37153625488281, 29.137937545776367, 529.978515625)","(10.253713607788086, 25.51054573059082, 531.0689697265625)","(-26.18916130065918, 123.52910614013672, 34.31910705566406)","(-23.539281845092773, 123.32295227050781, 34.24409484863281)",POINT (0.4327268749475479 0.4201033562421799),,,,,,,,,,,,,,,,,,,,,,,,,,,,,
0,13,5,408092800779,2249641513,1,1,"(0.42688605189323425, 0.39347490668296814)","(0.44304800033569336, 0.4026870131492615)",1,1,2.332260131835937,2.334320068359375,"(-51.36772918701172, 29.123085021972656, 530.0177001953125)","(10.292274475097656, 25.503896713256836, 531.287109375)","(-26.88238525390625, 128.28936767578125, 36.051700592041016)","(-21.298002243041992, 126.60688781738281, 35.439353942871094)",POINT (0.4349670261144638 0.3980809599161148),,,,,,,,,,,,,,,,,,,,,,,,,,,,,
0,13,5,408092817451,2249658184,1,1,"(0.43103623390197754, 0.40697088837623596)","(0.43981096148490906, 0.412532776594162)",1,1,2.3313140869140625,2.3220672607421875,"(-51.351905822753906, 29.13787078857422, 530.036865234375)","(10.31976318359375, 25.518108367919922, 531.2785034179688)","(-25.44838523864746, 125.8244857788086, 35.154598236083984)","(-22.41649055480957, 124.80870056152344, 34.78483581542969)",POINT (0.4354235976934433 0.409751832485199),,,,,,,,,,,,,,,,,,,,,,,,,,,,,
0,13,5,408092834118,2249674851,1,1,"(0.43154004216194153, 0.40323248505592346)","(0.4376571774482727, 0.42056888341903687)",1,1,2.3202362060546875,2.322235107421875,"(-51.332054138183594, 29.135334014892578, 530.0950927734375)","(10.353286743164062, 25.505542755126953, 531.26953125)","(-25.274290084838867, 126.50726318359375, 35.403099060058594)","(-23.16068458557129, 123.34100341796875, 34.25065994262695)",POINT (0.4345986098051071 0.4119006842374802),,,,,,,,,,,,,,,,,,,,,,,,,,,,,
0,13,5,408092850785,2249691517,1,1,"(0.4302314817905426, 0.40105077624320984)","(0.432850182056427, 0.4230208694934845)",1,1,2.3052520751953125,2.32281494140625,"(-51.31140899658203, 29.134937286376953, 530.1298217773438)","(10.388422966003418, 25.499887466430664, 531.3544921875)","(-25.726438522338867, 126.90573120117188, 35.54812240600586)","(-24.82162094116211, 122.8931884765625, 34.08767318725586)",POINT (0.4315408319234848 0.4120358228683472),,,,,,,,,,,,,,,,,,,,,,,,,,,,,
0,13,5,408092867453,2249708185,1,1,"(0.4337177574634552, 0.4064737558364868)","(0.43616369366645813, 0.43772703409194946)",1,1,2.3197784423828125,2.34771728515625,"(-51.28509521484375, 29.1322078704834, 530.141845703125)","(10.41804313659668, 25.48311996459961, 531.33837890625)","(-24.521839141845703, 125.91529083251953, 35.18760681152344)","(-23.676715850830078, 120.2072982788086, 33.11009216308594)",POINT (0.4349407255649567 0.4221003949642181),,,,,,,,,,,,,,,,,,,,,,,,,,,,,
0,13,5,408092884120,2249724851,1,1,"(0.43696555495262146, 0.4112851321697235)","(0.43747079372406006, 0.4311668872833252)",1,1,2.3094940185546875,2.33477783203125,"(-51.265865325927734, 29.138534545898438, 530.16845703125)","(10.437822341918945, 25.464759826660156, 531.2985229492188)","(-23.39964485168457, 125.03655242919922, 34.867801666259766)","(-23.22509002685547, 121.40542602539062, 33.546173095703125)",POINT (0.4372181743383408 0.4212260097265244),,,,,,,,,,,,,,,,,,,,,,,,,,,,,
0,13,5,408092900786,2249741517,1,1,"(0.43545275926589966, 0.41006699204444885)","(0.4424709975719452, 0.42348793148994446)",1,1,2.310409545898437,2.3260650634765625,"(-51.237518310546875, 29.143714904785156, 530.2369384765625)","(10.464227676391602, 25.45284652709961, 531.2664794921875)","(-23.922348022460938, 125.259033203125, 34.948768615722656)","(-21.49736976623535, 122.80787658691406, 34.05662155151367)",POINT (0.4389618784189224 0.4167774617671967),,,,,,,,,,,,,,,,,,,,,,,,,,,,,
0,13,5,408092917455,2249758185,1,1,"(0.432585746049881, 0.40547749400138855)","(0.4428080916404724, 0.4396633207798004)",1,1,2.3218536376953125,2.35906982421875,"(-51.206443786621094, 29.147966384887695, 530.2894287109375)","(10.493692398071289, 25.44744110107422, 531.1949462890625)","(-24.912994384765625, 126.09724426269531, 35.25386428833008)","(-21.38090705871582, 119.85365295410156, 32.98139190673828)",POINT (0.4376969188451767 0.4225704073905945),,,,,,,,,,,,,,,,,,,,,,,,,,,,,
0,13,5,408092934128,2249774858,1,1,"(0.4306494891643524, 0.40628015995025635)","(0.4441651403903961, 0.4233473837375641)",1,1,2.3117828369140625,2.3402252197265625,"(-51.17306900024414, 29.15622329711914, 530.3023681640625)","(10.52534294128418, 25.443073272705078, 531.1237182617188)","(-25.582012176513672, 125.9506607055664, 35.20050048828125)","(-20.912010192871094, 122.83354949951172, 34.065956115722656)",POINT (0.4374073147773743 0.4148137718439102),,,,,,,,,,,,,,,,,,,,,,,,,,,,,
0,13,5,408092950797,2249791525,1,1,"(0.43055856227874756, 0.40354377031326294)","(0.44568124413490295, 0.42293429374694824)",1,1,2.333114624023437,2.3561248779296875,"(-51.139305114746094, 29.161548614501953, 530.3396606445312)","(10.568829536437988, 25.45441436767578, 531.2476806640625)","(-25.613420486450195, 126.45040893554688, 35.38240432739258)","(-20.38816261291504, 122.90899658203125, 34.09343719482422)",POINT (0.4381199032068253 0.4132390320301056),,,,,,,,,,,,,,,,,,,,,,,,,,,,,
0,13,5,408092967463,2249808191,1,1,"(0.42824745178222656, 0.40896350145339966)","(0.44797709584236145, 0.42293304204940796)",1,1,2.3319244384765625,2.330963134765625,"(-51.10620880126953, 29.160659790039062, 530.3849487304688)","(10.60603141784668, 25.44303321838379, 531.246826171875)","(-26.411968231201172, 125.46057891845703, 35.02212142944336)","(-19.594892501831055, 122.90922546386719, 34.093509674072266)",POINT (0.438112273812294 0.4159482717514038),,,,,,,,,,,,,,,,,,,,,,,,,,,,,
0,13,5,408092984130,2249824858,1,1,"(0.42716771364212036, 0.4038093090057373)","(0.444629043340683, 0.42994919419288635)",1,1,2.32415771484375,2.327880859375,"(-51.0676383972168, 29.159107208251953, 530.3831787109375)","(10.639033317565918, 25.433773040771484, 531.198486328125)","(-26.785053253173828, 126.40193176269531, 35.364723205566406)","(-20.75172233581543, 121.62782287597656, 33.62711715698242)",POINT (0.4358983784914017 0.4168792515993118),,,,,,,,,,,,,,,,,,,,,,,,,,,,,
0,13,5,408093000798,2249841525,1,1,"(0.4208180606365204, 0.42845019698143005)","(0.42997270822525024, 0.45373407006263733)",1,1,2.3312225341796875,2.33123779296875,"(-51.044151306152344, 29.12877655029297, 530.4169921875)","(10.6422700881958, 25.379451751708984, 531.1126708984375)","(-28.97901725769043, 121.9015884399414, 33.72676467895508)","(-25.81585121154785, 117.2838134765625, 32.046024322509766)",POINT (0.4253953844308853 0.4410921335220337),,,,,,,,,,,,,,,,,,,,,,,,,,,,,
0,13,5,408093017464,2249858191,1,1,"(0.4259045422077179, 0.4253828525543213)","(0.4346452057361603, 0.4483283758163452)",1,1,2.294219970703125,2.3466949462890625,"(-51.00551223754883, 29.111309051513672, 530.399658203125)","(10.692859649658203, 25.36412239074707, 531.2127685546875)","(-27.221498489379883, 122.46179962158203, 33.93064880371094)","(-24.201385498046875, 118.2710952758789, 32.40537643432617)",POINT (0.4302748739719391 0.4368556141853332),,,,,,,,,,,,,,,,,,,,,,,,,,,,,
0,13,5,408093034132,2249874858,1,1,"(0.42374056577682495, 0.4246729910373688)","(0.43302831053733826, 0.4462333619594574)",1,1,2.314453125,2.312362670898437,"(-50.96464538574219, 29.118732452392578, 530.4061279296875)","(10.744840621948242, 25.373859405517578, 531.3360595703125)","(-27.969221115112305, 122.5914535522461, 33.97783660888672)","(-24.76007843017578, 118.65373229980469, 32.544620513916016)",POINT (0.4283844381570816 0.4354531764984131),,,,,,,,,,,,,,,,,,,,,,,,,,,,,
0,13,5,408093050800,2249891525,1,1,"(0.4268706142902374, 0.42981216311454773)","(0.4296025335788727, 0.44779473543167114)",1,1,2.3227996826171875,2.3280487060546875,"(-50.92130661010742, 29.125226974487305, 530.4127197265625)","(10.791255950927734, 25.371963500976562, 531.3037109375)","(-26.88768768310547, 121.65283203125, 33.6362190246582)","(-25.943750381469727, 118.36856079101562, 32.440826416015625)",POINT (0.428236573934555 0.4388034492731094),,,,,,,,,,,,,,,,,,,,,,,,,,,,,
0,13,5,408093067468,2249908193,1,1,"(0.4301028251647949, 0.4289837181568146)","(0.4313758909702301, 0.4551342725753784)",1,1,2.308013916015625,2.3177490234375,"(-50.86698913574219, 29.137954711914062, 530.429931640625)","(10.845756530761719, 25.37676429748535, 531.32568359375)","(-25.770891189575195, 121.80414581298828, 33.691314697265625)","(-25.331016540527344, 117.0280990600586, 31.952953338623047)",POINT (0.4307393580675125 0.4420589953660965),,,,,,,,,,,,,,,,,,,,,,,,,,,,,
0,13,5,408093084136,2249924860,1,1,"(0.4207777678966522, 0.42616474628448486)","(0.4335121214389801, 0.45012587308883667)",1,1,2.2848052978515625,2.29791259765625,"(-50.81786346435547, 29.147274017333984, 530.437744140625)","(10.899698257446289, 25.378631591796875, 531.3712768554688)","(-28.99294090270996, 122.31900024414062, 33.878665924072266)","(-24.5928897857666, 117.94281005859375, 32.285865783691406)",POINT (0.4271449446678162 0.4381453096866608),,,,,,,,,,,,,,,,,,,,,,,,,,,,,
0,13,5,408093100802,2249941526,1,1,"(0.42510032653808594, 0.43325331807136536)","(0.431039422750473, 0.4526497721672058)",1,1,2.3090362548828125,2.327011108398437,"(-50.7610969543457, 29.15548324584961, 530.4078979492188)","(10.956655502319336, 25.369386672973633, 531.3850708007812)","(-27.4993839263916, 121.02436828613281, 33.40746307373047)","(-25.44727325439453, 117.48184967041016, 32.11810302734375)",POINT (0.4280698746442795 0.4429515451192856),,,,,,,,,,,,,,,,,,,,,,,,,,,,,
0,13,5,408093117470,2249958193,1,1,"(0.42098352313041687, 0.41965240240097046)","(0.4346630573272705, 0.45047029852867126)",1,1,2.299179077148437,2.315216064453125,"(-50.70313262939453, 29.16246795654297, 530.4014282226562)","(11.011063575744629, 25.359956741333008, 531.3129272460938)","(-28.92185401916504, 123.50837707519531, 34.311614990234375)","(-24.195219039916992, 117.8799057006836, 32.26297378540039)",POINT (0.4278232902288437 0.4350613504648209),,,,,,,,,,,,,,,,,,,,,,,,,,,,,
0,13,5,408093134138,2249974860,1,1,"(0.4263179898262024, 0.4257826507091522)","(0.42898160219192505, 0.4567244052886963)",1,1,2.322479248046875,2.33428955078125,"(-50.6568489074707, 29.178180694580078, 530.408935546875)","(11.06511116027832, 25.362558364868164, 531.3502197265625)","(-27.078655242919922, 122.38878631591797, 33.904090881347656)","(-26.158302307128906, 116.73768615722656, 31.84723663330078)",POINT (0.4276497960090637 0.4412535279989243),,,,,,,,,,,,,,,,,,,,,,,,,,,,,
0,13,5,408093150804,2249991526,1,1,"(0.4195704460144043, 0.43859025835990906)","(0.4307200312614441, 0.4565185010433197)",1,1,2.293914794921875,2.31158447265625,"(-50.611907958984375, 29.197307586669922, 530.4473876953125)","(11.112215042114258, 25.360170364379883, 531.4033813476562)","(-29.410097122192383, 120.04965209960938, 33.05268859863281)","(-25.55763053894043, 116.77527618408203, 31.860925674438477)",POINT (0.4251452386379242 0.4475543797016144),,,,,,,,,,,,,,,,,,,,,,,,,,,,,
0,13,5,408093167472,2250008193,1,1,"(0.4253506660461426, 0.42583128809928894)","(0.43073126673698425, 0.45701971650123596)",1,1,2.29608154296875,2.32598876953125,"(-50.57588195800781, 29.212841033935547, 530.49267578125)","(11.148849487304688, 25.362150192260742, 531.41015625)","(-27.412887573242188, 122.3799057006836, 33.900840759277344)","(-25.553754806518555, 116.68374633789062, 31.82761001586914)",POINT (0.4280409663915634 0.4414255023002624),,,,,,,,,,,,,,,,,,,,,,,,,,,,,
0,13,5,408093184139,2250024860,1,1,"(0.4250076711177826, 0.42970001697540283)","(0.43456435203552246, 0.4515373706817627)",1,1,2.292724609375,2.3123016357421875,"(-50.549560546875, 29.229581832885742, 530.4641723632812)","(11.175792694091797, 25.372549057006836, 531.42529296875)","(-27.531396865844727, 121.6733169555664, 33.64366912841797)","(-24.22933006286621, 117.68502807617188, 32.192047119140625)",POINT (0.4297860115766525 0.4406186938285828),,,,,,,,,,,,,,,,,,,,,,,,,,,,,
0,13,5,408093200813,2250041533,1,1,"(0.4232413172721863, 0.4389280378818512)","(0.4290405213832855, 0.4534625709056854)",1,1,2.3248291015625,2.3129425048828125,"(-50.53031921386719, 29.245439529418945, 530.4669799804688)","(11.190608024597168, 25.378801345825195, 531.3935546875)","(-28.141712188720703, 119.98795318603516, 33.03022766113281)","(-26.137943267822266, 117.33341217041016, 32.06407928466797)",POINT (0.4261409193277359 0.4461953043937683),,,,,,,,,,,,,,,,,,,,,,,,,,,,,
0,13,5,408093217480,2250058199,1,1,"(0.42216598987579346, 0.4370379149913788)","(0.4324173629283905, 0.4527679979801178)",1,1,2.3150634765625,2.331527709960937,"(-50.52269744873047, 29.24580955505371, 530.419677734375)","(11.195392608642578, 25.387311935424805, 531.4249267578125)","(-28.51327133178711, 120.3331527709961, 33.1558837890625)","(-24.971168518066406, 117.46026611328125, 32.110225677490234)",POINT (0.427291676402092 0.4449029564857483),,,,,,,,,,,,,,,,,,,,,,,,,,,,,
0,13,5,408093234147,2250074866,1,1,"(0.4208047688007355, 0.4272460341453552)","(0.4257083833217621, 0.4498635232448578)",1,1,2.306365966796875,2.32305908203125,"(-50.53284454345703, 29.24948501586914, 530.4505615234375)","(11.192365646362305, 25.39826202392578, 531.4249877929688)","(-28.983612060546875, 122.12152862548828, 33.80678939819336)","(-27.289283752441406, 117.99071502685547, 32.303321838378906)",POINT (0.4232565760612488 0.4385547786951065),,,,,,,,,,,,,,,,,,,,,,,,,,,,,
0,13,5,408093250815,2250091533,1,1,"(0.4230777323246002, 0.42885273694992065)","(0.4331384301185608, 0.44825226068496704)",1,1,2.3021240234375,2.3186187744140625,"(-50.55531311035156, 29.245956420898438, 530.4948120117188)","(11.17245864868164, 25.40148162841797, 531.3863525390625)","(-28.1982421875, 121.82807159423828, 33.699981689453125)","(-24.72201919555664, 118.2850112915039, 32.41040802001953)",POINT (0.4281080812215805 0.4385524988174438),,,,,,,,,,,,,,,,,,,,,,,,,,,,,
0,13,5,408093267481,2250108199,1,1,"(0.4219830632209778, 0.44715607166290283)","(0.4327523410320282, 0.4626988172531128)",1,1,2.296371459960937,2.3057861328125,"(-50.562599182128906, 29.22526741027832, 530.4627685546875)","(11.154182434082031, 25.393756866455078, 531.3320922851562)","(-28.57647705078125, 118.48519897460938, 32.48331069946289)","(-24.85542106628418, 115.64653015136719, 31.45009994506836)",POINT (0.427367702126503 0.4549274444580078),,,,,,,,,,,,,,,,,,,,,,,,,,,,,
0,13,5,408093284149,2250124866,1,1,"(0.4230903089046478, 0.4403039813041687)","(0.42976507544517517, 0.4544280469417572)",1,1,2.2946929931640625,2.3031768798828125,"(-50.577232360839844, 29.232913970947266, 530.4046630859375)","(11.144392967224121, 25.411724090576172, 531.2775268554688)","(-28.193893432617188, 119.73665618896484, 32.938777923583984)","(-25.88759994506836, 117.1570816040039, 31.99989891052246)",POINT (0.4264276921749115 0.447366014122963),,,,,,,,,,,,,,,,,,,,,,,,,,,,,
0,13,5,408093300817,2250141533,1,1,"(0.4314245581626892, 0.439216285943985)","(0.430162638425827, 0.4597393870353699)",1,1,2.3037109375,2.3150177001953125,"(-50.59437561035156, 29.25779151916504, 530.4010620117188)","(11.134117126464844, 25.434043884277344, 531.20703125)","(-25.3142032623291, 119.93529510498047, 33.0111198425293)","(-25.750234603881836, 116.1870346069336, 31.646831512451172)",POINT (0.4307935982942581 0.4494778364896774),,,,,,,,,,,,,,,,,,,,,,,,,,,,,
0,13,5,408093317483,2250158199,1,1,"(0.42155566811561584, 0.44264185428619385)","(0.42840102314949036, 0.46126124262809753)",1,1,2.2933349609375,2.3212127685546875,"(-50.601932525634766, 29.276996612548828, 530.3120727539062)","(11.129034042358398, 25.45307159423828, 531.183837890625)","(-28.724159240722656, 119.3096694946289, 32.783382415771484)","(-26.358903884887695, 115.9090805053711, 31.54566192626953)",POINT (0.4249783456325531 0.4519515484571457),,,,,,,,,,,,,,,,,,,,,,,,,,,,,
0,13,5,408093334153,2250174868,1,1,"(0.4234067499637604, 0.43685686588287354)","(0.4263514578342438, 0.4634464979171753)",1,1,2.277816772460937,2.303955078125,"(-50.60051727294922, 29.297637939453125, 530.2574462890625)","(11.131302833557129, 25.475467681884766, 531.1050415039062)","(-28.084564208984375, 120.36621856689453, 33.16793441772461)","(-27.067081451416016, 115.50996398925781, 31.40040397644043)",POINT (0.4248791038990021 0.4501516819000244),,,,,,,,,,,,,,,,,,,,,,,,,,,,,
0,13,5,408093350819,2250191534,1,1,"(0.4226594567298889, 0.4372324049472809)","(0.43143215775489807, 0.46028727293014526)",1,1,2.303329467773437,2.3017578125,"(-50.605979919433594, 29.30513572692871, 530.193603515625)","(11.129067420959473, 25.487651824951172, 531.0430908203125)","(-28.3427677154541, 120.2976303100586, 33.142974853515625)","(-25.31159019470215, 116.08697509765625, 31.610416412353516)",POINT (0.4270458072423935 0.4487598389387131),,,,,,,,,,,,,,,,,,,,,,,,,,,,,
0,13,5,408093367487,2250208201,1,1,"(0.41924023628234863, 0.4361507296562195)","(0.4277350902557373, 0.45936357975006104)",1,1,2.2900848388671875,2.300933837890625,"(-50.60481262207031, 29.315433502197266, 530.115478515625)","(11.131381034851074, 25.501373291015625, 531.0347900390625)","(-29.524194717407227, 120.49518585205078, 33.21485900878906)","(-26.58901023864746, 116.25566864013672, 31.671817779541016)",POINT (0.423487663269043 0.4477571547031403),,,,,,,,,,,,,,,,,,,,,,,,,,,,,
0,13,5,408093384155,2250224868,1,1,"(0.42649123072624207, 0.44120270013809204)","(0.4295136630535126, 0.4546286165714264)",1,1,2.306182861328125,2.31378173828125,"(-50.603271484375, 29.31985092163086, 530.022216796875)","(11.126119613647461, 25.511131286621094, 530.9961547851562)","(-27.018798828125, 119.572509765625, 32.87904739379883)","(-25.974462509155273, 117.12045288085938, 31.986553192138672)",POINT (0.4280024468898773 0.4479156583547592),,,,,,,,,,,,,,,,,,,,,,,,,,,,,
0,13,5,408093400821,2250241534,1,1,"(0.42769235372543335, 0.4329054653644562)","(0.43040576577186584, 0.4554147720336914)",1,1,2.28826904296875,2.311065673828125,"(-50.61157989501953, 29.342418670654297, 529.987548828125)","(11.115961074829102, 25.523542404174805, 530.926025390625)","(-26.603759765625, 121.08788299560547, 33.43060302734375)","(-25.66621971130371, 116.97686767578125, 31.934297561645508)",POINT (0.4290490597486496 0.4441601186990738),,,,,,,,,,,,,,,,,,,,,,,,,,,,,
0,13,5,408093417488,2250258201,1,1,"(0.4237065613269806, 0.43518468737602234)","(0.4282708168029785, 0.4585702121257782)",1,1,2.291259765625,2.2981719970703125,"(-50.628448486328125, 29.36427879333496, 529.9690551757812)","(11.106616973876953, 25.54385757446289, 530.9261474609375)","(-27.98095703125, 120.67161560058594, 33.279090881347656)","(-26.403898239135742, 116.40055847167969, 31.72455596923828)",POINT (0.4259886890649796 0.4468774497509003),,,,,,,,,,,,,,,,,,,,,,,,,,,,,
0,13,5,408093434155,2250274867,1,1,"(0.41880297660827637, 0.43868133425712585)","(0.42828473448753357, 0.44720426201820374)",1,1,2.2924957275390625,2.2826080322265625,"(-50.634368896484375, 29.38534164428711, 529.95947265625)","(11.095514297485352, 25.55583381652832, 530.8170776367188)","(-29.675273895263672, 120.03300476074219, 33.04664993286133)","(-26.399093627929688, 118.47640991210938, 32.48009490966797)",POINT (0.423543855547905 0.4429427981376648),,,,,,,,,,,,,,,,,,,,,,,,,,,,,
0,13,5,408093450823,2250291535,1,1,"(0.4610280394554138, 0.45183122158050537)","(0.4718815088272095, 0.4438205063343048)",1,1,2.2990264892578125,2.296859741210937,"(-50.505348205566406, 29.381975173950195, 529.9171142578125)","(11.205607414245605, 25.591529846191406, 531.181640625)","(-15.085453033447266, 117.63135528564453, 32.17251205444336)","(-11.335319519042969, 119.09440612792969, 32.70503234863281)",POINT (0.4664547741413116 0.4478258639574051),,,,,,,,,,,,,,,,,,,,,,,,,,,,,
0,13,5,408093467496,2250308207,1,1,"(0.46206873655319214, 0.4387616217136383)","(0.47403860092163086, 0.4362694025039673)",1,1,2.29547119140625,2.285614013671875,"(-50.483070373535156, 29.399885177612305, 529.880615234375)","(11.217597961425781, 25.60615348815918, 531.1658935546875)","(-14.725870132446289, 120.0183334350586, 33.04130935668945)","(-10.589980125427246, 120.47350311279297, 33.206974029541016)",POINT (0.4680536687374115 0.4375155121088028),,,,,,,,,,,,,,,,,,,,,,,,,,,,,
0,13,5,408093484163,2250324873,1,1,"(0.4628826677799225, 0.43512219190597534)","(0.4670008420944214, 0.44370147585868835)",1,1,2.28082275390625,2.2738494873046875,"(-50.50849914550781, 29.38671875, 529.8531494140625)","(11.202409744262695, 25.609403610229492, 531.1588134765625)","(-14.444636344909668, 120.68302917480469, 33.28325271606445)","(-13.021702766418457, 119.11613464355469, 32.712947845458984)",POINT (0.4649417549371719 0.4394118338823318),,,,,,,,,,,,,,,,,,,,,,,,,,,,,
0,13,5,408093500831,2250341541,1,1,"(0.4583075940608978, 0.4351767897605896)","(0.46662360429763794, 0.45264002680778503)",1,1,2.267425537109375,2.27410888671875,"(-50.518463134765625, 29.390012741088867, 529.8438720703125)","(11.199230194091797, 25.613492965698242, 531.1351928710938)","(-16.025434494018555, 120.6730728149414, 33.27959442138672)","(-13.152046203613281, 117.48362731933594, 32.11875534057617)",POINT (0.4624655991792679 0.4439084082841873),,,,,,,,,,,,,,,,,,,,,,,,,,,,,
0,13,5,408093517498,2250358207,1,1,"(0.462555855512619, 0.43904414772987366)","(0.46921488642692566, 0.44412466883659363)",1,1,2.270355224609375,2.2788543701171875,"(-50.525245666503906, 29.385513305664062, 529.8349609375)","(11.192813873291016, 25.598941802978516, 531.0965576171875)","(-14.5575590133667, 119.96674346923828, 33.022525787353516)","(-12.256695747375488, 119.03884887695312, 32.68482971191406)",POINT (0.4658853709697723 0.4415844082832336),,,,,,,,,,,,,,,,,,,,,,,,,,,,,
0,13,5,408093534166,2250374874,1,1,"(0.4660412073135376, 0.43764689564704895)","(0.47139498591423035, 0.45561012625694275)",1,1,2.2521209716796875,2.2850341796875,"(-50.531166076660156, 29.39155387878418, 529.8264770507812)","(11.191461563110352, 25.596445083618164, 531.0804443359375)","(-13.353269577026367, 120.22193908691406, 33.11540985107422)","(-11.503406524658203, 116.9411849975586, 31.921316146850586)",POINT (0.468718096613884 0.4466285109519958),,,,,,,,,,,,,,,,,,,,,,,,,,,,,
0,13,5,408093550832,2250391540,1,1,"(0.46343275904655457, 0.444049596786499)","(0.4736299514770508, 0.44574907422065735)",1,1,2.2615966796875,2.270492553710937,"(-50.53386688232422, 29.395553588867188, 529.8096923828125)","(11.18612289428711, 25.592573165893555, 531.0418701171875)","(-14.254560470581055, 119.05256652832031, 32.689788818359375)","(-10.731183052062988, 118.74217987060547, 32.57683563232422)",POINT (0.4685313552618027 0.4448993355035782),,,,,,,,,,,,,,,,,,,,,,,,,,,,,
0,13,5,408093567500,2250408207,1,1,"(0.4582839012145996, 0.43140631914138794)","(0.4725879728794098, 0.4452522397041321)",1,1,2.2532196044921875,2.255767822265625,"(-50.527076721191406, 29.392040252685547, 529.7951049804688)","(11.188544273376465, 25.597286224365234, 531.0103759765625)","(-16.03362464904785, 121.36167907714844, 33.53025817871094)","(-11.091209411621094, 118.83291625976562, 32.60983657836914)",POINT (0.4654359370470047 0.43832927942276),,,,,,,,,,,,,,,,,,,,,,,,,,,,,
0,13,5,408093584167,2250424874,1,1,"(0.459413081407547, 0.44276201725006104)","(0.47745177149772644, 0.44479212164878845)",1,1,2.274566650390625,2.2563934326171875,"(-50.51629638671875, 29.392566680908203, 529.7728271484375)","(11.192480087280273, 25.594165802001953, 530.9945678710938)","(-15.643464088439941, 119.28771209716797, 32.775390625)","(-9.410634994506836, 118.91693878173828, 32.64046096801758)",POINT (0.4684324264526367 0.4437770694494247),,,,,,,,,,,,,,,,,,,,,,,,,,,,,
0,13,5,408093600838,2250441544,1,1,"(0.46108710765838623, 0.44207894802093506)","(0.4723165035247803, 0.44996827840805054)",1,1,2.275299072265625,2.299407958984375,"(-50.515350341796875, 29.39592170715332, 529.7731323242188)","(11.193768501281738, 25.590513229370117, 530.924560546875)","(-15.065040588378906, 119.4124755859375, 32.8207893371582)","(-11.18501091003418, 117.97160339355469, 32.29635238647461)",POINT (0.4667018055915832 0.4460236132144928),,,,,,,,,,,,,,,,,,,,,,,,,,,,,
0,13,5,408093617505,2250458211,1,1,"(0.46402567625045776, 0.44249531626701355)","(0.4785473346710205, 0.4553227126598358)",1,1,2.25567626953125,2.297470092773437,"(-50.51567077636719, 29.409090042114258, 529.7727661132812)","(11.192429542541504, 25.589332580566406, 530.908935546875)","(-14.049691200256348, 119.33643341064453, 32.793128967285156)","(-9.032093048095703, 116.9936752319336, 31.94041633605957)",POINT (0.4712865054607391 0.4489090144634247),,,,,,,,,,,,,,,,,,,,,,,,,,,,,
0,13,5,408093634173,2250474878,1,1,"(0.4570896625518799, 0.44365885853767395)","(0.4747839868068695, 0.4543839395046234)",1,1,2.2492218017578125,2.270477294921875,"(-50.505165100097656, 29.411903381347656, 529.7275390625)","(11.198982238769531, 25.598934173583984, 530.9007568359375)","(-16.446260452270508, 119.12393951416016, 32.715763092041016)","(-10.332423210144043, 117.16512298583984, 32.00284194946289)",POINT (0.4659368246793747 0.4490213990211487),,,,,,,,,,,,,,,,,,,,,,,,,,,,,
0,13,5,408093650840,2250491544,1,1,"(0.4583098292350769, 0.4386006295681)","(0.47350266575813293, 0.457288533449173)",1,1,2.25665283203125,2.2796173095703125,"(-50.51515579223633, 29.431270599365234, 529.757080078125)","(11.194904327392578, 25.616668701171875, 530.9006958007812)","(-16.024648666381836, 120.04773712158203, 33.05202102661133)","(-10.775150299072266, 116.6346435546875, 31.809755325317383)",POINT (0.4659062474966049 0.4479445815086365),,,,,,,,,,,,,,,,,,,,,,,,,,,,,
0,13,5,408093667507,2250508211,1,1,"(0.45989516377449036, 0.4350811541080475)","(0.4783136546611786, 0.4616576135158539)",1,1,2.250106811523437,2.2756805419921875,"(-50.52165222167969, 29.437705993652344, 529.7327880859375)","(11.186830520629883, 25.63456916809082, 530.91650390625)","(-15.476884841918945, 120.69052124023438, 33.28597640991211)","(-9.11284065246582, 115.83670043945312, 31.519304275512695)",POINT (0.4691044092178345 0.4483693838119507),,,,,,,,,,,,,,,,,,,,,,,,,,,,,
0,13,5,408093684174,2250524877,1,1,"(0.4592529237270355, 0.44780755043029785)","(0.47255370020866394, 0.4604531526565552)",1,1,2.251800537109375,2.283309936523437,"(-50.53413391113281, 29.449535369873047, 529.7781982421875)","(11.181034088134766, 25.646770477294922, 530.90869140625)","(-15.698790550231934, 118.3662109375, 32.440006256103516)","(-11.103044509887695, 116.0566635131836, 31.599382400512695)",POINT (0.4659033119678497 0.4541303515434265),,,,,,,,,,,,,,,,,,,,,,,,,,,,1,
0,13,5,408093700842,2250541544,1,1,"(0.46007540822029114, 0.44800740480422974)","(0.47228822112083435, 0.4589998424053192)",1,1,2.2951812744140625,2.268783569335937,"(-50.54175567626953, 29.451637268066406, 529.761474609375)","(11.173038482666016, 25.651309967041016, 530.924560546875)","(-15.414613723754883, 118.32972717285156, 32.42670822143555)","(-11.194775581359863, 116.32209777832031, 31.695995330810547)",POINT (0.4661818146705627 0.4535036236047745),,,,,,,,,,,,,,,,,,,,,,,,,,,,1,
0,13,5,408093717509,2250558211,1,1,"(0.4588591158390045, 0.44676223397254944)","(0.47108009457588196, 0.450691282749176)",1,1,2.2520294189453125,2.2600555419921875,"(-50.56019592285156, 29.464059829711914, 529.805908203125)","(11.155715942382812, 25.65859603881836, 530.9642333984375)","(-15.834874153137207, 118.55714416503906, 32.50946044921875)","(-11.612204551696777, 117.83953857421875, 32.2483024597168)",POINT (0.4649696052074432 0.4487267583608627),,,,,,,,,,,,,,,,,,,,,,,,,,,,,
0,13,5,408093734181,2250574882,1,1,"(0.48434871435165405, 0.42061859369277954)","(0.5043927431106567, 0.4422014653682709)",1,1,2.283676147460937,2.286163330078125,"(-50.478416442871094, 29.522018432617188, 529.8660888671875)","(11.200305938720703, 25.692869186401367, 530.5409545898438)","(-7.027577877044678, 123.33192443847656, 34.247352600097656)","(-0.10185336321592331, 119.39010620117188, 32.8126335144043)",POINT (0.4943707287311554 0.4314100295305252),,,,,,,,,,,,,,,,,,,,,,,,,,,,,
0,13,5,408093750848,2250591549,1,1,"(0.5137341022491455, 0.3405514061450958)","(0.5379636287689209, 0.3483598232269287)",1,1,2.2833404541015625,2.27813720703125,"(-50.296627044677734, 29.661338806152344, 529.9178466796875)","(11.3087797164917, 25.84956169128418, 530.615234375)","(3.125824213027954, 137.9551239013672, 39.56977844238281)","(11.497711181640625, 136.529052734375, 39.05070877075195)",POINT (0.5258488655090332 0.3444556146860123),,,,,,,,,,,,,,,,,,,,,,,,,,,,1,
0,13,5,408093767515,2250608215,1,1,"(0.5271255970001221, 0.30550920963287354)","(0.5359154343605042, 0.32659220695495605)",1,1,2.30889892578125,2.320831298828125,"(-50.25244903564453, 29.748329162597656, 529.907958984375)","(11.313701629638672, 25.953603744506836, 530.46533203125)","(7.752923965454102, 144.35513305664062, 41.899173736572266)","(10.790037155151367, 140.50460815429688, 40.4976921081543)",POINT (0.5315205156803131 0.3160507082939148),,,,,,,,,,,,,,,,,,,,,,,,,,,,1,
0,13,5,408093784182,2250624882,1,1,"(0.5293936729431152, 0.3029186427593231)","(0.5364589095115662, 0.33848926424980164)",1,1,2.3407745361328125,2.3178863525390625,"(-50.31056213378906, 29.746158599853516, 529.946044921875)","(11.295881271362305, 25.956470489501953, 530.3880615234375)","(8.536602973937988, 144.82826232910156, 42.07139587402344)","(10.977807998657227, 138.33175659179688, 39.70685577392578)",POINT (0.5329262912273407 0.3207039535045624),,,,,,,,,,,,,,,,,,,,,,,,,,,,1,
0,13,5,408093800850,2250641549,1,1,"(0.5318156480789185, 0.2924489974975586)","(0.537042498588562, 0.32614079117774963)",1,1,2.3233642578125,2.3228759765625,"(-50.35731506347656, 29.757076263427734, 529.9856567382812)","(11.276824951171875, 25.952667236328125, 530.3111572265625)","(9.373456001281738, 146.74041748046875, 42.76735305786133)","(11.179465293884277, 140.5870361328125, 40.52771759033203)",POINT (0.5344290733337402 0.3092948943376541),,,,,,,,,,,,,,,,,,,,,,,,,,,,1,
0,13,5,408093817517,2250658215,1,1,"(0.5288947820663452, 0.3043905198574066)","(0.534604549407959, 0.3239358961582184)",1,1,2.315658569335937,2.301132202148437,"(-50.3900146484375, 29.757251739501953, 529.8781127929688)","(11.254495620727539, 25.957660675048828, 530.280517578125)","(8.36422061920166, 144.5594482421875, 41.973548889160156)","(10.337100982666016, 140.98974609375, 40.67427444458008)",POINT (0.5317496657371521 0.3141632080078125),,,,,,,,,,,,,,,,,,,,,,,,,,,,1,
0,13,5,408093834185,2250674883,1,1,"(0.5334402322769165, 0.3043102025985718)","(0.540501594543457, 0.33254483342170715)",1,1,2.3231201171875,2.3277740478515625,"(-50.424808502197266, 29.751373291015625, 529.80810546875)","(11.225349426269531, 25.9591121673584, 530.265869140625)","(9.934800148010254, 144.57412719726562, 41.9788703918457)","(12.374664306640625, 139.4174346923828, 40.101993560791016)",POINT (0.5369709134101868 0.3184275180101395),,,,,,,,,,,,,,,,,,,,,,,,,,,,1,
0,13,5,408093850855,2250691552,1,1,"(0.5360538959503174, 0.303833931684494)","(0.5401957035064697, 0.33553948998451233)",1,1,2.31048583984375,2.3141632080078125,"(-50.4716796875, 29.74644660949707, 529.8414916992188)","(11.197556495666504, 25.961261749267578, 530.2899780273438)","(10.83786678314209, 144.66110229492188, 42.010536193847656)","(12.268975257873535, 138.87049865722656, 39.90292739868164)",POINT (0.5381247997283936 0.3196867108345032),,,,,,,,,,,,,,,,,,,,,,,,,,,,1,
0,13,5,408093867522,2250708218,1,1,"(0.5334893465042114, 0.30744272470474243)","(0.5354059338569641, 0.33391720056533813)",1,1,2.308334350585937,2.318023681640625,"(-50.52192687988281, 29.73950958251953, 529.818603515625)","(11.16036605834961, 25.96465301513672, 530.2679443359375)","(9.95174789428711, 144.0019989013672, 41.77065658569336)","(10.61398696899414, 139.1667938232422, 40.010780334472656)",POINT (0.5344476401805878 0.3206799626350403),,,,,,,,,,,,,,,,,,,,,,,,,,,,1,
0,13,5,408093884190,2250724886,1,1,"(0.533430814743042, 0.3057686388492584)","(0.5386708378791809, 0.3362051248550415)",1,1,2.3100128173828125,2.295272827148437,"(-50.56207275390625, 29.734251022338867, 529.724609375)","(11.11844253540039, 25.97979736328125, 530.2847900390625)","(9.931526184082031, 144.30775451660156, 41.88193893432617)","(11.742096900939941, 138.74893188476562, 39.85868835449219)",POINT (0.5360508263111115 0.32098688185215),,,,,,,,,,,,,,,,,,,,,,,,,,,,1,
0,13,5,408093900857,2250741552,1,1,"(0.5304608941078186, 0.3059656023979187)","(0.5405095219612122, 0.3293883204460144)",1,1,2.3119659423828125,2.29864501953125,"(-50.62151336669922, 29.743045806884766, 529.7702026367188)","(11.065938949584961, 25.997024536132812, 530.2395629882812)","(8.905356407165527, 144.27175903320312, 41.868839263916016)","(12.377420425415039, 139.9939422607422, 40.31181716918945)",POINT (0.5354852080345154 0.3176769614219666),,,,,,,,,,,,,,,,,,,,,,,,,,,,1,
0,13,5,408093917524,2250758219,1,1,"(0.531137228012085, 0.30711930990219116)","(0.540189266204834, 0.33580100536346436)",1,1,2.304412841796875,2.3064727783203125,"(-50.673423767089844, 29.736112594604492, 529.7305908203125)","(11.025384902954102, 26.016868591308594, 530.2481689453125)","(9.139029502868652, 144.06106567382812, 41.79216003417969)","(12.266746520996094, 138.82272338867188, 39.88554000854492)",POINT (0.5356632471084595 0.3214601576328278),,,,,,,,,,,,,,,,,,,,,,,,,,,,1,
0,13,5,408093934191,2250774885,1,1,"(0.5296161770820618, 0.30628180503845215)","(0.5359782576560974, 0.33684298396110535)",1,1,2.286285400390625,2.294662475585937,"(-50.716575622558594, 29.730918884277344, 529.7159423828125)","(10.986814498901367, 26.022289276123047, 530.21826171875)","(8.613494873046875, 144.21401977539062, 41.84783172607422)","(10.811739921569824, 138.63243103027344, 39.81629943847656)",POINT (0.5327972173690796 0.3215623944997788),,,,,,,,,,,,,,,,,,,,,,,,,,,,1,
0,13,5,408093950858,2250791552,1,1,"(0.5358335971832275, 0.31166625022888184)","(0.5372450351715088, 0.3351286053657532)",1,1,2.281097412109375,2.295394897460937,"(-50.76026916503906, 29.725704193115234, 529.6771240234375)","(10.941937446594238, 26.02387237548828, 530.141357421875)","(10.76175594329834, 143.23062133789062, 41.48990249633789)","(11.24945068359375, 138.94554138183594, 39.93024826049805)",POINT (0.5365393161773682 0.3233974277973175),,,,,,,,,,,,,,,,,,,,,,,,,,,,1,
0,13,5,408093967526,2250808219,1,1,"(0.5335660576820374, 0.31357866525650024)","(0.5353630185127258, 0.3425012230873108)",1,1,2.3033599853515625,2.2983551025390625,"(-50.79486083984375, 29.720924377441406, 529.6730346679688)","(10.908185958862305, 26.005685806274414, 530.1192626953125)","(9.978275299072266, 142.88136291503906, 41.36276626586914)","(10.599167823791504, 137.59902954101562, 39.440162658691406)",POINT (0.5344645380973816 0.3280399441719055),,,,,,,,,,,,,,,,,,,,,,,,,,,,1,
0,13,5,408093984200,2250824893,1,1,"(0.5310183167457581, 0.30785736441612244)","(0.5363304018974304, 0.33943700790405273)",1,1,2.2797393798828125,2.283294677734375,"(-50.823020935058594, 29.71620750427246, 529.6597290039062)","(10.881731986999512, 26.01082992553711, 530.1590576171875)","(9.09796142578125, 143.92626953125, 41.74309158325195)","(10.933403968811035, 138.15867614746094, 39.64384078979492)",POINT (0.5336743593215942 0.3236471861600876),,,,,,,,,,,,,,,,,,,,,,,,,,,,1,
0,13,5,408094000868,2250841560,1,1,"(0.5305768847465515, 0.30511945486068726)","(0.5360152125358582, 0.338542640209198)",1,1,2.2991485595703125,2.299407958984375,"(-50.847747802734375, 29.715843200683594, 529.6323852539062)","(10.857545852661133, 26.007373809814453, 530.1439208984375)","(8.94544792175293, 144.4263153076172, 41.925086975097656)","(10.824493408203125, 138.322021484375, 39.70330810546875)",POINT (0.5332960486412048 0.3218310475349426),,,,,,,,,,,,,,,,,,,,,,,,,,,,1,
0,13,5,408094017534,2250858226,1,1,"(0.5275702476501465, 0.3182419240474701)","(0.5340420007705688, 0.3389311134815216)",1,1,2.284164428710937,2.3043212890625,"(-50.87837219238281, 29.725587844848633, 529.642822265625)","(10.838369369506836, 26.0214786529541, 530.2308959960938)","(7.906559467315674, 142.02967834472656, 41.052772521972656)","(10.142702102661133, 138.2510528564453, 39.67748260498047)",POINT (0.5308061242103577 0.3285865187644958),,,,,,,,,,,,,,,,,,,,,,,,,,,,1,
0,13,5,408094034203,2250874893,1,1,"(0.5369367599487305, 0.3083486557006836)","(0.5450599193572998, 0.33664414286613464)",1,1,2.2890777587890625,2.303863525390625,"(-50.844749450683594, 29.71432876586914, 529.6016235351562)","(10.862716674804688, 26.026901245117188, 530.2142944335938)","(11.142932891845703, 143.83653259277344, 41.710418701171875)","(13.949684143066406, 138.6687469482422, 39.82950210571289)",POINT (0.5409983396530151 0.3224963992834091),,,,,,,,,,,,,,,,,,,,,,,,,,,,1,
0,13,5,408094050870,2250891560,1,1,"(0.6020552515983582, 0.3039400279521942)","(0.6039325594902039, 0.3153727650642395)",1,1,2.290313720703125,2.283920288085937,"(-50.63512420654297, 29.75208854675293, 529.7440185546875)","(11.016559600830078, 26.097606658935547, 530.599609375)","(33.64299774169922, 144.6417236328125, 42.00349044799805)","(34.29166030883789, 142.5536651611328, 41.2435188293457)",POINT (0.602993905544281 0.3096563965082169),,,,,,,,,,,,,,,,,,,,,,,,,,,,1,
0,13,5,408094067537,2250908226,1,1,"(0.5946452021598816, 0.3015348017215729)","(0.6039654016494751, 0.3345932066440582)",1,1,2.310897827148437,2.31390380859375,"(-50.603363037109375, 29.758922576904297, 529.7156982421875)","(11.03000545501709, 26.096179962158203, 530.6617431640625)","(31.0826416015625, 145.08102416992188, 42.16336441040039)","(34.30302429199219, 139.04331970214844, 39.96583938598633)",POINT (0.5993053019046783 0.3180640041828156),,,,,,,,,,,,,,,,,,,,,,,,,,,,1,
0,13,5,408094084206,2250924895,1,1,"(0.5952767133712769, 0.30292654037475586)","(0.6077732443809509, 0.3240109384059906)",1,1,2.34100341796875,2.305328369140625,"(-50.64306640625, 29.736515045166016, 529.6712646484375)","(11.019606590270996, 26.10006332397461, 530.622314453125)","(31.300884246826172, 144.82681274414062, 42.07084655761719)","(35.61873245239258, 140.9760284423828, 40.66929244995117)",POINT (0.6015249788761139 0.3134687393903732),,,,,,,,,,,,,,,,,,,,,,,,,,,,1,
0,13,5,408094100874,2250941562,1,1,"(0.600388765335083, 0.3101855218410492)","(0.6057458519935608, 0.3312687277793884)",1,1,2.2941436767578125,2.3060455322265625,"(-50.664161682128906, 29.749921798706055, 529.730712890625)","(11.0137300491333, 26.102725982666016, 530.6142578125)","(33.067203521728516, 143.50106811523438, 41.58831787109375)","(34.918209075927734, 139.65049743652344, 40.18682861328125)",POINT (0.6030673086643219 0.3207271248102188),,,,,,,,,,,,,,,,,,,,,,,,,,,,1,
0,13,5,408094117543,2250958231,1,1,"(0.5977156758308411, 0.3035443127155304)","(0.6049538850784302, 0.32672858238220215)",1,1,2.28399658203125,2.324554443359375,"(-50.68274688720703, 29.749618530273438, 529.7437133789062)","(11.000334739685059, 26.101829528808594, 530.591552734375)","(32.14356231689453, 144.71400451660156, 42.02978515625)","(34.64457321166992, 140.4796905517578, 40.4886360168457)",POINT (0.6013347804546356 0.3151364475488663),,,,,,,,,,,,,,,,,,,,,,,,,,,,1,
0,13,5,408094134211,2250974898,1,1,"(0.6018264889717102, 0.30287250876426697)","(0.6028700470924377, 0.32594698667526245)",1,1,2.3164520263671875,2.300445556640625,"(-50.69451904296875, 29.762149810791016, 529.765380859375)","(10.995292663574219, 26.114715576171875, 530.6149291992188)","(33.56397247314453, 144.83668518066406, 42.07445526123047)","(33.92455291748047, 140.6224365234375, 40.54060363769531)",POINT (0.602348268032074 0.3144097477197647),,,,,,,,,,,,,,,,,,,,,,,,,,,,1,
0,13,5,408094150878,2250991565,1,1,"(0.6014627814292908, 0.3072596788406372)","(0.6014696955680847, 0.3304428160190582)",1,1,2.3282928466796875,2.2961883544921875,"(-50.702606201171875, 29.75581932067871, 529.7647705078125)","(10.989398002624512, 26.114439010620117, 530.6543579101562)","(33.43830490112305, 144.03543090820312, 41.782814025878906)","(33.440696716308594, 139.80133056640625, 40.24175262451172)",POINT (0.6014662384986877 0.3188512474298477),,,,,,,,,,,,,,,,,,,,,,,,,,,,1,
0,13,5,408094167544,2251008230,1,1,"(0.6029945015907288, 0.3090817928314209)","(0.6080468893051147, 0.3246888220310211)",1,1,2.304306030273437,2.2965240478515625,"(-50.71654510498047, 29.761280059814453, 529.8173217773438)","(10.986051559448242, 26.11931610107422, 530.748779296875)","(33.96755599975586, 143.70263671875, 41.66167068481445)","(35.71326446533203, 140.85223388671875, 40.62420654296875)",POINT (0.6055206954479218 0.316885307431221),,,,,,,,,,,,,,,,,,,,,,,,,,,,1,
0,13,5,408094184212,2251024898,1,1,"(0.6002524495124817, 0.3005176782608032)","(0.6011662483215332, 0.3294529616832733)",1,1,2.2911376953125,2.3175048828125,"(-50.71083450317383, 29.74273681640625, 529.8026123046875)","(10.992317199707031, 26.100610733032227, 530.7723388671875)","(33.02008056640625, 145.2667694091797, 42.230987548828125)","(33.33584976196289, 139.98211669921875, 40.30754852294922)",POINT (0.6007093489170074 0.3149853199720383),,,,,,,,,,,,,,,,,,,,,,,,,,,,1,
0,13,5,408094200880,2251041565,1,1,"(0.6001840233802795, 0.3056849241256714)","(0.6040952801704407, 0.3324160873889923)",1,1,2.2926025390625,2.3461456298828125,"(-50.69837951660156, 29.728052139282227, 529.7499389648438)","(11.00195598602295, 26.095474243164062, 530.78759765625)","(32.996456146240234, 144.3230438232422, 41.88750076293945)","(34.3478889465332, 139.44094848632812, 40.110538482666016)",POINT (0.6021396517753601 0.3190505057573318),,,,,,,,,,,,,,,,,,,,,,,,,,,,1,
0,13,5,408094217546,2251058230,1,1,"(0.5975452661514282, 0.29926562309265137)","(0.605114758014679, 0.33200180530548096)",1,1,2.2911529541015625,2.314849853515625,"(-50.69334411621094, 29.722007751464844, 529.830078125)","(11.01140022277832, 26.087743759155273, 530.739990234375)","(32.08470153808594, 145.4954376220703, 42.314231872558594)","(34.70016860961914, 139.5166015625, 40.13812255859375)",POINT (0.6013300120830536 0.3156337141990662),,,,,,,,,,,,,,,,,,,,,,,,,,,,1,
0,13,5,408094234212,2251074896,1,1,"(0.6046393513679504, 0.30596429109573364)","(0.6045804619789124, 0.3336550295352936)",1,1,2.317779541015625,2.31182861328125,"(-50.68470764160156, 29.700937271118164, 529.8087158203125)","(11.006261825561523, 26.061372756958008, 530.7090454101562)","(34.53587341308594, 144.27200317382812, 41.868934631347656)","(34.51553726196289, 139.2146759033203, 40.02820587158203)",POINT (0.6046099066734314 0.3198096603155136),,,,,,,,,,,,,,,,,,,,,,,,,,,,1,
0,13,5,408094250885,2251091568,1,1,"(0.5072470903396606, 0.4014720916748047)","(0.5227996110916138, 0.41374480724334717)",1,1,2.2690887451171875,2.275299072265625,"(-50.89897155761719, 29.507713317871094, 529.90234375)","(10.673707962036133, 25.814390182495117, 530.5401611328125)","(0.8843987584114075, 126.82877349853516, 35.52010726928711)","(6.258195400238037, 124.58734130859375, 34.70427322387695)",POINT (0.5150233507156372 0.4076084494590759),,,,,,,,,,,,,,,,,,,,,,,,,,,,,
0,13,5,408094267551,2251108234,1,1,"(0.4891662299633026, 0.4526698589324951)","(0.5006541609764099, 0.4758419394493103)",1,1,2.24853515625,2.2903594970703125,"(-51.01167297363281, 29.39183807373047, 529.8753662109375)","(10.524585723876953, 25.7105712890625, 530.9046630859375)","(-5.363001346588135, 117.47817993164062, 32.116783142089844)","(-1.393633246421814, 113.24610900878906, 30.5764217376709)",POINT (0.4949101954698563 0.4642558991909027),,,,,,,,,,,,,,,,,,,,,,,,,,,,1,
0,13,5,408094284219,2251124901,1,1,"(0.4855639636516571, 0.4336167275905609)","(0.5008369088172913, 0.462242990732193)",1,1,2.2250213623046875,2.256195068359375,"(-51.014896392822266, 29.413455963134766, 529.945556640625)","(10.574037551879883, 25.702960968017578, 530.7781982421875)","(-6.607670307159424, 120.95797729492188, 33.383323669433594)","(-1.3304834365844727, 115.72977447509766, 31.48042106628418)",POINT (0.4932004362344742 0.447929859161377),,,,,,,,,,,,,,,,,,,,,,,,,,,,1,
0,13,5,408094300886,2251141568,1,1,"(0.4804674983024597, 0.44915804266929626)","(0.4964756667613983, 0.47130250930786133)",1,1,2.211212158203125,2.2558135986328125,"(-51.000022888183594, 29.428876876831055, 529.9561767578125)","(10.597298622131348, 25.701717376708984, 530.652587890625)","(-8.368618965148926, 118.11956787109375, 32.35020446777344)","(-2.837409734725952, 114.07518005371094, 30.87816619873047)",POINT (0.488471582531929 0.4602302759885788),,,,,,,,,,,,,,,,,,,,,,,,,,,,1,
0,13,5,408094317553,2251158234,1,1,"(0.48226940631866455, 0.4455631673336029)","(0.4973747134208679, 0.47306832671165466)",1,1,2.2313995361328125,2.2674713134765625,"(-50.976036071777344, 29.436447143554688, 529.944091796875)","(10.637173652648926, 25.694610595703125, 530.5888671875)","(-7.746020317077637, 118.7761459350586, 32.58917999267578)","(-2.5267605781555176, 113.7526626586914, 30.76081657409668)",POINT (0.4898220598697662 0.4593157470226288),,,,,,,,,,,,,,,,,,,,,,,,,,,,1,
0,13,5,408094334221,2251174901,1,1,"(0.4837677776813507, 0.43533092737197876)","(0.49889272451400757, 0.4669300615787506)",1,1,2.211944580078125,2.273529052734375,"(-50.95134353637695, 29.448749542236328, 529.97998046875)","(10.672367095947266, 25.684778213500977, 530.5877685546875)","(-7.228298664093018, 120.64491271972656, 33.26935577392578)","(-2.0022428035736084, 114.8737564086914, 31.168832778930664)",POINT (0.4913302510976791 0.4511304944753647),,,,,,,,,,,,,,,,,,,,,,,,,,,,1,
0,13,5,408094350887,2251191567,1,1,"(0.4836423993110657, 0.44643470644950867)","(0.5008758306503296, 0.46907469630241394)",1,1,2.22210693359375,2.252059936523437,"(-50.938018798828125, 29.46103858947754, 530.0453491210938)","(10.700937271118164, 25.679210662841797, 530.5948486328125)","(-7.2716169357299805, 118.61695861816406, 32.531253814697266)","(-1.3170162439346313, 114.4820556640625, 31.026256561279297)",POINT (0.4922591149806976 0.4577547013759613),,,,,,,,,,,,,,,,,,,,,,,,,,,,1,
0,13,5,408094367555,2251208234,1,1,"(0.4817482531070709, 0.4412301480770111)","(0.4983697831630707, 0.46733593940734863)",1,1,2.1942901611328125,2.263275146484375,"(-50.90353775024414, 29.461307525634766, 529.948486328125)","(10.730997085571289, 25.685562133789062, 530.5863037109375)","(-7.926098346710205, 119.56749725341797, 32.87721633911133)","(-2.182929515838623, 114.79961395263672, 31.141849517822266)",POINT (0.4900590181350708 0.4542830437421799),,,,,,,,,,,,,,,,,,,,,,,,,,,,1,
0,13,5,408094384228,2251224906,1,1,"(0.4823624789714813, 0.43870243430137634)","(0.4972045123577118, 0.4558361768722534)",1,1,2.222259521484375,2.26092529296875,"(-50.888946533203125, 29.464916229248047, 529.9349365234375)","(10.753534317016602, 25.69151496887207, 530.5850830078125)","(-7.713872909545898, 120.02916717529297, 33.04524612426758)","(-2.585564136505127, 116.89989471435547, 31.906293869018555)",POINT (0.4897834956645966 0.4472693055868149),,,,,,,,,,,,,,,,,,,,,,,,,,,,1,
0,13,5,408094400894,2251241572,1,1,"(0.47900912165641785, 0.44137638807296753)","(0.4996415972709656, 0.4658301770687103)",1,1,2.216827392578125,2.267333984375,"(-50.86547088623047, 29.472694396972656, 529.9234619140625)","(10.778828620910645, 25.702266693115234, 530.576904296875)","(-8.872544288635254, 119.54077911376953, 32.867496490478516)","(-1.7434827089309692, 115.07463073730469, 31.241947174072266)",POINT (0.4893253594636917 0.4536032825708389),,,,,,,,,,,,,,,,,,,,,,,,,,,,1,
0,13,5,408094417562,2251258239,1,1,"(0.4764522314071655, 0.4390871524810791)","(0.5026668310165405, 0.47528305649757385)",1,1,2.22705078125,2.294097900390625,"(-50.85188293457031, 29.48263931274414, 529.9498291015625)","(10.798866271972656, 25.707975387573242, 530.545166015625)","(-9.755998611450195, 119.9588851928711, 33.019683837890625)","(-0.698192834854126, 113.34819030761719, 30.613563537597656)",POINT (0.489559531211853 0.4571851044893265),,,,,,,,,,,,,,,,,,,,,,,,,,,,1,
0,13,5,408094434229,2251274906,1,1,"(0.4779076874256134, 0.447551429271698)","(0.49800539016723633, 0.4751589298248291)",1,1,2.24749755859375,2.2773590087890625,"(-50.83318328857422, 29.489665985107422, 529.937255859375)","(10.820350646972656, 25.714111328125, 530.56787109375)","(-9.253111839294434, 118.4129867553711, 32.45701599121094)","(-2.3088455200195312, 113.37086486816406, 30.621814727783203)",POINT (0.4879565387964249 0.4613551795482636),,,,,,,,,,,,,,,,,,,,,,,,,,,,1,
0,13,5,408094450897,2251291573,1,1,"(0.4793313145637512, 0.44731637835502625)","(0.49907079339027405, 0.46625804901123047)",1,1,2.228851318359375,2.3071441650390625,"(-50.80945587158203, 29.49039077758789, 529.9248657226562)","(10.847336769104004, 25.711336135864258, 530.5438232421875)","(-8.761208534240723, 118.45592498779297, 32.472633361816406)","(-1.9407289028167725, 114.99649047851562, 31.2134952545166)",POINT (0.4892010539770126 0.4567872136831284),,,,,,,,,,,,,,,,,,,,,,,,,,,,1,
0,13,5,408094467564,2251308240,1,1,"(0.4806557595729828, 0.44188907742500305)","(0.49775972962379456, 0.4672981798648834)",1,1,2.2340240478515625,2.2795562744140625,"(-50.78923034667969, 29.49301528930664, 529.9359741210938)","(10.874429702758789, 25.71717071533203, 530.5350952148438)","(-8.30357837677002, 119.4471435546875, 32.83343505859375)","(-2.3937366008758545, 114.80652618408203, 31.144357681274414)",POINT (0.4892077445983887 0.4545936286449432),,,,,,,,,,,,,,,,,,,,,,,,,,,,1,
0,13,5,408094484231,2251324906,1,1,"(0.4843162000179291, 0.4420204162597656)","(0.5016580820083618, 0.46872463822364807)",1,1,2.245346069335937,2.27337646484375,"(-50.76275634765625, 29.490299224853516, 529.9083251953125)","(10.905271530151367, 25.7176513671875, 530.4639892578125)","(-7.038804054260254, 119.42316436767578, 32.82468032836914)","(-1.0467445850372314, 114.5459976196289, 31.049537658691406)",POINT (0.4929871410131454 0.4553725272417068),,,,,,,,,,,,,,,,,,,,,,,,,,,,1,
0,13,5,408094500897,2251341572,1,1,"(0.48089849948883057, 0.43654605746269226)","(0.49675774574279785, 0.4654529094696045)",1,1,2.2460479736328125,2.2675018310546875,"(-50.727256774902344, 29.483837127685547, 529.8746337890625)","(10.943486213684082, 25.721736907958984, 530.5095825195312)","(-8.219706535339355, 120.42298889160156, 33.188594818115234)","(-2.7399275302886963, 115.14352416992188, 31.267026901245117)",POINT (0.4888281226158142 0.4509994834661484),,,,,,,,,,,,,,,,,,,,,,,,,,,,1,
0,13,5,408094517567,2251358241,1,1,"(0.48010334372520447, 0.44362345337867737)","(0.49695438146591187, 0.4665674865245819)",1,1,2.269760131835937,2.29833984375,"(-50.70565414428711, 29.481531143188477, 529.8938598632812)","(10.981391906738281, 25.717365264892578, 530.4693603515625)","(-8.494453430175781, 119.13040161132812, 32.71811294555664)","(-2.671992540359497, 114.93997955322266, 31.192914962768555)",POINT (0.4885288625955582 0.4550954699516296),,,,,,,,,,,,,,,,,,,,,,,,,,,,1,
0,13,5,408094534235,2251374908,1,1,"(0.47909465432167053, 0.4459049701690674)","(0.5005134344100952, 0.4715244770050049)",1,1,2.24273681640625,2.28717041015625,"(-50.66178894042969, 29.48324203491211, 529.8614501953125)","(11.025741577148438, 25.71532440185547, 530.5155639648438)","(-8.842973709106445, 118.71370697021484, 32.566463470458984)","(-1.4422575235366821, 114.03462982177734, 30.863435745239258)",POINT (0.4898040443658829 0.4587147235870361),,,,,,,,,,,,,,,,,,,,,,,,,,,,1,
0,13,5,408094550903,2251391575,1,1,"(0.4814489781856537, 0.4440007507801056)","(0.4960649013519287, 0.46732863783836365)",1,1,2.2506256103515625,2.2905731201171875,"(-50.61149597167969, 29.494428634643555, 529.8137817382812)","(11.070962905883789, 25.720867156982422, 530.4432983398438)","(-8.029499053955078, 119.06147766113281, 32.69306182861328)","(-2.979339122772217, 114.80094909667969, 31.142362594604492)",POINT (0.4887569397687912 0.4556646943092346),,,,,,,,,,,,,,,,,,,,,,,,,,,,1,
0,13,5,408094567569,2251408241,1,1,"(0.4783758819103241, 0.43112635612487793)","(0.49711865186691284, 0.46096271276474)",1,1,2.228363037109375,2.29840087890625,"(-50.559539794921875, 29.52780532836914, 529.8214111328125)","(11.115280151367188, 25.753700256347656, 530.3950805664062)","(-9.091331481933594, 121.41282653808594, 33.54887771606445)","(-2.6152219772338867, 115.9636001586914, 31.565505981445312)",POINT (0.4877472668886185 0.446044534444809),,,,,,,,,,,,,,,,,,,,,,,,,,,,1,
0,13,5,408094584237,2251424908,1,1,"(0.47779580950737, 0.44893041253089905)","(0.49299320578575134, 0.4624253213405609)",1,1,2.25299072265625,2.283782958984375,"(-50.48768615722656, 29.554967880249023, 529.7923583984375)","(11.187887191772461, 25.788541793823242, 530.4472045898438)","(-9.291760444641113, 118.1611557006836, 32.3653450012207)","(-4.040678024291992, 115.69647216796875, 31.468259811401367)",POINT (0.4853945076465607 0.45567786693573),,,,,,,,,,,,,,,,,,,,,,,,,,,,1,
0,13,5,408094600903,2251441574,1,1,"(0.4764367938041687, 0.4463571608066559)","(0.49361252784729004, 0.45802319049835205)",1,1,2.282943725585937,2.2941131591796875,"(-50.41209411621094, 29.592937469482422, 529.78759765625)","(11.268758773803711, 25.805500030517578, 530.4056396484375)","(-9.761326789855957, 118.6311264038086, 32.53640365600586)","(-3.8266968727111816, 116.50048065185547, 31.760900497436523)",POINT (0.4850246608257294 0.452190175652504),,,,,,,,,,,,,,,,,,,,,,,,,,,,1,
0,13,5,408094617571,2251458241,1,1,"(0.4753028452396393, 0.43391382694244385)","(0.49867144227027893, 0.4617878198623657)",1,1,2.2592315673828125,2.3129119873046875,"(-50.33662033081055, 29.62274169921875, 529.7843627929688)","(11.34755802154541, 25.82156753540039, 530.3564453125)","(-10.153141021728516, 120.90372467041016, 33.36355972290039)","(-2.0787155628204346, 115.81290435791016, 31.510671615600586)",POINT (0.4869871437549591 0.4478508234024048),,,,,,,,,,,,,,,,,,,,,,,,,,,,1,
0,13,5,408094634238,2251474908,1,1,"(0.4790423810482025, 0.45153912901878357)","(0.4979667067527771, 0.4605594575405121)",1,1,2.30133056640625,2.3026885986328125,"(-50.2489013671875, 29.651485443115234, 529.7047119140625)","(11.42314338684082, 25.8320255279541, 530.3308715820312)","(-8.861042022705078, 117.68470001220703, 32.191925048828125)","(-2.3222298622131348, 116.03726196289062, 31.592323303222656)",POINT (0.4885045439004898 0.4560492932796478),,,,,,,,,,,,,,,,,,,,,,,,,,,,1,
0,13,5,408094650912,2251491581,1,1,"(0.4815313518047333, 0.42514002323150635)","(0.5002355575561523, 0.46249377727508545)",1,1,2.2723388671875,2.293121337890625,"(-50.17457962036133, 29.67845916748047, 529.7398071289062)","(11.515314102172852, 25.838077545166016, 530.3046875)","(-8.001044273376465, 122.50614929199219, 33.94679260253906)","(-1.5382623672485352, 115.68397521972656, 31.46371078491211)",POINT (0.4908834546804428 0.4438169002532959),,,,,,,,,,,,,,,,,,,,,,,,,,,,1,
0,13,5,408094667579,2251508248,1,1,"(0.47789329290390015, 0.43984848260879517)","(0.4955315589904785, 0.4489961862564087)",1,1,2.2720947265625,2.3076324462890625,"(-50.102500915527344, 29.714977264404297, 529.718994140625)","(11.58218765258789, 25.848655700683594, 530.2713623046875)","(-9.258086204528809, 119.81985473632812, 32.96903991699219)","(-3.163609743118286, 118.14913177490234, 32.36097717285156)",POINT (0.4867124259471893 0.4444223344326019),,,,,,,,,,,,,,,,,,,,,,,,,,,,1,
0,13,5,408094684247,2251524915,1,1,"(0.4852932095527649, 0.43381237983703613)","(0.4955660104751587, 0.4525147080421448)",1,1,2.2498016357421875,2.300933837890625,"(-50.041053771972656, 29.74074935913086, 529.7041015625)","(11.651782989501953, 25.856475830078125, 530.2066650390625)","(-6.701228141784668, 120.92227172851562, 33.37029266357422)","(-3.151721954345703, 117.50653076171875, 32.1270637512207)",POINT (0.4904296100139618 0.4431635439395904),,,,,,,,,,,,,,,,,,,,,,,,,,,,1,
0,13,5,408094700914,2251541581,1,1,"(0.47699984908103943, 0.4352266788482666)","(0.4944775700569153, 0.45460984110832214)",1,1,2.263046264648437,2.3081207275390625,"(-49.97388458251953, 29.767173767089844, 529.666748046875)","(11.719386100769043, 25.870296478271484, 530.1967163085938)","(-9.566787719726562, 120.66394805908203, 33.276302337646484)","(-3.527796983718872, 117.1238784790039, 31.987831115722656)",POINT (0.4857387095689774 0.4449182599782944),,,,,,,,,,,,,,,,,,,,,,,,,,,,1,
0,13,5,408094717582,2251558248,1,1,"(0.48121288418769836, 0.4416143596172333)","(0.49236759543418884, 0.4620985686779022)",1,1,2.28021240234375,2.30938720703125,"(-49.925025939941406, 29.774742126464844, 529.6356201171875)","(11.777124404907227, 25.874740600585938, 530.1788330078125)","(-8.111082077026367, 119.49732208251953, 32.85169219970703)","(-4.256839752197266, 115.75614166259766, 31.489994049072266)",POINT (0.4867902398109436 0.4518564641475678),,,,,,,,,,,,,,,,,,,,,,,,,,,,1,
0,13,5,408094734249,2251574915,1,1,"(0.4785308539867401, 0.4436822533607483)","(0.49682825803756714, 0.4525582790374756)",1,1,2.25506591796875,2.286895751953125,"(-49.865421295166016, 29.783363342285156, 529.57421875)","(11.829345703125, 25.881053924560547, 530.099609375)","(-9.0377836227417, 119.1196517944336, 32.71421813964844)","(-2.7155747413635254, 117.49856567382812, 32.12417221069336)",POINT (0.4876795560121536 0.4481202661991119),,,,,,,,,,,,,,,,,,,,,,,,,,,,1,
0,13,5,408094750916,2251591581,1,1,"(0.47770166397094727, 0.43505361676216125)","(0.4980386793613434, 0.45784997940063477)",1,1,2.2680206298828125,2.296127319335937,"(-49.80704116821289, 29.791431427001953, 529.591064453125)","(11.894421577453613, 25.879390716552734, 530.1131591796875)","(-9.324298858642578, 120.69556427001953, 33.287776947021484)","(-2.297330856323242, 116.53211212158203, 31.772396087646484)",POINT (0.4878701716661453 0.446451798081398),,,,,,,,,,,,,,,,,,,,,,,,,,,,1,
0,13,5,408094767583,2251608248,1,1,"(0.48129162192344666, 0.43836063146591187)","(0.49207860231399536, 0.452783465385437)",1,1,2.26361083984375,2.2731170654296875,"(-49.74531555175781, 29.786632537841797, 529.4359130859375)","(11.944587707519531, 25.867774963378906, 529.9945678710938)","(-8.083869934082031, 120.0915756225586, 33.067970275878906)","(-4.356691360473633, 117.45743560791016, 32.10921859741211)",POINT (0.486685112118721 0.4455720484256744),,,,,,,,,,,,,,,,,,,,,,,,,,,,1,
0,13,5,408094784257,2251624921,1,1,"(0.4760144054889679, 0.43187567591667175)","(0.495413601398468, 0.4542606770992279)",1,1,2.2554473876953125,2.2681121826171875,"(-49.686058044433594, 29.792736053466797, 529.3822021484375)","(12.001850128173828, 25.853763580322266, 529.97705078125)","(-9.907278060913086, 121.27597045898438, 33.49904251098633)","(-3.2043750286102295, 117.1876449584961, 32.01103591918945)",POINT (0.485714003443718 0.4430681765079498),,,,,,,,,,,,,,,,,,,,,,,,,,,,,
0,13,5,408094800923,2251641587,1,1,"(0.4758695960044861, 0.4402596056461334)","(0.493904709815979, 0.4532579481601715)",1,1,2.2551727294921875,2.28271484375,"(-49.63252639770508, 29.795806884765625, 529.3906860351562)","(12.06281852722168, 25.837617874145508, 529.9984130859375)","(-9.957313537597656, 119.7447509765625, 32.94173049926758)","(-3.725731372833252, 117.37078094482422, 32.07767105102539)",POINT (0.4848871529102325 0.4467587769031525),,,,,,,,,,,,,,,,,,,,,,,,,,,,1,
0,13,5,408094817591,2251658254,1,1,"(0.47855308651924133, 0.43814951181411743)","(0.4916039705276489, 0.4598326086997986)",1,1,2.24737548828125,2.2867889404296875,"(-49.57308578491211, 29.788421630859375, 529.31298828125)","(12.111722946166992, 25.814613342285156, 529.97314453125)","(-9.030104637145996, 120.1301498413086, 33.08197784423828)","(-4.5207109451293945, 116.17001342773438, 31.640625)",POINT (0.4850785285234451 0.448991060256958),,,,,,,,,,,,,,,,,,,,,,,,,,,,1,
0,13,5,408094834258,2251674921,1,1,"(0.4791625142097473, 0.43552523851394653)","(0.49296069145202637, 0.4583994746208191)",1,1,2.25091552734375,2.25384521484375,"(-49.5305290222168, 29.78496551513672, 529.2803344726562)","(12.154256820678711, 25.79336929321289, 529.89404296875)","(-8.81953239440918, 120.60942840576172, 33.256446838378906)","(-4.051909923553467, 116.43174743652344, 31.73589515686035)",POINT (0.4860616028308868 0.4469623565673828),,,,,,,,,,,,,,,,,,,,,,,,,,,,1,
0,13,5,408094850925,2251691587,1,1,"(0.4775138199329376, 0.43158432841300964)","(0.4879598915576935, 0.45453059673309326)",1,1,2.23651123046875,2.254547119140625,"(-49.4866828918457, 29.784427642822266, 529.2321166992188)","(12.191265106201172, 25.783464431762695, 529.924072265625)","(-9.389203071594238, 121.32917785644531, 33.51841354370117)","(-5.779813289642334, 117.13835144042969, 31.993070602416992)",POINT (0.4827368557453156 0.4430574625730514),,,,,,,,,,,,,,,,,,,,,,,,,,,,,
0,13,5,408094867593,2251708254,1,1,"(0.48124080896377563, 0.4398600161075592)","(0.4912981390953064, 0.4626622498035431)",1,1,2.2314453125,2.271484375,"(-49.47145080566406, 29.786636352539062, 529.2581787109375)","(12.210819244384766, 25.774036407470703, 529.9232177734375)","(-8.10141372680664, 119.8177261352539, 32.96831512451172)","(-4.626366138458252, 115.65320587158203, 31.452543258666992)",POINT (0.486269474029541 0.4512611329555512),,,,,,,,,,,,,,,,,,,,,,,,,,,,1,
0,13,5,408094884261,2251724921,1,1,"(0.4820915758609772, 0.4297919273376465)","(0.4923933446407318, 0.4598503112792969)",1,1,2.246444702148437,2.2786865234375,"(-49.467620849609375, 29.79916000366211, 529.2664794921875)","(12.216886520385742, 25.779064178466797, 529.9464721679688)","(-7.807480812072754, 121.65653991699219, 33.6375732421875)","(-4.247929096221924, 116.16676330566406, 31.639467239379883)",POINT (0.4872424602508545 0.4448211193084717),,,,,,,,,,,,,,,,,,,,,,,,,,,,1,
0,13,5,408094900929,2251741589,1,1,"(0.4801252484321594, 0.43825915455818176)","(0.4968205690383911, 0.4615319073200226)",1,1,2.215927124023437,2.282562255859375,"(-49.479408264160156, 29.79897689819336, 529.2962646484375)","(12.21049976348877, 25.785024642944336, 529.9777221679688)","(-8.486883163452148, 120.110107421875, 33.0747184753418)","(-2.7182254791259766, 115.8596420288086, 31.527681350708008)",POINT (0.4884729087352753 0.4498955309391022),,,,,,,,,,,,,,,,,,,,,,,,,,,,1,
0,13,5,408094917597,2251758256,1,1,"(0.4810331165790558, 0.4371223449707031)","(0.4924268424510956, 0.45426657795906067)",1,1,2.244171142578125,2.250595092773437,"(-49.49602127075195, 29.80795669555664, 529.2777099609375)","(12.184759140014648, 25.79471778869629, 529.978759765625)","(-8.173192977905273, 120.3177261352539, 33.150291442871094)","(-4.236368656158447, 117.18656921386719, 32.01062774658203)",POINT (0.4867299795150757 0.4456944614648819),,,,,,,,,,,,,,,,,,,,,,,,,,,,1,
0,13,5,408094934264,2251774923,1,1,"(0.4841536283493042, 0.42993515729904175)","(0.49230608344078064, 0.46443015336990356)",1,1,2.1963348388671875,2.28900146484375,"(-49.53596496582031, 29.80511474609375, 529.326904296875)","(12.146735191345215, 25.799667358398438, 530.04248046875)","(-7.094987392425537, 121.63038635253906, 33.62803649902344)","(-4.278107166290283, 115.33032989501953, 31.33499526977539)",POINT (0.4882298558950424 0.4471826553344727),,,,,,,,,,,,,,,,,,,,,,,,,,,,1,
0,13,5,408094950931,2251791589,1,1,"(0.4759443700313568, 0.43749386072158813)","(0.4846746623516083, 0.45440173149108887)",1,1,2.241363525390625,2.2686004638671875,"(-49.58716583251953, 29.81247901916504, 529.4132080078125)","(12.10840129852295, 25.81155776977539, 530.14453125)","(-9.93148136138916, 120.24988555908203, 33.125579833984375)","(-6.914953708648682, 117.16189575195312, 32.00164031982422)",POINT (0.4803095161914825 0.4459477961063385),,,,,,,,,,,,,,,,,,,,,,,,,,,,1,
0,13,5,408094967598,2251808256,1,1,"(0.48621320724487305, 0.4426861107349396)","(0.49294763803482056, 0.46173906326293945)",1,1,2.243896484375,2.2824859619140625,"(-49.64188766479492, 29.80810546875, 529.4677734375)","(12.061673164367676, 25.81894302368164, 530.185302734375)","(-6.383340358734131, 119.30158233642578, 32.78044128417969)","(-4.056433200836182, 115.82181549072266, 31.513914108276367)",POINT (0.4895804226398468 0.4522125869989395),,,,,,,,,,,,,,,,,,,,,,,,,,,,1,
0,13,5,408094984265,2251824922,1,1,"(0.4791969656944275, 0.43450450897216797)","(0.4887968897819519, 0.4610610008239746)",1,1,2.21807861328125,2.2537994384765625,"(-49.69236755371094, 29.79592514038086, 529.4675903320312)","(12.005074501037598, 25.817398071289062, 530.202392578125)","(-8.80763053894043, 120.79583740234375, 33.32430648803711)","(-5.490620136260986, 115.9456558227539, 31.558979034423828)",POINT (0.4839969277381897 0.4477827548980713),,,,,,,,,,,,,,,,,,,,,,,,,,,,1,
0,13,5,408095000932,2251841589,1,1,"(0.4754548668861389, 0.431180864572525)","(0.4904378652572632, 0.46015438437461853)",1,1,2.252914428710937,2.271697998046875,"(-49.75237274169922, 29.791606903076172, 529.536865234375)","(11.949360847473145, 25.81712532043457, 530.2515869140625)","(-10.100619316101074, 121.40287017822266, 33.54521942138672)","(-4.923616886138916, 116.1112289428711, 31.619243621826172)",POINT (0.482946366071701 0.4456676244735718),,,,,,,,,,,,,,,,,,,,,,,,,,,,1,
0,13,5,408095017599,2251858256,1,1,"(0.47640252113342285, 0.43282485008239746)","(0.4914672076702118, 0.46515950560569763)",1,1,2.2395782470703125,2.2702789306640625,"(-49.816917419433594, 29.790159225463867, 529.65283203125)","(11.895914077758789, 25.819381713867188, 530.3077392578125)","(-9.773183822631836, 121.10263061523438, 33.43594741821289)","(-4.567948341369629, 115.19711303710938, 31.286535263061523)",POINT (0.4839348644018173 0.4489921778440476),,,,,,,,,,,,,,,,,,,,,,,,,,,,1,
0,13,5,408095034273,2251874928,1,1,"(0.4752196669578552, 0.4369466006755829)","(0.4906981885433197, 0.4576672315597534)",1,1,2.2216339111328125,2.250213623046875,"(-49.87217712402344, 29.782360076904297, 529.6361083984375)","(11.831565856933594, 25.82381820678711, 530.341064453125)","(-10.181888580322266, 120.34982299804688, 33.161964416503906)","(-4.833663463592529, 116.56547546386719, 31.784578323364258)",POINT (0.4829589277505875 0.4473069161176682),,,,,,,,,,,,,,,,,,,,,,,,,,,,1,
0,13,5,408095050939,2251891594,1,1,"(0.4792478382587433, 0.4387508034706116)","(0.48947298526763916, 0.4589187502861023)",1,1,2.2374420166015625,2.2757720947265625,"(-49.9294319152832, 29.776294708251953, 529.6817626953125)","(11.777273178100586, 25.82575798034668, 530.4288330078125)","(-8.790063858032227, 120.02031707763672, 33.04204559326172)","(-5.257004737854004, 116.33689880371094, 31.70138168334961)",POINT (0.4843604117631912 0.4488347768783569),,,,,,,,,,,,,,,,,,,,,,,,,,,,1,
0,13,5,408095067607,2251908261,1,1,"(0.4770532548427582, 0.43824276328086853)","(0.4915895462036133, 0.46070393919944763)",1,1,2.256988525390625,2.2747039794921875,"(-49.9891357421875, 29.7736873626709, 529.7432861328125)","(11.721451759338379, 25.819862365722656, 530.4384765625)","(-9.548338890075684, 120.11310577392578, 33.0757942199707)","(-4.5256829261779785, 116.0108642578125, 31.58270835876465)",POINT (0.4843214005231857 0.4494733512401581),,,,,,,,,,,,,,,,,,,,,,,,,,,,1,
0,13,5,408095084273,2251924927,1,1,"(0.4791226089000702, 0.43933215737342834)","(0.4876858592033386, 0.45660823583602905)",1,1,2.22869873046875,2.27972412109375,"(-50.04313278198242, 29.753646850585938, 529.7034301757812)","(11.66247844696045, 25.81017303466797, 530.4869384765625)","(-8.833332061767578, 119.91413879394531, 33.00340270996094)","(-5.8745036125183105, 116.75889587402344, 31.854957580566406)",POINT (0.4834042340517044 0.4479701966047287),,,,,,,,,,,,,,,,,,,,,,,,,,,,1,
0,13,5,408095100941,2251941594,1,1,"(0.47688281536102295, 0.44816404581069946)","(0.48732635378837585, 0.45326098799705505)",1,1,2.226303100585937,2.246368408203125,"(-50.0963134765625, 29.73037338256836, 529.7587890625)","(11.599344253540039, 25.80093002319336, 530.4735107421875)","(-9.60722541809082, 118.30110931396484, 32.41629409790039)","(-5.998716354370117, 117.37022399902344, 32.07748031616211)",POINT (0.4821045845746994 0.4507125169038773),,,,,,,,,,,,,,,,,,,,,,,,,,,,1,
0,13,5,408095117608,2251958261,1,1,"(0.4841339886188507, 0.43457457423210144)","(0.4930071234703064, 0.46220362186431885)",1,1,2.242034912109375,2.27484130859375,"(-50.15057373046875, 29.708219528198242, 529.7349853515625)","(11.544649124145508, 25.789886474609375, 530.48291015625)","(-7.101766109466553, 120.7830581665039, 33.31963348388672)","(-4.035884380340576, 115.73696899414062, 31.48302459716797)",POINT (0.4885705560445786 0.4483890980482101),,,,,,,,,,,,,,,,,,,,,,,,,,,,1,
0,13,5,408095134275,2251974927,1,1,"(0.48153138160705566, 0.3728317320346832)","(0.49868810176849365, 0.3837093710899353)",1,1,2.2760162353515625,2.3063507080078125,"(-50.16718292236328, 29.8017520904541, 529.810791015625)","(11.51380729675293, 25.9160213470459, 530.81982421875)","(-8.001028060913086, 132.05955505371094, 37.423946380615234)","(-2.072964906692505, 130.0729217529297, 36.700889587402344)",POINT (0.4901097416877747 0.3782705515623093),,,,,,,,,,,,,,,,,,,,,,,,,,,,,
0,13,5,408095150942,2251991594,1,1,"(0.4845805764198303, 0.29548409581184387)","(0.4995249807834625, 0.3082791864871979)",1,1,2.29034423828125,2.310882568359375,"(-50.18007278442383, 29.97342872619629, 529.9963989257812)","(11.384754180908203, 26.110685348510742, 530.5416870117188)","(-6.947461128234863, 146.18609619140625, 42.56557846069336)","(-1.7837811708450317, 143.84922790527344, 41.71503829956055)",POINT (0.4920527786016464 0.3018816411495209),,,,,,,,,,,,,,,,,,,,,,,,,,,,1,
0,13,5,408095167615,2252008266,1,1,"(0.49022671580314636, 0.2982346713542938)","(0.4967845380306244, 0.31813251972198486)",1,1,2.3206939697265625,2.2982177734375,"(-50.24421691894531, 29.962322235107422, 529.985595703125)","(11.335437774658203, 26.120121002197266, 530.5045166015625)","(-4.996582984924316, 145.68373107910156, 42.38276290893555)","(-2.7306857109069824, 142.04965209960938, 41.06005096435547)",POINT (0.4935056269168854 0.3081835955381393),,,,,,,,,,,,,,,,,,,,,,,,,,,,1,
0,13,5,408095184281,2252024932,1,1,"(0.48507580161094666, 0.2901575267314911)","(0.4967500567436218, 0.3078078329563141)",1,1,2.296981811523437,2.311508178710937,"(-50.32649612426758, 29.933151245117188, 529.981201171875)","(11.285645484924316, 26.104236602783203, 530.561767578125)","(-6.776342868804932, 147.15890502929688, 42.919681549072266)","(-2.74259877204895, 143.93533325195312, 41.746376037597656)",POINT (0.4909129291772842 0.2989826798439026),,,,,,,,,,,,,,,,,,,,,,,,,,,,1,
0,13,5,408095200950,2252041599,1,1,"(0.48375824093818665, 0.2891472578048706)","(0.5009463429450989, 0.30648237466812134)",1,1,2.3081817626953125,2.3030548095703125,"(-50.391998291015625, 29.92622184753418, 529.9948120117188)","(11.239044189453125, 26.103811264038086, 530.5704956054688)","(-7.231594562530518, 147.3434295654297, 42.98683547973633)","(-1.292654037475586, 144.17739868164062, 41.83449172973633)",POINT (0.4923522919416428 0.297814816236496),,,,,,,,,,,,,,,,,,,,,,,,,,,,1,
0,13,5,408095217617,2252058266,1,1,"(0.47886842489242554, 0.2989751696586609)","(0.49861276149749756, 0.3148977756500244)",1,1,2.292572021484375,2.290771484375,"(-50.447418212890625, 29.922351837158203, 529.9620361328125)","(11.201528549194336, 26.109127044677734, 530.5560302734375)","(-8.921140670776367, 145.54847717285156, 42.33353042602539)","(-2.0989902019500732, 142.64044189453125, 41.275047302246094)",POINT (0.4887405931949616 0.3069364726543426),,,,,,,,,,,,,,,,,,,,,,,,,,,,1,
0,13,5,408095234284,2252074932,1,1,"(0.48752444982528687, 0.2884489595890045)","(0.49640709161758423, 0.31775781512260437)",1,1,2.3155517578125,2.320907592773437,"(-50.50670623779297, 29.927751541137695, 530.0081787109375)","(11.164306640625, 26.12087631225586, 530.556884765625)","(-5.930268287658691, 147.47096252441406, 43.03325271606445)","(-2.8611090183258057, 142.11807250976562, 41.0849609375)",POINT (0.4919657707214356 0.3031033873558044),,,,,,,,,,,,,,,,,,,,,,,,,,,,1,
0,13,5,408095250951,2252091599,1,1,"(0.48455068469047546, 0.28923431038856506)","(0.49987345933914185, 0.3125525116920471)",1,1,2.302841186523437,2.3091278076171875,"(-50.54078674316406, 29.94505500793457, 530.033935546875)","(11.137344360351562, 26.137657165527344, 530.5656127929688)","(-6.957780361175537, 147.32752990722656, 42.981040954589844)","(-1.6633813381195068, 143.0687713623047, 41.43098068237305)",POINT (0.4922120720148086 0.3008934110403061),,,,,,,,,,,,,,,,,,,,,,,,,,,,1,
0,13,5,408095267619,2252108266,1,1,"(0.4849790930747986, 0.2894041836261749)","(0.49782389402389526, 0.31780287623405457)",1,1,2.315765380859375,2.3167266845703125,"(-50.57025146484375, 29.957504272460938, 530.02880859375)","(11.114933013916016, 26.154993057250977, 530.6051025390625)","(-6.809762477874756, 147.29649353027344, 42.969764709472656)","(-2.3715627193450928, 142.10986328125, 41.08195495605469)",POINT (0.4914014935493469 0.3036035299301148),,,,,,,,,,,,,,,,,,,,,,,,,,,,1,
0,13,5,408095284285,2252124932,1,1,"(0.4849182367324829, 0.29298627376556396)","(0.4992186427116394, 0.31596919894218445)",1,1,2.31329345703125,2.331878662109375,"(-50.59425354003906, 29.97164535522461, 530.0087890625)","(11.093692779541016, 26.171104431152344, 530.5512084960938)","(-6.83078145980835, 146.6422576904297, 42.73164749145508)","(-1.8896485567092896, 142.4447479248047, 41.203880310058594)",POINT (0.4920684397220612 0.3044777363538742),,,,,,,,,,,,,,,,,,,,,,,,,,,,1,
0,13,5,408095300958,2252141604,1,1,"(0.4849858283996582, 0.2897694706916809)","(0.501404881477356, 0.3151409327983856)",1,1,2.3281707763671875,2.32781982421875,"(-50.6107292175293, 29.966012954711914, 529.9437255859375)","(11.08051586151123, 26.174240112304688, 530.5047607421875)","(-6.807428359985352, 147.2297821044922, 42.94548416137695)","(-1.134224534034729, 142.5960235595703, 41.2589111328125)",POINT (0.4931953549385071 0.3024552017450333),,,,,,,,,,,,,,,,,,,,,,,,,,,,1,
0,13,5,408095317625,2252158271,1,1,"(0.4806782007217407, 0.29449859261512756)","(0.4978877604007721, 0.3071860373020172)",1,1,2.326934814453125,2.33221435546875,"(-50.623565673828125, 29.96756935119629, 529.9254150390625)","(11.069831848144531, 26.183467864990234, 530.489501953125)","(-8.295825004577637, 146.36607360839844, 42.63109588623047)","(-2.349487543106079, 144.04888916015625, 41.787715911865234)",POINT (0.4892829805612564 0.3008423149585724),,,,,,,,,,,,,,,,,,,,,,,,,,,,1,
0,13,5,408095334292,2252174937,1,1,"(0.48207852244377136, 0.2900282144546509)","(0.4916483461856842, 0.307740181684494)",1,1,2.3182525634765625,2.342315673828125,"(-50.63743591308594, 29.954261779785156, 529.8523559570312)","(11.053508758544922, 26.177845001220703, 530.4201049804688)","(-7.811968803405762, 147.1825408935547, 42.92827224731445)","(-4.505361080169678, 143.9476776123047, 41.75090408325195)",POINT (0.4868634343147278 0.2988841980695724),,,,,,,,,,,,,,,,,,,,,,,,,,,,1,
0,13,5,408095350959,2252191604,1,1,"(0.4871370196342468, 0.29250651597976685)","(0.4962425231933594, 0.3126974403858185)",1,1,2.308380126953125,2.332733154296875,"(-50.65912628173828, 29.951387405395508, 529.85693359375)","(11.03826904296875, 26.178430557250977, 530.388916015625)","(-6.064138412475586, 146.72988891601562, 42.76353454589844)","(-2.917954683303833, 143.04229736328125, 41.421356201171875)",POINT (0.4916897714138031 0.3026019781827927),,,,,,,,,,,,,,,,,,,,,,,,,,,,1,
0,13,5,408095367628,2252208271,1,1,"(0.4889187514781952, 0.29578784108161926)","(0.4999242126941681, 0.3075084686279297)",1,1,2.320587158203125,2.3413543701171875,"(-50.66977310180664, 29.955860137939453, 529.8395385742188)","(11.029655456542969, 26.179948806762695, 530.3736572265625)","(-5.448503017425537, 146.130615234375, 42.545406341552734)","(-1.6458532810211182, 143.99000549316406, 41.766292572021484)",POINT (0.4944214820861816 0.3016481548547745),,,,,,,,,,,,,,,,,,,,,,,,,,,,1,
0,13,5,408095384294,2252224937,1,1,"(0.4895213544368744, 0.29718998074531555)","(0.506203293800354, 0.317693829536438)",1,1,2.3191680908203125,2.325469970703125,"(-50.6751708984375, 29.96162986755371, 529.8153686523438)","(11.025678634643555, 26.186281204223633, 530.3270263671875)","(-5.240289688110352, 145.87452697753906, 42.452205657958984)","(0.523736298084259, 142.12977600097656, 41.08921432495117)",POINT (0.4978623241186142 0.3074419051408768),,,,,,,,,,,,,,,,,,,,,,,,,,,,1,
0,13,5,408095400962,2252241604,1,1,"(0.48451268672943115, 0.292546808719635)","(0.5027540326118469, 0.311233788728714)",1,1,2.33929443359375,2.3528289794921875,"(-50.66142654418945, 29.979597091674805, 529.7230834960938)","(11.028386116027832, 26.20566177368164, 530.334716796875)","(-6.970925807952881, 146.72254943847656, 42.76083755493164)","(-0.6680681109428406, 143.3096160888672, 41.518646240234375)",POINT (0.493633359670639 0.3018902987241745),,,,,,,,,,,,,,,,,,,,,,,,,,,,1,
0,13,5,408095417628,2252258270,1,1,"(0.484917551279068, 0.29249146580696106)","(0.5033038258552551, 0.30333563685417175)",1,1,2.35308837890625,2.36468505859375,"(-50.655887603759766, 30.006580352783203, 529.7403564453125)","(11.040046691894531, 26.21343994140625, 530.2643432617188)","(-6.8310160636901855, 146.73265075683594, 42.764522552490234)","(-0.4781041443347931, 144.75209045410156, 42.04368209838867)",POINT (0.4941106885671616 0.2979135513305664),,,,,,,,,,,,,,,,,,,,,,,,,,,,1,
0,13,5,408095434300,2252274941,1,1,"(0.48361754417419434, 0.29350829124450684)","(0.4977725148200989, 0.3131278455257416)",1,1,2.3651123046875,2.3516387939453125,"(-50.659645080566406, 30.02509307861328, 529.7320556640625)","(11.031002044677734, 26.219377517700195, 530.272216796875)","(-7.280209064483643, 146.54693603515625, 42.696929931640625)","(-2.3893024921417236, 142.96368408203125, 41.39273452758789)",POINT (0.4906950294971466 0.3033180683851242),,,,,,,,,,,,,,,,,,,,,,,,,,,,1,
0,13,5,408095450967,2252291608,1,1,"(0.44160351157188416, 0.3483714759349823)","(0.46438518166542053, 0.33625680208206177)",1,1,2.328369140625,2.356048583984375,"(-50.74309158325195, 30.001117706298828, 529.9246826171875)","(10.931962966918945, 26.2188663482666, 530.46240234375)","(-21.79711151123047, 136.5269012451172, 39.049930572509766)","(-13.925467491149902, 138.73948669433594, 39.85525894165039)",POINT (0.4529943466186523 0.342314139008522),,,,,,,,,,,,,,,,,,,,,,,,,,,,1,
0,13,5,408095617647,2252458283,1,1,"(0.45252129435539246, 0.4633944630622864)","(0.474307119846344, 0.4434088468551636)",1,1,2.248138427734375,2.34783935546875,"(-50.79084777832031, 29.838924407958984, 529.7049560546875)","(10.937844276428223, 25.950714111328125, 530.399658203125)","(-18.024749755859375, 115.51947021484375, 31.40389060974121)","(-10.497197151184082, 119.16958618164062, 32.73238754272461)",POINT (0.4634142071008682 0.453401654958725),,,,,,,,,,,,,,,,,,,,,,,,,,,,1,
0,13,5,408095634313,2252474948,1,1,"(0.44975903630256653, 0.4853563904762268)","(0.4697803556919098, 0.43069836497306824)",1,1,2.265121459960937,2.3399200439453125,"(-50.79876708984375, 29.80280303955078, 529.7028198242188)","(10.93494987487793, 25.917686462402344, 530.3687133789062)","(-18.979177474975586, 111.50843048095703, 29.943941116333008)","(-12.06131362915039, 121.4909896850586, 33.57731246948242)",POINT (0.4597696959972382 0.4580273777246475),,,,,,,,,,,,,,,,,,,,,,,,,,,,1,
0,13,5,408095650979,2252491614,1,1,"(0.4498700797557831, 0.4616412818431854)","(0.46934154629707336, 0.4185808598995209)",1,1,2.29296875,2.333526611328125,"(-50.79359817504883, 29.777559280395508, 529.6640014648438)","(10.9474458694458, 25.89923095703125, 530.3844604492188)","(-18.940807342529297, 115.83967590332031, 31.5203914642334)","(-12.212930679321289, 123.7041015625, 34.38279724121094)",POINT (0.4596058130264282 0.4401110708713532),,,,,,,,,,,,,,,,,,,,,,,,,,,,,
0,13,5,408095667647,2252508281,1,1,"(0.4486904740333557, 0.4620550870895386)","(0.4612419009208679, 0.45206689834594727)",1,1,2.301620483398437,2.3487091064453125,"(-50.79450225830078, 29.784408569335938, 529.7264404296875)","(10.989832878112793, 25.923269271850586, 530.5235595703125)","(-19.3483943939209, 115.76409912109375, 31.492897033691406)","(-15.011566162109375, 117.58831024169922, 32.1568717956543)",POINT (0.4549661874771118 0.4570609927177429),,,,,,,,,,,,,,,,,,,,,,,,,,,,1,
0,13,5,408095800991,2252641621,1,1,"(0.42831701040267944, 0.42943885922431946)","(0.43045806884765625, 0.46459054946899414)",1,1,2.280258178710937,2.320556640625,"(-50.926395416259766, 29.998825073242188, 530.0602416992188)","(10.865171432495117, 26.1594295501709, 530.3621826171875)","(-26.387948989868164, 121.72101593017578, 33.661048889160156)","(-25.648157119750977, 115.30103302001953, 31.3243350982666)",POINT (0.4293875396251678 0.4470147043466568),,,,,,,,,,,,,,,,,,,,,,,,,,,,,
0,13,5,408095817663,2252658293,1,1,"(0.42128586769104004, 0.4690228998661041)","(0.42610207200050354, 0.4798069894313812)",1,1,2.2716827392578125,2.332427978515625,"(-50.94401550292969, 29.9654598236084, 530.048828125)","(10.845489501953125, 26.122404098510742, 530.26904296875)","(-28.8173828125, 114.49153137207031, 31.029691696166992)","(-27.15325355529785, 112.52195739746094, 30.31284523010254)",POINT (0.4236939698457718 0.4744149446487427),,,,,,,,,,,,,,,,,,,,,,,,,,,,1,
0,13,5,408095834327,2252674957,1,1,"(0.4205916225910187, 0.4316859841346741)","(0.428956001996994, 0.44836416840553284)",1,1,2.35614013671875,2.36407470703125,"(-50.952552795410156, 29.912906646728516, 529.89013671875)","(10.824642181396484, 26.079174041748047, 530.177001953125)","(-29.05725860595703, 121.31060791015625, 33.511661529541016)","(-26.167150497436523, 118.26456451416016, 32.40297317504883)",POINT (0.4247738122940064 0.4400250762701034),,,,,,,,,,,,,,,,,,,,,,,,,,,,,
0,13,5,408095850995,2252691624,1,1,"(0.42097824811935425, 0.4252902865409851)","(0.4319458603858948, 0.4438939094543457)",1,1,2.375213623046875,2.3983154296875,"(-50.967933654785156, 29.87725830078125, 529.8094482421875)","(10.795890808105469, 26.04734992980957, 530.216796875)","(-28.923673629760742, 122.47872161865234, 33.936798095703125)","(-25.13408851623535, 119.08100128173828, 32.70014572143555)",POINT (0.4264620542526245 0.4345920979976654),,,,,,,,,,,,,,,,,,,,,,,,,,,,,
0,13,5,408095867662,2252708291,1,1,"(0.4204316735267639, 0.419383704662323)","(0.43253546953201294, 0.44574180245399475)",1,1,2.4096832275390625,2.419647216796875,"(-50.971099853515625, 29.83795166015625, 529.7073974609375)","(10.777013778686523, 26.017620086669922, 530.2250366210938)","(-29.112533569335938, 123.55746459960938, 34.329444885253906)","(-24.930355072021484, 118.74352264404297, 32.57728958129883)",POINT (0.4264835715293884 0.4325627535581589),,,,,,,,,,,,,,,,,,,,,,,,,,,,,
0,13,5,408095884329,2252724957,1,1,"(0.4207685589790344, 0.42097270488739014)","(0.4391135275363922, 0.4406452775001526)",1,1,2.40399169921875,2.42547607421875,"(-50.973968505859375, 29.817073822021484, 529.644287109375)","(10.762066841125488, 26.012847900390625, 530.389404296875)","(-28.996129989624023, 123.26725769042969, 34.22380447387695)","(-22.6574649810791, 119.67431640625, 32.916099548339844)",POINT (0.4299410432577133 0.4308089911937714),,,,,,,,,,,,,,,,,,,,,,,,,,,,,
0,13,5,408095900996,2252741624,1,1,"(0.41833704710006714, 0.42468881607055664)","(0.43829962611198425, 0.4394333064556122)",1,1,2.4232177734375,2.445785522460937,"(-50.992061614990234, 29.798383712768555, 529.633056640625)","(10.745244979858398, 25.998573303222656, 530.3511962890625)","(-29.836271286010742, 122.58854675292969, 33.976810455322266)","(-22.93869972229004, 119.89566802978516, 32.996665954589844)",POINT (0.4283183366060257 0.4320610612630844),,,,,,,,,,,,,,,,,,,,,,,,,,,,,
0,13,5,408095917664,2252758291,1,1,"(0.42232435941696167, 0.4122636616230011)","(0.43952345848083496, 0.43907037377357483)",1,1,2.418182373046875,2.4258575439453125,"(-51.0074462890625, 29.792964935302734, 529.5591430664062)","(10.735760688781738, 25.997013092041016, 530.3282470703125)","(-28.458553314208984, 124.85784149169922, 34.80275344848633)","(-22.515832901000977, 119.96195983886719, 33.02077865600586)",POINT (0.4309239089488983 0.425667017698288),,,,,,,,,,,,,,,,,,,,,,,,,,,,,
0,13,5,408095934330,2252774957,1,1,"(0.4247242510318756, 0.42601028084754944)","(0.43868184089660645, 0.4363979995250702)",1,1,2.432769775390625,2.4415740966796875,"(-51.027496337890625, 29.784622192382812, 529.5557250976562)","(10.719005584716797, 25.990549087524414, 530.2896728515625)","(-27.629322052001953, 122.34720611572266, 33.888946533203125)","(-22.806631088256836, 120.45001220703125, 33.19843673706055)",POINT (0.431703045964241 0.4312041401863098),,,,,,,,,,,,,,,,,,,,,,,,,,,,,
0,13,5,408095951002,2252791628,1,1,"(0.4274907112121582, 0.4248315691947937)","(0.4351908564567566, 0.438357412815094)",1,1,2.4180145263671875,2.4471435546875,"(-51.05373764038086, 29.790740966796875, 529.5430908203125)","(10.698440551757812, 25.998640060424805, 530.266845703125)","(-26.67344093322754, 122.5624771118164, 33.96730041503906)","(-24.012842178344727, 120.09214782714844, 33.068206787109375)",POINT (0.4313407838344574 0.4315944910049438),,,,,,,,,,,,,,,,,,,,,,,,,,,,,
0,13,5,408095967668,2252808294,1,1,"(0.4205888509750366, 0.41867727041244507)","(0.4379713833332062, 0.43124625086784363)",1,1,2.442001342773437,2.4310760498046875,"(-51.072044372558594, 29.787372589111328, 529.541015625)","(10.68246841430664, 25.993812561035156, 530.2827758789062)","(-29.05821418762207, 123.68648529052734, 34.37642288208008)","(-23.052106857299805, 121.39093017578125, 33.54088592529297)",POINT (0.4292801171541214 0.4249617606401444),,,,,,,,,,,,,,,,,,,,,,,,,,,,,
0,13,5,408095984336,2252824961,1,1,"(0.41802626848220825, 0.42968669533729553)","(0.4320676028728485, 0.43423500657081604)",1,1,2.45867919921875,2.428375244140625,"(-51.09153747558594, 29.794511795043945, 529.5144653320312)","(10.66375732421875, 26.01038932800293, 530.337890625)","(-29.943649291992188, 121.6757583618164, 33.64458465576172)","(-25.092021942138672, 120.8450698852539, 33.34220886230469)",POINT (0.4250469356775284 0.4319608509540558),,,,,,,,,,,,,,,,,,,,,,,,,,,,,
0,13,5,408096001003,2252841628,1,1,"(0.423139750957489, 0.41874849796295166)","(0.4401949644088745, 0.44076040387153625)",1,1,2.4533233642578125,2.434844970703125,"(-51.074989318847656, 29.788755416870117, 529.5010986328125)","(10.6768798828125, 26.009632110595703, 530.3456420898438)","(-28.176816940307617, 123.67346954345703, 34.37167739868164)","(-22.28380584716797, 119.6532974243164, 32.90842819213867)",POINT (0.4316673576831818 0.429754450917244),,,,,,,,,,,,,,,,,,,,,,,,,,,,,
0,13,5,408096017671,2252858295,1,1,"(0.47961410880088806, 0.4295739233493805)","(0.4897945523262024, 0.43681520223617554)",1,1,2.4532623291015625,2.44329833984375,"(-50.922630310058594, 29.777999877929688, 529.486083984375)","(10.785663604736328, 25.995880126953125, 530.2015380859375)","(-8.663500785827637, 121.69634246826172, 33.65207290649414)","(-5.1458940505981445, 120.37384796142578, 33.17070388793945)",POINT (0.4847043305635452 0.433194562792778),,,,,,,,,,,,,,,,,,,,,,,,,,,,,
0,13,5,408096034337,2252874961,1,1,"(0.4674278497695923, 0.4310888648033142)","(0.4780946969985962, 0.4313303530216217)",1,1,2.4614715576171875,2.41632080078125,"(-50.92713165283203, 29.77108383178711, 529.4930419921875)","(10.776174545288086, 25.995319366455078, 530.2330932617188)","(-12.874161720275879, 121.41966247558594, 33.55134963989258)","(-9.188493728637695, 121.37557220458984, 33.53531265258789)",POINT (0.4727612733840942 0.431209608912468),,,,,,,,,,,,,,,,,,,,,,,,,,,,,
0,13,5,408096051005,2252891628,1,1,"(0.47551146149635315, 0.4328858256340027)","(0.4794493019580841, 0.45605751872062683)",1,1,2.455184936523437,2.4482879638671875,"(-50.971946716308594, 29.771421432495117, 529.5013427734375)","(10.74026870727539, 26.011550903320312, 530.2188720703125)","(-10.08106517791748, 121.09148406982422, 33.4318733215332)","(-8.720442771911621, 116.8594741821289, 31.89158058166504)",POINT (0.4774803817272186 0.4444716721773148),,,,,,,,,,,,,,,,,,,,,,,,,,,,,
0,13,5,408096067671,2252908294,1,1,"(0.4730697274208069, 0.43969422578811646)","(0.4845484793186188, 0.443559467792511)",1,1,2.4785919189453125,2.4556884765625,"(-51.00399398803711, 29.766523361206055, 529.5435791015625)","(10.71419906616211, 26.01581573486328, 530.2740478515625)","(-10.92475414276123, 119.84801483154297, 32.97932434082031)","(-6.958548069000244, 119.14207458496094, 32.722381591796875)",POINT (0.4788091033697128 0.4416268467903137),,,,,,,,,,,,,,,,,,,,,,,,,,,,,
0,13,5,408096084343,2252924965,1,1,"(0.46569669246673584, 0.43059664964675903)","(0.48660022020339966, 0.43222588300704956)",1,1,2.455718994140625,2.407943725585937,"(-51.03155517578125, 29.761150360107422, 529.547119140625)","(10.68949031829834, 26.021392822265625, 530.2747802734375)","(-13.47232437133789, 121.50957489013672, 33.584068298339844)","(-6.249615669250488, 121.2120132446289, 33.47576141357422)",POINT (0.4761484563350678 0.4314112663269043),,,,,,,,,,,,,,,,,,,,,,,,,,,,,
0,13,5,408096101010,2252941632,1,1,"(0.4687257409095764, 0.43959105014801025)","(0.48405879735946655, 0.4406350255012512)",1,1,2.44512939453125,2.39276123046875,"(-51.06344223022461, 29.758256912231445, 529.5570068359375)","(10.663836479187012, 26.017047882080078, 530.260009765625)","(-12.425701141357422, 119.86685943603516, 32.986175537109375)","(-7.127736568450928, 119.67619323730469, 32.9167594909668)",POINT (0.4763922691345215 0.4401130378246307),,,,,,,,,,,,,,,,,,,,,,,,,,,,,
0,13,5,408096117678,2252958299,1,1,"(0.4718204140663147, 0.43090400099754333)","(0.4828145503997803, 0.4505726397037506)",1,1,2.420883178710937,2.411117553710937,"(-51.079307556152344, 29.755218505859375, 529.5540771484375)","(10.650802612304688, 26.01778793334961, 530.29931640625)","(-11.35641098022461, 121.45343017578125, 33.563629150390625)","(-7.557665824890137, 117.8612289428711, 32.256187438964844)",POINT (0.4773174822330475 0.440738320350647),,,,,,,,,,,,,,,,,,,,,,,,,,,,,
0,13,5,408096134344,2252974965,1,1,"(0.47145527601242065, 0.43238499760627747)","(0.48426464200019836, 0.4552483856678009)",1,1,2.387054443359375,2.406890869140625,"(-51.079898834228516, 29.737979888916016, 529.5308227539062)","(10.647669792175293, 26.006906509399414, 530.3223876953125)","(-11.482583999633789, 121.18294525146484, 33.465187072753906)","(-7.056634902954102, 117.00724792480469, 31.945383071899414)",POINT (0.4778599590063095 0.4438166916370392),,,,,,,,,,,,,,,,,,,,,,,,,,,,,
0,13,5,408096151011,2252991631,1,1,"(0.4713664948940277, 0.4406290054321289)","(0.4841565787792206, 0.4457145631313324)",1,1,2.390655517578125,2.3887176513671875,"(-51.075828552246094, 29.73427963256836, 529.5313110351562)","(10.652002334594727, 26.001850128173828, 530.361328125)","(-11.513257026672363, 119.67728424072266, 32.91719055175781)","(-7.093966484069824, 118.74847412109375, 32.57912826538086)",POINT (0.4777615368366242 0.4431717842817306),,,,,,,,,,,,,,,,,,,,,,,,,,,,,
0,13,5,408096167678,2253008298,1,1,"(0.4749928414821625, 0.4359968602657318)","(0.4872359037399292, 0.44320735335350037)",1,1,2.377304077148437,2.3779754638671875,"(-51.06633758544922, 29.728065490722656, 529.5563354492188)","(10.662506103515625, 25.991384506225586, 530.4002685546875)","(-10.260269165039062, 120.52328491210938, 33.22511291503906)","(-6.029976844787598, 119.20638275146484, 32.74579620361328)",POINT (0.4811143726110458 0.4396021068096161),,,,,,,,,,,,,,,,,,,,,,,,,,,,,
0,13,5,408096184346,2253024965,1,1,"(0.47296085953712463, 0.44397273659706116)","(0.4833289384841919, 0.45503443479537964)",1,1,2.387786865234375,2.3738250732421875,"(-51.051578521728516, 29.721202850341797, 529.543212890625)","(10.673543930053711, 25.994983673095703, 530.4229736328125)","(-10.962373733520508, 119.06660461425781, 32.69490432739258)","(-7.379925727844238, 117.04632568359375, 31.959585189819336)",POINT (0.4781448990106583 0.4495035856962204),,,,,,,,,,,,,,,,,,,,,,,,,,,,1,
0,13,5,408096201013,2253041632,1,1,"(0.4727776050567627, 0.4252517521381378)","(0.48667606711387634, 0.4439302086830139)",1,1,2.3343658447265625,2.353515625,"(-51.050392150878906, 29.706783294677734, 529.5439453125)","(10.672187805175781, 25.988445281982422, 530.4308471679688)","(-11.025691986083984, 122.4857406616211, 33.939395904541016)","(-6.223415374755859, 119.07437133789062, 32.69771957397461)",POINT (0.4797268360853195 0.4345909804105759),,,,,,,,,,,,,,,,,,,,,,,,,,,,,
0,13,5,408096217686,2253058304,1,1,"(0.48204562067985535, 0.43779173493385315)","(0.4961263835430145, 0.446294903755188)",1,1,2.3366851806640625,2.339080810546875,"(-50.985107421875, 29.68792724609375, 529.468017578125)","(10.714893341064453, 25.97777557373047, 530.3984375)","(-7.823339462280273, 120.19548034667969, 33.10578155517578)","(-2.958090305328369, 118.6424789428711, 32.540550231933594)",POINT (0.4890860021114349 0.4420433193445206),,,,,,,,,,,,,,,,,,,,,,,,,,,,,
0,13,5,408096234353,2253074971,1,1,"(0.49021968245506287, 0.44313767552375793)","(0.5071877837181091, 0.4584493637084961)",1,1,2.326904296875,2.3386993408203125,"(-50.96815490722656, 29.673948287963867, 529.637451171875)","(10.725436210632324, 25.954898834228516, 530.37548828125)","(-4.999006748199463, 119.21910858154297, 32.75043487548828)","(0.8639217615127563, 116.42263793945312, 31.732585906982422)",POINT (0.498703733086586 0.450793519616127),,,,,,,,,,,,,,,,,,,,,,,,,,,,1,
0,13,5,408096251022,2253091639,1,1,"(0.49151188135147095, 0.4353984296321869)","(0.5026116967201233, 0.4481399357318878)",1,1,2.302841186523437,2.326568603515625,"(-51.00061798095703, 29.65683364868164, 529.6329345703125)","(10.703686714172363, 25.950050354003906, 530.3758544921875)","(-4.552515983581543, 120.6325912475586, 33.264869689941406)","(-0.7172415852546692, 118.30551147460938, 32.41788864135742)",POINT (0.4970617890357971 0.4417691826820374),,,,,,,,,,,,,,,,,,,,,,,,,,,,1,
0,13,5,408096267689,2253108306,1,1,"(0.49415066838264465, 0.4348565936088562)","(0.5038815140724182, 0.4605008065700531)",1,1,2.29937744140625,2.3344879150390625,"(-51.0125732421875, 29.637351989746094, 529.6229248046875)","(10.697490692138672, 25.927045822143555, 530.352783203125)","(-3.6407394409179688, 120.7315444946289, 33.30088424682617)","(-0.2785029411315918, 116.0479736328125, 31.596214294433594)",POINT (0.4990160912275314 0.4476787000894546),,,,,,,,,,,,,,,,,,,,,,,,,,,,1,
0,13,5,408096284357,2253124973,1,1,"(0.4883060157299042, 0.43630272150039673)","(0.5053736567497253, 0.4536440372467041)",1,1,2.277572631835937,2.322723388671875,"(-51.0194091796875, 29.624950408935547, 529.6529541015625)","(10.698341369628906, 25.913349151611328, 530.3609619140625)","(-5.66022253036499, 120.4674301147461, 33.20475387573242)","(0.23708808422088623, 117.30026245117188, 32.05202102661133)",POINT (0.4968398362398148 0.4449733793735504),,,,,,,,,,,,,,,,,,,,,,,,,,,,1,
0,13,5,408096301023,2253141639,1,1,"(0.49183785915374756, 0.43797481060028076)","(0.5038509964942932, 0.45340004563331604)",1,1,2.2850341796875,2.3035888671875,"(-51.022125244140625, 29.609298706054688, 529.6755981445312)","(10.699028968811035, 25.894956588745117, 530.3681640625)","(-4.439886569976807, 120.16204071044922, 33.0936164855957)","(-0.2890271246433258, 117.34481811523438, 32.068214416503906)",POINT (0.4978444278240204 0.4456874281167984),,,,,,,,,,,,,,,,,,,,,,,,,,,,1,
0,13,5,408096317689,2253158304,1,1,"(0.4958235025405884, 0.4414522349834442)","(0.5025225281715393, 0.4536055624485016)",1,1,2.2689361572265625,2.318954467773437,"(-51.01533508300781, 29.593204498291016, 529.6922607421875)","(10.710941314697266, 25.874034881591797, 530.3758544921875)","(-3.062739849090576, 119.52694702148438, 32.86245346069336)","(-0.7480641007423401, 117.30729675292969, 32.0545768737793)",POINT (0.4991730153560638 0.4475288987159729),,,,,,,,,,,,,,,,,,,,,,,,,,,,1,
0,13,5,408096334356,2253174971,1,1,"(0.49463412165641785, 0.43464210629463196)","(0.5043395757675171, 0.44940388202667236)",1,1,2.259185791015625,2.3083038330078125,"(-50.998695373535156, 29.563173294067383, 529.6795654296875)","(10.721200942993164, 25.848390579223633, 530.328857421875)","(-3.4736924171447754, 120.77070617675781, 33.31516647338867)","(-0.12021200358867645, 118.07467651367188, 32.33386993408203)",POINT (0.4994868487119675 0.4420229941606522),,,,,,,,,,,,,,,,,,,,,,,,,,,,1,
0,13,5,408096351027,2253191641,1,1,"(0.49588897824287415, 0.4439581334590912)","(0.500737190246582, 0.4567788541316986)",1,1,2.275497436523437,2.3028717041015625,"(-50.98825454711914, 29.535648345947266, 529.6349487304688)","(10.73091983795166, 25.832801818847656, 530.2974853515625)","(-3.0401158332824707, 119.06926727294922, 32.69589614868164)","(-1.364943265914917, 116.72773742675781, 31.843618392944336)",POINT (0.4983130842447281 0.4503684937953949),,,,,,,,,,,,,,,,,,,,,,,,,,,,1,
0,13,5,408096367695,2253208309,1,1,"(0.49058133363723755, 0.4429280757904053)","(0.5008469820022583, 0.46215149760246277)",1,1,2.262969970703125,2.29803466796875,"(-50.97713088989258, 29.520076751708984, 529.6048583984375)","(10.739462852478027, 25.815683364868164, 530.2891845703125)","(-4.874037742614746, 119.25739288330078, 32.764339447021484)","(-1.3270033597946167, 115.74649810791016, 31.486482620239258)",POINT (0.4957141578197479 0.452539786696434),,,,,,,,,,,,,,,,,,,,,,,,,,,,1,
0,13,5,408096384362,2253224975,1,1,"(0.48909834027290344, 0.44118732213974)","(0.49768733978271484, 0.45684221386909485)",1,1,2.262237548828125,2.2808380126953125,"(-50.96835708618164, 29.50336456298828, 529.6146240234375)","(10.754314422607422, 25.797786712646484, 530.28076171875)","(-5.38645601272583, 119.5753173828125, 32.88008499145508)","(-2.418738603591919, 116.7161636352539, 31.839401245117188)",POINT (0.4933928400278091 0.4490147680044174),,,,,,,,,,,,,,,,,,,,,,,,,,,,1,
0,13,5,408096401029,2253241642,1,1,"(0.4914070963859558, 0.4427635669708252)","(0.5003561973571777, 0.46228092908859253)",1,1,2.2714996337890625,2.296875,"(-50.954341888427734, 29.4914608001709, 529.5855102539062)","(10.762422561645508, 25.785106658935547, 530.3041381835938)","(-4.588714122772217, 119.28744506835938, 32.775291442871094)","(-1.4965806007385254, 115.72284698486328, 31.47788429260254)",POINT (0.4958816468715668 0.4525222480297089),,,,,,,,,,,,,,,,,,,,,,,,,,,,1,
0,13,5,408096417696,2253258308,1,1,"(0.49708977341651917, 0.44559410214424133)","(0.5002272129058838, 0.46962377429008484)",1,1,2.271270751953125,2.303802490234375,"(-50.94343566894531, 29.478805541992188, 529.5635986328125)","(10.76850414276123, 25.770557403564453, 530.3740844726562)","(-2.6252031326293945, 118.7704849243164, 32.58711242675781)","(-1.5411441326141357, 114.38177490234375, 30.98975372314453)",POINT (0.4986584931612015 0.4576089382171631),,,,,,,,,,,,,,,,,,,,,,,,,,,,1,
0,13,5,408096434363,2253274975,1,1,"(0.48913198709487915, 0.43985098600387573)","(0.49788767099380493, 0.4569025933742523)",1,1,2.2393798828125,2.2926788330078125,"(-50.936767578125, 29.473804473876953, 529.6202392578125)","(10.78109359741211, 25.76390266418457, 530.4124755859375)","(-5.3748250007629395, 119.81938934326172, 32.96889877319336)","(-2.3495118618011475, 116.70513916015625, 31.83538246154785)",POINT (0.493509829044342 0.448376789689064),,,,,,,,,,,,,,,,,,,,,,,,,,,,1,
0,13,5,408096451031,2253291642,1,1,"(0.4904837906360626, 0.43784770369529724)","(0.5009798407554626, 0.45589855313301086)",1,1,2.2345428466796875,2.27008056640625,"(-50.92542266845703, 29.461872100830078, 529.6221313476562)","(10.793195724487305, 25.75324249267578, 530.4202270507812)","(-4.907750129699707, 120.18526458740234, 33.10206985473633)","(-1.2810906171798706, 116.88851928710938, 31.902130126953125)",POINT (0.4957318156957626 0.446873128414154),,,,,,,,,,,,,,,,,,,,,,,,,,,,1,
0,13,5,408096467697,2253308308,1,1,"(0.48145952820777893, 0.43811744451522827)","(0.48779335618019104, 0.45643317699432373)",1,1,2.261093139648437,2.29193115234375,"(-50.953033447265625, 29.46220588684082, 529.688720703125)","(10.767488479614258, 25.754436492919922, 530.4837646484375)","(-8.025869369506836, 120.13599395751953, 33.08414077758789)","(-5.8373613357543945, 116.79084777832031, 31.86664581298828)",POINT (0.484626442193985 0.447275310754776),,,,,,,,,,,,,,,,,,,,,,,,,,,,1,
0,13,5,408096484367,2253324977,1,1,"(0.48417651653289795, 0.440512478351593)","(0.4905315935611725, 0.46372148394584656)",1,1,2.24017333984375,2.3083648681640625,"(-50.959659576416016, 29.445703506469727, 529.7105712890625)","(10.76274299621582, 25.738245010375977, 530.4759521484375)","(-7.087069511413574, 119.69856262207031, 32.9249267578125)","(-4.891216278076172, 115.4597396850586, 31.382122039794922)",POINT (0.4873540550470352 0.4521169811487198),,,,,,,,,,,,,,,,,,,,,,,,,,,,1,
0,13,5,408096501035,2253341645,1,1,"(0.4852614402770996, 0.4424360394477844)","(0.4955437183380127, 0.46511876583099365)",1,1,2.2402801513671875,2.301239013671875,"(-50.95884704589844, 29.429452896118164, 529.6785278320312)","(10.764297485351562, 25.716665267944336, 530.483642578125)","(-6.7122039794921875, 119.34725189208984, 32.79705810546875)","(-3.159410238265991, 115.20455169677734, 31.289247512817383)",POINT (0.4904025793075562 0.453777402639389),,,,,,,,,,,,,,,,,,,,,,,,,,,,1,
0,13,5,408096517702,2253358311,1,1,"(0.4848211407661438, 0.4524359405040741)","(0.4934035837650299, 0.4572407305240631)",1,1,2.259063720703125,2.299407958984375,"(-50.964111328125, 29.421234130859375, 529.7166748046875)","(10.76357650756836, 25.703994750976562, 530.4764404296875)","(-6.864337921142578, 117.52091217041016, 32.132328033447266)","(-3.8988773822784424, 116.64338684082031, 31.81291961669922)",POINT (0.4891123622655868 0.4548383355140686),,,,,,,,,,,,,,,,,,,,,,,,,,,,1,
0,13,5,408096534369,2253374978,1,1,"(0.4856537878513336, 0.45302140712738037)","(0.4877954125404358, 0.45752546191215515)",1,1,2.269378662109375,2.268829345703125,"(-50.962074279785156, 29.41339111328125, 529.6854858398438)","(10.763200759887695, 25.68891143798828, 530.460205078125)","(-6.576634883880615, 117.41397857666016, 32.09339904785156)","(-5.8366522789001465, 116.59136962890625, 31.793991088867188)",POINT (0.4867246001958847 0.4552734345197678),,,,,,,,,,,,,,,,,,,,,,,,,,,,1,
0,13,5,408096551037,2253391645,1,1,"(0.48425301909446716, 0.45004501938819885)","(0.4919845163822174, 0.4581717848777771)",1,1,2.263458251953125,2.27117919921875,"(-50.95912170410156, 29.407119750976562, 529.6544189453125)","(10.767104148864746, 25.675304412841797, 530.468017578125)","(-7.060632705688477, 117.95758056640625, 32.29123306274414)","(-4.389210224151611, 116.47332763671875, 31.751035690307617)",POINT (0.4881187677383423 0.454108402132988),,,,,,,,,,,,,,,,,,,,,,,,,,,,1,
0,13,5,408096567703,2253408311,1,1,"(0.48653608560562134, 0.45255348086357117)","(0.4889121949672699, 0.4596792161464691)",1,1,2.2700653076171875,2.288330078125,"(-50.96125793457031, 29.403034210205078, 529.66162109375)","(10.769882202148438, 25.659709930419922, 530.4287719726562)","(-6.271786689758301, 117.49942779541016, 32.12451171875)","(-5.45076847076416, 116.19802856445312, 31.650827407836914)",POINT (0.4877241402864456 0.4561163485050201),,,,,,,,,,,,,,,,,,,,,,,,,,,,1,
0,13,5,408096584371,2253424978,1,1,"(0.4845088720321655, 0.4452472925186157)","(0.4921932518482208, 0.453687459230423)",1,1,2.25421142578125,2.2748565673828125,"(-50.96902847290039, 29.399898529052734, 529.6522827148438)","(10.77032470703125, 25.648265838623047, 530.4210205078125)","(-6.972240924835205, 118.83382415771484, 32.61017608642578)","(-4.317080974578857, 117.29232788085938, 32.04912567138672)",POINT (0.4883510619401932 0.4494673758745194),,,,,,,,,,,,,,,,,,,,,,,,,,,,1,
0,13,5,408096601038,2253441645,1,1,"(0.48216599225997925, 0.4496118128299713)","(0.49064189195632935, 0.45441770553588867)",1,1,2.2738494873046875,2.2965087890625,"(-50.98357009887695, 29.3881778717041, 529.6583862304688)","(10.757852554321289, 25.639663696289062, 530.4209594726562)","(-7.781757354736328, 118.03668975830078, 32.320068359375)","(-4.853121280670166, 117.15897369384766, 32.000572204589844)",POINT (0.4864039421081543 0.45201475918293),,,,,,,,,,,,,,,,,,,,,,,,,,,,1,
0,13,5,408096617711,2253458317,1,1,"(0.48297402262687683, 0.44989073276519775)","(0.4889385402202606, 0.4515431523323059)",1,1,2.268295288085937,2.2793731689453125,"(-51.000831604003906, 29.370054244995117, 529.5849609375)","(10.732519149780273, 25.640592575073242, 530.3907470703125)","(-7.50256872177124, 117.98577117919922, 32.3015022277832)","(-5.4416608810424805, 117.6839599609375, 32.19166564941406)",POINT (0.4859562814235687 0.4507169425487518),,,,,,,,,,,,,,,,,,,,,,,,,,,,1,
0,13,5,408096634378,2253474984,1,1,"(0.48587602376937866, 0.449888676404953)","(0.48918765783309937, 0.46812939643859863)",1,1,2.297348022460937,2.3115997314453125,"(-51.0319938659668, 29.35305404663086, 529.5802612304688)","(10.702081680297852, 25.64569854736328, 530.407470703125)","(-6.499837875366211, 117.98612213134766, 32.30165481567383)","(-5.355594635009766, 114.65469360351562, 31.089136123657227)",POINT (0.487531840801239 0.4590090364217758),,,,,,,,,,,,,,,,,,,,,,,,,,,,1,
0,13,5,408096651044,2253491650,1,1,"(0.48614540696144104, 0.4477897882461548)","(0.49431028962135315, 0.46402454376220703)",1,1,2.2707672119140625,2.310531616210937,"(-51.083229064941406, 29.333309173583984, 529.588623046875)","(10.664407730102539, 25.650178909301758, 530.4474487304688)","(-6.406777858734131, 118.36946868896484, 32.441162109375)","(-3.5855839252471924, 115.40438842773438, 31.361968994140625)",POINT (0.4902278482913971 0.4559071660041809),,,,,,,,,,,,,,,,,,,,,,,,,,,,1,
0,13,5,408096667714,2253508319,1,1,"(0.48213937878608704, 0.4470290243625641)","(0.4881574809551239, 0.4518725275993347)",1,1,2.291000366210937,2.29815673828125,"(-51.12709045410156, 29.305335998535156, 529.5897827148438)","(10.619758605957031, 25.650772094726562, 530.4331665039062)","(-7.790952205657959, 118.5083999633789, 32.491764068603516)","(-5.711548805236816, 117.62380981445312, 32.169776916503906)",POINT (0.4851484298706055 0.4494507759809494),,,,,,,,,,,,,,,,,,,,,,,,,,,,1,
0,13,5,408096684381,2253524986,1,1,"(0.4848574697971344, 0.4409790635108948)","(0.490484356880188, 0.4490780532360077)",1,1,2.2779998779296875,2.291473388671875,"(-51.17901611328125, 29.28137969970703, 529.6211547851562)","(10.567218780517578, 25.648357391357422, 530.3646240234375)","(-6.851784706115723, 119.61334991455078, 32.8939094543457)","(-4.907543182373047, 118.1341781616211, 32.35554122924805)",POINT (0.4876709133386612 0.4450285583734512),,,,,,,,,,,,,,,,,,,,,,,,,,,,1,
0,13,5,408096701049,2253541653,1,1,"(0.48555728793144226, 0.4485381245613098)","(0.48940932750701904, 0.4552079439163208)",1,1,2.283187866210937,2.2808990478515625,"(-51.22430419921875, 29.26830291748047, 529.6757202148438)","(10.521661758422852, 25.651329040527344, 530.4203491210938)","(-6.609979152679443, 118.23279571533203, 32.39141845703125)","(-5.279011249542236, 117.01464080810547, 31.948055267333984)",POINT (0.4874833077192306 0.4518730342388153),,,,,,,,,,,,,,,,,,,,,,,,,,,,1,
0,13,5,408096717715,2253558319,1,1,"(0.4790498912334442, 0.4438430070877075)","(0.49428457021713257, 0.46526557207107544)",1,1,2.2951812744140625,2.312713623046875,"(-51.27313995361328, 29.25180435180664, 529.7064208984375)","(10.48540210723877, 25.64898109436035, 530.40625)","(-8.858457565307617, 119.09028625488281, 32.70353317260742)","(-3.594486951828003, 115.1777572631836, 31.279468536376953)",POINT (0.4866672307252884 0.4545542895793915),,,,,,,,,,,,,,,,,,,,,,,,,,,,1,
0,13,5,408096734387,2253574990,1,1,"(0.47866472601890564, 0.4508604109287262)","(0.4964282512664795, 0.4728045165538788)",1,1,2.27825927734375,2.335800170898437,"(-51.299224853515625, 29.2127685546875, 529.6238403320312)","(10.454648971557617, 25.630176544189453, 530.3364868164062)","(-8.991521835327148, 117.80866241455078, 32.237030029296875)","(-2.8537838459014893, 113.80084991455078, 30.77833366394043)",POINT (0.4875464886426926 0.4618324637413025),,,,,,,,,,,,,,,,,,,,,,,,,,,,1,
0,13,5,408096751054,2253591657,1,1,"(0.48247864842414856, 0.4505660831928253)","(0.4905124306678772, 0.4766882061958313)",1,1,2.2918853759765625,2.3339996337890625,"(-51.31813430786133, 29.18010711669922, 529.6376953125)","(10.437036514282227, 25.61724853515625, 530.3370971679688)","(-7.673714637756348, 117.86241912841797, 32.25660705566406)","(-4.897853374481201, 113.091552734375, 30.52016258239746)",POINT (0.4864955395460129 0.4636271446943283),,,,,,,,,,,,,,,,,,,,,,,,,,,,1,
0,13,5,408096767722,2253608324,1,1,"(0.4831538796424866, 0.44599562883377075)","(0.4888620376586914, 0.46538254618644714)",1,1,2.280059814453125,2.30181884765625,"(-51.334815979003906, 29.14348030090332, 529.6203002929688)","(10.429571151733398, 25.591033935546875, 530.29833984375)","(-7.440425872802734, 118.69715118408203, 32.5604362487793)","(-5.468109130859375, 115.15638732910156, 31.27169418334961)",POINT (0.486007958650589 0.455689087510109),,,,,,,,,,,,,,,,,,,,,,,,,,,,1,
0,13,5,408096784387,2253624989,1,1,"(0.4810386896133423, 0.4420108199119568)","(0.49392426013946533, 0.45609021186828613)",1,1,2.27777099609375,2.3142547607421875,"(-51.333160400390625, 29.10641860961914, 529.5276489257812)","(10.424930572509766, 25.56633758544922, 530.26708984375)","(-8.171265602111816, 119.42491149902344, 32.825321197509766)","(-3.718982219696045, 116.85350036621094, 31.889400482177734)",POINT (0.4874814748764038 0.4490505158901215),,,,,,,,,,,,,,,,,,,,,,,,,,,,1,
0,13,5,408096801054,2253641655,1,1,"(0.4850842356681824, 0.44059422612190247)","(0.48962369561195374, 0.45259174704551697)",1,1,2.2689666748046875,2.31158447265625,"(-51.328102111816406, 29.061622619628906, 529.4631958007812)","(10.428112983703613, 25.51799964904785, 530.181640625)","(-6.773421764373779, 119.68363952636719, 32.919490814208984)","(-5.2049407958984375, 117.4924545288086, 32.1219596862793)",POINT (0.487353965640068 0.4465929865837097),,,,,,,,,,,,,,,,,,,,,,,,,,,,1,
0,13,5,408096817721,2253658322,1,1,"(0.48467326164245605, 0.4464211165904999)","(0.4993355870246887, 0.4556822180747986)",1,1,2.2542724609375,2.302093505859375,"(-51.322940826416016, 29.014554977416992, 529.4635009765625)","(10.436420440673828, 25.47888946533203, 530.0956420898438)","(-6.915426731109619, 118.61942291259766, 32.53217315673828)","(-1.8492265939712524, 116.92802429199219, 31.91651725769043)",POINT (0.4920044243335724 0.4510516673326492),,,,,,,,,,,,,,,,,,,,,,,,,,,,1,
0,13,5,408096834388,2253674988,1,1,"(0.48215967416763306, 0.4552367031574249)","(0.4898308217525482, 0.4726227819919586)",1,1,2.2952880859375,2.3127593994140625,"(-51.312164306640625, 28.961580276489258, 529.3717041015625)","(10.450544357299805, 25.453840255737305, 530.1182250976562)","(-7.783932209014893, 117.0093765258789, 31.94615364074707)","(-5.133372783660889, 113.83403778076172, 30.790424346923828)",POINT (0.4859952479600906 0.4639297425746918),,,,,,,,,,,,,,,,,,,,,,,,,,,,1,
0,13,5,408096851057,2253691657,1,1,"(0.4847772717475891, 0.4490787386894226)","(0.49605032801628113, 0.462545245885849)",1,1,2.2805328369140625,2.30743408203125,"(-51.31269836425781, 28.931486129760742, 529.2931518554688)","(10.452919006347656, 25.43562126159668, 530.110595703125)","(-6.879499435424805, 118.13406372070312, 32.3554801940918)","(-2.984375238418579, 115.6745834350586, 31.460311889648438)",POINT (0.4904137998819351 0.4558119922876358),,,,,,,,,,,,,,,,,,,,,,,,,,,,1,
0,13,5,408096867732,2253708331,1,1,"(0.4781074523925781, 0.4558563828468323)","(0.49618345499038696, 0.4681873321533203)",1,1,2.279891967773437,2.314849853515625,"(-51.31305694580078, 28.91366195678711, 529.2301635742188)","(10.448787689208984, 25.423933029174805, 530.0873413085938)","(-9.184091567993164, 116.89620971679688, 31.904937744140625)","(-2.938373327255249, 114.64412689208984, 31.085256576538086)",POINT (0.4871454536914825 0.4620218575000763),,,,,,,,,,,,,,,,,,,,,,,,,,,,1,
0,13,5,408096884398,2253724997,1,1,"(0.4852200448513031, 0.4452826678752899)","(0.4946994483470917, 0.45672598481178284)",1,1,2.2481689453125,2.29278564453125,"(-51.3285026550293, 28.9118595123291, 529.2353515625)","(10.439260482788086, 25.425186157226562, 530.048583984375)","(-6.726506233215332, 118.82735443115234, 32.607845306396484)","(-3.4511351585388184, 116.73739624023438, 31.847150802612305)",POINT (0.4899597465991974 0.4510043263435364),,,,,,,,,,,,,,,,,,,,,,,,,,,,1,
0,13,5,408096901067,2253741665,1,1,"(0.4816707670688629, 0.45267099142074585)","(0.49173542857170105, 0.4632456600666046)",1,1,2.285751342773437,2.300888061523437,"(-51.3433837890625, 28.910987854003906, 529.1936645507812)","(10.42465591430664, 25.43288803100586, 530.010009765625)","(-7.952872276306152, 117.47797393798828, 32.1167106628418)","(-4.475277423858643, 115.54666137695312, 31.413747787475586)",POINT (0.486703097820282 0.4579583257436752),,,,,,,,,,,,,,,,,,,,,,,,,,,,1,
0,13,5,408096917733,2253758331,1,1,"(0.4828447699546814, 0.44652116298675537)","(0.49168670177459717, 0.46953049302101135)",1,1,2.28656005859375,2.322128295898437,"(-51.37209701538086, 28.913625717163086, 529.2994384765625)","(10.405427932739258, 25.437122344970703, 529.9562377929688)","(-7.547227382659912, 118.6011734008789, 32.52547836303711)","(-4.492116451263428, 114.39881134033203, 30.9959774017334)",POINT (0.4872657358646393 0.4580258280038834),,,,,,,,,,,,,,,,,,,,,,,,,,,,1,
0,13,5,408096934401,2253774998,1,1,"(0.480762779712677, 0.4474307894706726)","(0.4923059344291687, 0.4593808352947235)",1,1,2.282699584960937,2.303253173828125,"(-51.39706802368164, 28.912261962890625, 529.3506469726562)","(10.389819145202637, 25.44373893737793, 530.00341796875)","(-8.266600608825684, 118.43502807617188, 32.465030670166016)","(-4.278148174285889, 116.25251770019531, 31.670665740966797)",POINT (0.4865343570709228 0.4534058123826981),,,,,,,,,,,,,,,,,,,,,,,,,,,,1,
0,13,5,408096951067,2253791664,1,1,"(0.48213252425193787, 0.4503522515296936)","(0.4855833947658539, 0.4606866240501404)",1,1,2.281951904296875,2.2977752685546875,"(-51.40727996826172, 28.915605545043945, 529.3176879882812)","(10.378215789794922, 25.4526309967041, 530.0270385742188)","(-7.793311595916748, 117.9014663696289, 32.27082443237305)","(-6.600959777832031, 116.01403045654297, 31.5838623046875)",POINT (0.4838579595088959 0.455519437789917),,,,,,,,,,,,,,,,,,,,,,,,,,,,1,
0,13,5,408096967735,2253808331,1,1,"(0.48127812147140503, 0.44321975111961365)","(0.49566927552223206, 0.4651261866092682)",1,1,2.265243530273437,2.309799194335937,"(-51.42030334472656, 28.91257667541504, 529.3392333984375)","(10.367677688598633, 25.45603370666504, 530.081787109375)","(-8.088531494140625, 119.20413208007812, 32.74494171142578)","(-3.11603045463562, 115.20319366455078, 31.288738250732422)",POINT (0.4884736984968185 0.4541729688644409),,,,,,,,,,,,,,,,,,,,,,,,,,,,1,
0,13,5,408096984402,2253824998,1,1,"(0.48332345485687256, 0.43998706340789795)","(0.4887888431549072, 0.4731178283691406)",1,1,2.2882843017578125,2.33154296875,"(-51.41816711425781, 28.922664642333984, 529.3403930664062)","(10.369239807128906, 25.46671485900879, 530.1129760742188)","(-7.381817817687988, 119.79454040527344, 32.9598388671875)","(-5.493403911590576, 113.74363708496094, 30.757518768310547)",POINT (0.4860561490058899 0.4565524458885193),,,,,,,,,,,,,,,,,,,,,,,,,,,,1,
0,13,5,408097001072,2253841667,1,1,"(0.47644031047821045, 0.43987417221069336)","(0.4952022135257721, 0.45541587471961975)",1,1,2.29315185546875,2.3060302734375,"(-51.4125862121582, 28.931739807128906, 529.35595703125)","(10.373268127441406, 25.472124099731445, 530.1363525390625)","(-9.760116577148438, 119.81515502929688, 32.96734619140625)","(-3.277409315109253, 116.9766616821289, 31.93421173095703)",POINT (0.4858212620019913 0.4476450234651566),,,,,,,,,,,,,,,,,,,,,,,,,,,,1,
0,13,5,408097017739,2253858334,1,1,"(0.4852246940135956, 0.4439278542995453)","(0.4967513978481293, 0.4667609632015228)",1,1,2.2774658203125,2.316253662109375,"(-51.40302276611328, 28.943355560302734, 529.349853515625)","(10.381239891052246, 25.478275299072266, 530.1439208984375)","(-6.724900722503662, 119.07479095458984, 32.697906494140625)","(-2.742129325866699, 114.90463256835938, 31.180078506469727)",POINT (0.4909880459308624 0.4553444087505341),,,,,,,,,,,,,,,,,,,,,,,,,,,,1,
0,13,5,408097034407,2253875001,1,1,"(0.44559523463249207, 0.44020771980285645)","(0.4635155498981476, 0.4545648694038391)",1,1,2.299285888671875,2.3166961669921875,"(-51.47643280029297, 28.962364196777344, 529.408447265625)","(10.283851623535156, 25.502525329589844, 530.575927734375)","(-20.41788101196289, 119.75423431396484, 32.945194244384766)","(-14.225943565368652, 117.132080078125, 31.99079704284668)",POINT (0.4545553922653198 0.4473862946033478),,,,,,,,,,,,,,,,,,,,,,,,,,,,,
0,13,5,408097051073,2253891667,1,1,"(0.44316816329956055, 0.44353580474853516)","(0.4566272497177124, 0.4652634561061859)",1,1,2.3078155517578125,2.323455810546875,"(-51.49687957763672, 28.95013427734375, 529.412841796875)","(10.251330375671387, 25.493499755859375, 530.4830322265625)","(-21.25649642944336, 119.14640808105469, 32.72392654418945)","(-16.606037139892578, 115.17813110351562, 31.279619216918945)",POINT (0.4498977065086365 0.4543996304273605),,,,,,,,,,,,,,,,,,,,,,,,,,,,,
0,13,5,408097067741,2253908334,1,1,"(0.4451310932636261, 0.4434877932071686)","(0.46000489592552185, 0.4515741467475891)",1,1,2.315185546875,2.321533203125,"(-51.469635009765625, 28.929738998413086, 529.4178466796875)","(10.293174743652344, 25.46157455444336, 530.4970703125)","(-20.578245162963867, 119.15515899658203, 32.727134704589844)","(-15.438982009887695, 117.67831420898438, 32.1895866394043)",POINT (0.452567994594574 0.4475309699773788),,,,,,,,,,,,,,,,,,,,,,,,,,,,,
0,13,5,408097084407,2253925000,1,1,"(0.4452669620513916, 0.4404228627681732)","(0.462110310792923, 0.44231897592544556)",1,1,2.2935028076171875,2.306259155273437,"(-51.44682312011719, 28.916213989257812, 529.4380493164062)","(10.324188232421875, 25.43198013305664, 530.51953125)","(-20.531309127807617, 119.71493530273438, 32.93088912963867)","(-14.711496353149414, 119.36865234375, 32.804813385009766)",POINT (0.4536886364221573 0.4413709193468094),,,,,,,,,,,,,,,,,,,,,,,,,,,,,
0,13,5,408097101075,2253941667,1,1,"(0.4522591829299927, 0.43691837787628174)","(0.46006450057029724, 0.4549398422241211)",1,1,2.2578887939453125,2.32598876953125,"(-51.41965866088867, 28.908565521240234, 529.4881591796875)","(10.351449966430664, 25.40526580810547, 530.52734375)","(-18.11531639099121, 120.35498809814453, 33.16384506225586)","(-15.418384552001953, 117.06360626220703, 31.965869903564453)",POINT (0.456161841750145 0.4459291100502014),,,,,,,,,,,,,,,,,,,,,,,,,,,,,
0,13,5,408097117742,2253958334,1,1,"(0.44864678382873535, 0.441037118434906)","(0.46361806988716125, 0.4391021728515625)",1,1,2.290283203125,2.294906616210937,"(-51.393653869628906, 28.90445327758789, 529.5001220703125)","(10.37780475616455, 25.384174346923828, 530.557861328125)","(-19.363483428955078, 119.60274505615234, 32.89006423950195)","(-14.190530776977539, 119.95613861083984, 33.0186767578125)",POINT (0.4561324268579483 0.4400696456432342),,,,,,,,,,,,,,,,,,,,,,,,,,,,,
0,13,5,408097134412,2253975003,1,1,"(0.4508577585220337, 0.4346117377281189)","(0.4628197252750397, 0.4456889033317566)",1,1,2.28363037109375,2.3030548095703125,"(-51.362884521484375, 28.9011287689209, 529.4896240234375)","(10.40559196472168, 25.382118225097656, 530.6273803710938)","(-18.59954833984375, 120.7762680053711, 33.31717300415039)","(-14.46638011932373, 118.75316619873047, 32.5808219909668)",POINT (0.4568387418985367 0.4401503205299377),,,,,,,,,,,,,,,,,,,,,,,,,,,,,
0,13,5,408097151079,2253991670,1,1,"(0.45267343521118164, 0.4249021112918854)","(0.45891743898391724, 0.44476714730262756)",1,1,2.2858123779296875,2.3100128173828125,"(-51.337066650390625, 28.899658203125, 529.4855346679688)","(10.43346118927002, 25.376955032348633, 530.66552734375)","(-17.97218132019043, 122.54959869384766, 33.96260452270508)","(-15.814715385437012, 118.92151641845703, 32.64210891723633)",POINT (0.4557954370975494 0.4348346292972565),,,,,,,,,,,,,,,,,,,,,,,,,,,,,
0,13,5,408097167746,2254008336,1,1,"(0.44639018177986145, 0.4350762665271759)","(0.463759183883667, 0.4484961926937103)",1,1,2.28326416015625,2.304718017578125,"(-51.323856353759766, 28.90030288696289, 529.5506591796875)","(10.453689575195312, 25.366153717041016, 530.6962890625)","(-20.143213272094727, 120.69143676757812, 33.286293029785156)","(-14.141770362854004, 118.24044799804688, 32.394187927246094)",POINT (0.4550746828317642 0.4417862296104431),,,,,,,,,,,,,,,,,,,,,,,,,,,,,
0,13,5,408097184414,2254025004,1,1,"(0.44952818751335144, 0.438707172870636)","(0.45726630091667175, 0.4468754529953003)",1,1,2.269393920898437,2.296478271484375,"(-51.30908203125, 28.898256301879883, 529.5999755859375)","(10.472162246704102, 25.35882568359375, 530.7425537109375)","(-19.058942794799805, 120.02828979492188, 33.044925689697266)","(-16.385221481323242, 118.53645324707031, 32.50196838378906)",POINT (0.4533972442150116 0.4427913129329681),,,,,,,,,,,,,,,,,,,,,,,,,,,,,
0,13,5,408097201081,2254041670,1,1,"(0.44522765278816223, 0.437717467546463)","(0.4572540521621704, 0.4508567154407501)",1,1,2.29632568359375,2.31878662109375,"(-51.30094909667969, 28.886363983154297, 529.6722412109375)","(10.48422622680664, 25.345233917236328, 530.8123779296875)","(-20.544876098632812, 120.20904541015625, 33.11070251464844)","(-16.389469146728516, 117.80933380126953, 32.2372932434082)",POINT (0.4512408524751663 0.4442870914936066),,,,,,,,,,,,,,,,,,,,,,,,,,,,,
0,13,5,408097217747,2254058336,1,1,"(0.44774749875068665, 0.43750348687171936)","(0.4586103856563568, 0.4619390666484833)",1,1,2.2935333251953125,2.3376007080078125,"(-51.296512603759766, 28.873153686523438, 529.689453125)","(10.489718437194824, 25.335617065429688, 530.851318359375)","(-19.674224853515625, 120.24812316894531, 33.12493133544922)","(-15.920805931091309, 115.78529357910156, 31.50060272216797)",POINT (0.4531789422035217 0.4497212767601013),,,,,,,,,,,,,,,,,,,,,,,,,,,,,
0,13,5,408097234416,2254075004,1,1,"(0.44870486855506897, 0.43521156907081604)","(0.45966383814811707, 0.43775373697280884)",1,1,2.3028106689453125,2.3040771484375,"(-51.295631408691406, 28.85456085205078, 529.7612915039062)","(10.490642547607422, 25.3200740814209, 530.8746948242188)","(-19.343420028686523, 120.66670989990234, 33.27729415893555)","(-15.556833267211914, 120.20242309570312, 33.10831832885742)",POINT (0.454184353351593 0.4364826530218124),,,,,,,,,,,,,,,,,,,,,,,,,,,,,
0,13,5,408097251082,2254091670,1,1,"(0.44846516847610474, 0.4349640905857086)","(0.4607029855251312, 0.45425957441329956)",1,1,2.296722412109375,2.3280487060546875,"(-51.297393798828125, 28.85483741760254, 529.8634033203125)","(10.492619514465332, 25.323976516723633, 530.945068359375)","(-19.42624855041504, 120.7119140625, 33.293739318847656)","(-15.197759628295898, 117.18785095214844, 32.011085510253906)",POINT (0.454584077000618 0.4446118324995041),,,,,,,,,,,,,,,,,,,,,,,,,,,,,
0,13,5,408097267755,2254108342,1,1,"(0.4489040970802307, 0.4356662929058075)","(0.4643188714981079, 0.45474013686180115)",1,1,2.320556640625,2.3270721435546875,"(-51.28950500488281, 28.84015655517578, 529.8728637695312)","(10.498708724975586, 25.320274353027344, 531.0150756835938)","(-19.274587631225586, 120.58365631103516, 33.2470817565918)","(-13.948393821716309, 117.10006713867188, 31.979156494140625)",POINT (0.4566114842891693 0.4452032148838043),,,,,,,,,,,,,,,,,,,,,,,,,,,,,
0,13,5,408097284421,2254125008,1,1,"(0.4463428556919098, 0.4348216652870178)","(0.45702487230300903, 0.44951653480529785)",1,1,2.3082427978515625,2.351226806640625,"(-51.2801628112793, 28.829017639160156, 529.93798828125)","(10.507929801940918, 25.31165885925293, 531.0614013671875)","(-20.159549713134766, 120.73790740966797, 33.303226470947266)","(-16.468639373779297, 118.0541000366211, 32.326393127441406)",POINT (0.4516838639974594 0.4421691000461578),,,,,,,,,,,,,,,,,,,,,,,,,,,,,
0,13,5,408097301089,2254141675,1,1,"(0.45055001974105835, 0.4458078145980835)","(0.46333277225494385, 0.4565584063529968)",1,1,2.3291168212890625,2.327255249023437,"(-51.25946807861328, 28.823467254638672, 529.9970703125)","(10.52680778503418, 25.296621322631836, 531.0771484375)","(-18.705881118774414, 118.7314453125, 32.572906494140625)","(-14.289111137390137, 116.76800537109375, 31.858287811279297)",POINT (0.4569413959980011 0.4511831104755402),,,,,,,,,,,,,,,,,,,,,,,,,,,,,
0,13,5,408097317756,2254158342,1,1,"(0.455351322889328, 0.4403921663761139)","(0.47119346261024475, 0.45284539461135864)",1,1,2.3309326171875,2.3637847900390625,"(-51.182743072509766, 28.81668472290039, 530.0096435546875)","(10.594573974609375, 25.28630828857422, 531.2318115234375)","(-17.04690933227539, 119.72053527832031, 32.93291473388672)","(-11.573040008544922, 117.44613647460938, 32.1051025390625)",POINT (0.4632723927497864 0.4466187804937363),,,,,,,,,,,,,,,,,,,,,,,,,,,,,
0,13,5,408097334424,2254175009,1,1,"(0.4736088514328003, 0.42265573143959045)","(0.4893004894256592, 0.4529096782207489)",1,1,2.3211822509765625,2.3720703125,"(-51.05244064331055, 28.81073760986328, 530.0545654296875)","(10.695111274719238, 25.277891159057617, 531.0797729492188)","(-10.738469123840332, 122.95986938476562, 34.1119499206543)","(-5.31661319732666, 117.43437957763672, 32.100833892822266)",POINT (0.4814546704292297 0.4377827048301697),,,,,,,,,,,,,,,,,,,,,,,,,,,,,
0,13,5,408097351090,2254191675,1,1,"(0.4727090895175934, 0.44077372550964355)","(0.49107858538627625, 0.4576503038406372)",1,1,2.33538818359375,2.3510894775390625,"(-51.02198028564453, 28.80614471435547, 530.0830688476562)","(10.731698036193848, 25.255624771118164, 531.1415405273438)","(-11.049362182617188, 119.65086364746094, 32.90753936767578)","(-4.702234745025635, 116.5685806274414, 31.785701751708984)",POINT (0.4818938374519348 0.4492120146751404),,,,,,,,,,,,,,,,,,,,,,,,,,,,1,
0,13,5,408097367757,2254208341,1,1,"(0.47534215450286865, 0.43314486742019653)","(0.4862332344055176, 0.4641978144645691)",1,1,2.3411865234375,2.38494873046875,"(-50.9930534362793, 28.806764602661133, 530.1513671875)","(10.771297454833984, 25.24953842163086, 531.1954345703125)","(-10.139577865600586, 121.0441665649414, 33.41468811035156)","(-6.376420974731445, 115.37275695800781, 31.35042953491211)",POINT (0.4807876944541931 0.4486713409423828),,,,,,,,,,,,,,,,,,,,,,,,,,,,1,
0,13,5,408097384422,2254225006,1,1,"(0.4756646752357483, 0.4247952401638031)","(0.4864959418773651, 0.4645419418811798)",1,1,2.334686279296875,2.3902740478515625,"(-50.96160125732422, 28.808868408203125, 530.1642456054688)","(10.808805465698242, 25.240360260009766, 531.2490234375)","(-10.028120994567871, 122.5691146850586, 33.96971130371094)","(-6.285643577575684, 115.30990600585938, 31.327579498291016)",POINT (0.4810803085565567 0.4446685910224915),,,,,,,,,,,,,,,,,,,,,,,,,,,,,
0,13,5,408097401094,2254241677,1,1,"(0.4769311845302582, 0.42901188135147095)","(0.4842747151851654, 0.47163650393486023)",1,1,2.3414764404296875,2.4048004150390625,"(-50.93177795410156, 28.811513900756836, 530.2164916992188)","(10.835062026977539, 25.237628936767578, 531.2796020507812)","(-9.590503692626953, 121.79899597167969, 33.68941879272461)","(-7.053136348724365, 114.0141830444336, 30.855976104736328)",POINT (0.4806029498577118 0.4503241926431656),,,,,,,,,,,,,,,,,,,,,,,,,,,,1,
0,13,5,408097417760,2254258343,1,1,"(0.47811034321784973, 0.43783316016197205)","(0.48565635085105896, 0.4594212770462036)",1,1,2.378692626953125,2.385284423828125,"(-50.916507720947266, 28.820741653442383, 530.32177734375)","(10.85266399383545, 25.234926223754883, 531.3649291992188)","(-9.183080673217773, 120.18791198730469, 33.10303497314453)","(-6.575753688812256, 116.24512481689453, 31.66799545288086)",POINT (0.4818833470344544 0.4486272186040878),,,,,,,,,,,,,,,,,,,,,,,,,,,,1,
0,13,5,408097434429,2254275011,1,1,"(0.4776112139225006, 0.4335775375366211)","(0.48557189106941223, 0.46638163924217224)",1,1,2.3470611572265625,2.390869140625,"(-50.9006233215332, 28.82806968688965, 530.3639526367188)","(10.871424674987793, 25.233755111694336, 531.38818359375)","(-9.355548858642578, 120.96514892578125, 33.38591384887695)","(-6.604942321777344, 114.97391510009766, 31.205280303955078)",POINT (0.4815915524959564 0.4499795883893967),,,,,,,,,,,,,,,,,,,,,,,,,,,,1,
0,13,5,408097451095,2254291677,1,1,"(0.47106194496154785, 0.4317670464515686)","(0.4863349199295044, 0.45933997631073)",1,1,2.348846435546875,2.3925933837890625,"(-50.872108459472656, 28.834552764892578, 530.3368530273438)","(10.886621475219727, 25.236684799194336, 531.4188232421875)","(-11.618491172790527, 121.29581451416016, 33.50626754760742)","(-6.341288089752197, 116.2599868774414, 31.673377990722656)",POINT (0.4786984324455261 0.4455535113811493),,,,,,,,,,,,,,,,,,,,,,,,,,,,,
0,13,5,408097467761,2254308343,1,1,"(0.47713109850883484, 0.43589308857917786)","(0.4860495328903198, 0.45899727940559387)",1,1,2.390045166015625,2.3950347900390625,"(-50.86232376098633, 28.85690689086914, 530.3848876953125)","(10.89609146118164, 25.241954803466797, 531.4576416015625)","(-9.521442413330078, 120.542236328125, 33.23199462890625)","(-6.439887523651123, 116.32257080078125, 31.69615936279297)",POINT (0.4815903156995773 0.4474451839923859),,,,,,,,,,,,,,,,,,,,,,,,,,,,1,
0,13,5,408097484429,2254325010,1,1,"(0.4750652015209198, 0.4389437139034271)","(0.48540589213371277, 0.4579806327819824)",1,1,2.3790740966796875,2.403564453125,"(-50.85685729980469, 28.874326705932617, 530.4091796875)","(10.901267051696777, 25.252113342285156, 531.45751953125)","(-10.235248565673828, 119.98506927490234, 33.02921676635742)","(-6.662282943725586, 116.50824737548828, 31.76373863220215)",POINT (0.4802355468273163 0.4484621733427048),,,,,,,,,,,,,,,,,,,,,,,,,,,,1,
0,13,5,408097501096,2254341677,1,1,"(0.4734880328178406, 0.43616265058517456)","(0.4894985258579254, 0.47436919808387756)",1,1,2.379745483398437,2.4110107421875,"(-50.857357025146484, 28.905635833740234, 530.463623046875)","(10.905529022216797, 25.28598403930664, 531.5201416015625)","(-10.780219078063965, 120.49300384521484, 33.214088439941406)","(-5.2481794357299805, 113.51509857177734, 30.674304962158203)",POINT (0.481493279337883 0.4552659243345261),,,,,,,,,,,,,,,,,,,,,,,,,,,,1,
0,13,5,408097517764,2254358344,1,1,"(0.47448188066482544, 0.43267104029655457)","(0.4864106774330139, 0.459460586309433)",1,1,2.3666229248046875,2.402008056640625,"(-50.86443328857422, 28.92947769165039, 530.4932861328125)","(10.902238845825195, 25.30889129638672, 531.5047607421875)","(-10.436814308166504, 121.13069915771484, 33.44619369506836)","(-6.315109729766846, 116.23794555664062, 31.665369033813477)",POINT (0.4804462790489197 0.4460658133029938),,,,,,,,,,,,,,,,,,,,,,,,,,,,1,
0,13,5,408097534435,2254375015,1,1,"(0.47062399983406067, 0.42885658144950867)","(0.4890444278717041, 0.46527552604675293)",1,1,2.377288818359375,2.4089508056640625,"(-50.865055084228516, 28.945770263671875, 530.477294921875)","(10.903614044189453, 25.33493995666504, 531.4725341796875)","(-11.769805908203125, 121.8273696899414, 33.69973373413086)","(-5.405076026916504, 115.17594146728516, 31.278799057006836)",POINT (0.4798342138528824 0.4470660537481308),,,,,,,,,,,,,,,,,,,,,,,,,,,,1,
0,13,5,408097551104,2254391683,1,1,"(0.47742652893066406, 0.43471792340278625)","(0.4852023124694824, 0.4700797200202942)",1,1,2.363189697265625,2.42022705078125,"(-50.87045669555664, 28.96422576904297, 530.485107421875)","(10.901620864868164, 25.363224029541016, 531.448974609375)","(-9.419356346130371, 120.75686645507812, 33.31011199951172)","(-6.732633113861084, 114.29850769042969, 30.95945930480957)",POINT (0.4813144207000732 0.4523988217115402),,,,,,,,,,,,,,,,,,,,,,,,,,,,1,
0,13,5,408097567772,2254408351,1,1,"(0.47329506278038025, 0.42805638909339905)","(0.4851187467575073, 0.47124505043029785)",1,1,2.3748779296875,2.42315673828125,"(-50.875057220458984, 28.98465919494629, 530.4759521484375)","(10.893887519836426, 25.376283645629883, 531.370849609375)","(-10.846884727478027, 121.9735107421875, 33.7529411315918)","(-6.76149320602417, 114.08566284179688, 30.881988525390625)",POINT (0.4792069047689438 0.4496507197618484),,,,,,,,,,,,,,,,,,,,,,,,,,,,1,
0,13,5,408097584439,2254425017,1,1,"(0.4954279065132141, 0.44061389565467834)","(0.5106509923934937, 0.4631793797016144)",1,1,2.35101318359375,2.3836212158203125,"(-50.80914306640625, 28.98164176940918, 530.4000244140625)","(10.948806762695312, 25.369178771972656, 531.2911376953125)","(-3.1994242668151855, 119.6800537109375, 32.91817855834961)","(2.060542345046997, 115.55874633789062, 31.41815948486328)",POINT (0.5030394494533539 0.4518966376781464),,,,,,,,,,,,,,,,,,,,,,,,,,,,1,
0,13,5,408097601105,2254441683,1,1,"(0.4861553907394409, 0.4398333430290222)","(0.5025635361671448, 0.4676479399204254)",1,1,2.3754425048828125,2.3910064697265625,"(-50.810546875, 28.985227584838867, 530.3450927734375)","(10.954124450683594, 25.367870330810547, 531.2444458007812)","(-6.403317928314209, 119.82261657714844, 32.970035552978516)","(-0.7338839173316956, 114.74263763427734, 31.121110916137695)",POINT (0.4943594634532928 0.4537406414747238),,,,,,,,,,,,,,,,,,,,,,,,,,,,1,
0,13,5,408097617773,2254458350,1,1,"(0.48672714829444885, 0.4340122938156128)","(0.5032868981361389, 0.46749889850616455)",1,1,2.362640380859375,2.4008026123046875,"(-50.80562973022461, 28.99431037902832, 530.274658203125)","(10.965982437133789, 25.377056121826172, 531.2046508789062)","(-6.205766677856445, 120.88573455810547, 33.35701370239258)","(-0.4839502274990082, 114.76985931396484, 31.131032943725586)",POINT (0.4950070232152939 0.4507555961608887),,,,,,,,,,,,,,,,,,,,,,,,,,,,1,
0,13,5,408097634440,2254475017,1,1,"(0.48821163177490234, 0.44564521312713623)","(0.5037397146224976, 0.45534035563468933)",1,1,2.355209350585937,2.370330810546875,"(-50.79860305786133, 29.01243782043457, 530.2122192382812)","(10.977435111999512, 25.381107330322266, 531.1341552734375)","(-5.6928300857543945, 118.76113891601562, 32.5837287902832)","(-0.32748880982398987, 116.99046325683594, 31.93926429748535)",POINT (0.4959756731987 0.4504927843809128),,,,,,,,,,,,,,,,,,,,,,,,,,,,1,
0,13,5,408097651108,2254491684,1,1,"(0.48760563135147095, 0.4506375193595886)","(0.5051775574684143, 0.46823763847351074)",1,1,2.37298583984375,2.395660400390625,"(-50.78626251220703, 29.03005027770996, 530.1724853515625)","(10.995412826538086, 25.387718200683594, 531.102294921875)","(-5.902217388153076, 117.849365234375, 32.25186538696289)","(0.16931937634944916, 114.63493347167969, 31.0819091796875)",POINT (0.4963915944099426 0.4594375789165497),,,,,,,,,,,,,,,,,,,,,,,,,,,,1,
0,13,5,408097667780,2254508356,1,1,"(0.4864586591720581, 0.450922429561615)","(0.5015425682067871, 0.46695777773857117)",1,1,2.37774658203125,2.402099609375,"(-50.77302932739258, 29.03879165649414, 530.1361083984375)","(11.009866714477539, 25.393836975097656, 531.031982421875)","(-6.298532485961914, 117.79732513427734, 32.23295593261719)","(-1.0866597890853882, 114.86869812011719, 31.166975021362305)",POINT (0.4940006136894226 0.4589401036500931),,,,,,,,,,,,,,,,,,,,,,,,,,,,1,
0,13,5,408097684446,2254525021,1,1,"(0.4858427941799164, 0.4604150354862213)","(0.5035090446472168, 0.47023478150367737)",1,1,2.3943023681640625,2.396484375,"(-50.766334533691406, 29.03952407836914, 530.0816040039062)","(11.016898155212402, 25.39002227783203, 530.9688720703125)","(-6.511334419250488, 116.06363677978516, 31.60192108154297)","(-0.40717509388923645, 114.27017974853516, 30.949153900146484)",POINT (0.4946759194135666 0.4653249084949493),,,,,,,,,,,,,,,,,,,,,,,,,,,,1,
0,13,5,408097701113,2254541688,1,1,"(0.4827421009540558, 0.4429033398628235)","(0.49983566999435425, 0.4764854907989502)",1,1,2.34771728515625,2.411224365234375,"(-50.75878143310547, 29.038898468017578, 530.0276489257812)","(11.024828910827637, 25.387893676757812, 530.906005859375)","(-7.582700252532959, 119.26190948486328, 32.765995025634766)","(-1.676435112953186, 113.12857055664062, 30.53365707397461)",POINT (0.491288885474205 0.4596944153308868),,,,,,,,,,,,,,,,,,,,,,,,,,,,1,
0,13,5,408097717780,2254558354,1,1,"(0.48476389050483704, 0.4499709904193878)","(0.5017534494400024, 0.47121480107307434)",1,1,2.360702514648437,2.4242095947265625,"(-50.76408767700195, 29.04058837890625, 529.994873046875)","(11.019499778747559, 25.387104034423828, 530.8671264648438)","(-6.884124755859375, 117.97110748291016, 32.29616165161133)","(-1.0138003826141357, 114.09120178222656, 30.883996963500977)",POINT (0.4932586699724197 0.4605928957462311),,,,,,,,,,,,,,,,,,,,,,,,,,,,1,
0,13,5,408097734447,2254575021,1,1,"(0.48843157291412354, 0.45609143376350403)","(0.5036051869392395, 0.47151973843574524)",1,1,2.35675048828125,2.399642944335937,"(-50.77316665649414, 29.04843521118164, 529.9620971679688)","(11.01165771484375, 25.397781372070312, 530.8595581054688)","(-5.616835594177246, 116.85327911376953, 31.889328002929688)","(-0.3739599585533142, 114.0354995727539, 30.86374282836914)",POINT (0.4960183799266815 0.4638055860996246),,,,,,,,,,,,,,,,,,,,,,,,,,,,1,
0,13,5,408097751114,2254591687,1,1,"(0.48803627490997314, 0.4453665018081665)","(0.49875903129577637, 0.4742758870124817)",1,1,2.343719482421875,2.398590087890625,"(-50.778160095214844, 29.05366325378418, 529.9129028320312)","(11.004589080810547, 25.399940490722656, 530.8128662109375)","(-5.75342321395874, 118.81205749511719, 32.60224914550781)","(-2.0484488010406494, 113.53213500976562, 30.680511474609375)",POINT (0.4933976531028748 0.4598211944103241),,,,,,,,,,,,,,,,,,,,,,,,,,,,1,
0,13,5,408097767781,2254608354,1,1,"(0.48670458793640137, 0.4579344093799591)","(0.5031670928001404, 0.46734419465065)",1,1,2.370208740234375,2.377593994140625,"(-50.78746795654297, 29.062711715698242, 529.919189453125)","(10.99814510345459, 25.409061431884766, 530.7974853515625)","(-6.213550090789795, 116.51667785644531, 31.766834259033203)","(-0.525349497795105, 114.79811096191406, 31.141305923461914)",POINT (0.4949358403682709 0.4626393020153046),,,,,,,,,,,,,,,,,,,,,,,,,,,,1,
0,13,5,408097784454,2254625026,1,1,"(0.4915895462036133, 0.4538346529006958)","(0.49845677614212036, 0.4751552641391754)",1,1,2.362579345703125,2.380859375,"(-50.79204559326172, 29.069530487060547, 529.902099609375)","(10.996094703674316, 25.414833068847656, 530.774169921875)","(-4.525684356689453, 117.26544952392578, 32.039344787597656)","(-2.1528592109680176, 113.37151336669922, 30.622081756591797)",POINT (0.4950231611728668 0.4644949585199356),,,,,,,,,,,,,,,,,,,,,,,,,,,,1,
0,13,5,408097801120,2254641692,1,1,"(0.48901116847991943, 0.45668143033981323)","(0.5082471966743469, 0.48367905616760254)",1,1,2.3358612060546875,2.411773681640625,"(-50.790443420410156, 29.065954208374023, 529.87939453125)","(10.996736526489258, 25.410852432250977, 530.7818603515625)","(-5.4165825843811035, 116.74552917480469, 31.85011100769043)","(1.2299585342407227, 111.81476593017578, 30.055438995361328)",POINT (0.4986291825771332 0.4701802432537079),,,,,,,,,,,,,,,,,,,,,,,,,,,,1,
0,13,5,408097817788,2254658359,1,1,"(0.49019286036491394, 0.45754534006118774)","(0.5007089972496033, 0.48267120122909546)",1,1,2.3689727783203125,2.40386962890625,"(-50.787986755371094, 29.06534194946289, 529.8956298828125)","(11.000848770141602, 25.411556243896484, 530.7344970703125)","(-5.008275032043457, 116.5877456665039, 31.792678833007812)","(-1.3746780157089233, 111.99884033203125, 30.12247657775879)",POINT (0.4954509288072586 0.4701082706451416),,,,,,,,,,,,,,,,,,,,,,,,,,,,1,
0,13,5,408097834455,2254675026,1,1,"(0.48907288908958435, 0.45516887307167053)","(0.5042513608932495, 0.48098817467689514)",1,1,2.3441162109375,2.38677978515625,"(-50.778900146484375, 29.05222511291504, 529.8654174804688)","(11.008773803710938, 25.41032600402832, 530.789306640625)","(-5.395248889923096, 117.02176666259766, 31.950664520263672)","(-0.15070347487926483, 112.30621337890625, 30.234329223632812)",POINT (0.4966621249914169 0.4680785238742828),,,,,,,,,,,,,,,,,,,,,,,,,,,,1,
0,13,5,408097851122,2254691692,1,1,"(0.48663899302482605, 0.4569013714790344)","(0.5015316605567932, 0.4732052683830261)",1,1,2.34820556640625,2.379730224609375,"(-50.77335739135742, 29.059606552124023, 529.889404296875)","(11.012895584106445, 25.40680694580078, 530.765380859375)","(-6.236222743988037, 116.70535278320312, 31.835481643676758)","(-1.0904321670532227, 113.72766876220703, 30.751680374145508)",POINT (0.4940853267908096 0.4650533199310303),,,,,,,,,,,,,,,,,,,,,,,,,,,,1,
0,13,5,408097867789,2254708359,1,1,"(0.48978084325790405, 0.453777015209198)","(0.5023536682128906, 0.4773641526699066)",1,1,2.36175537109375,2.38848876953125,"(-50.76814270019531, 29.06785774230957, 529.8828125)","(11.01591682434082, 25.406465530395508, 530.789306640625)","(-5.150633335113525, 117.2759780883789, 32.04316711425781)","(-0.8063973784446716, 112.96810150146484, 30.47520637512207)",POINT (0.4960672557353973 0.4655705839395523),,,,,,,,,,,,,,,,,,,,,,,,,,,,1,
0,13,5,408097884457,2254725026,1,1,"(0.4790270924568176, 0.4547266960144043)","(0.4943932294845581, 0.47400158643722534)",1,1,2.35528564453125,2.3735809326171875,"(-50.797637939453125, 29.09221076965332, 529.957275390625)","(10.992121696472168, 25.425769805908203, 530.7896728515625)","(-8.866318702697754, 117.10252380371094, 31.98004150390625)","(-3.556942939758301, 113.58222961425781, 30.698772430419922)",POINT (0.4867101609706879 0.4643641412258148),,,,,,,,,,,,,,,,,,,,,,,,,,,,1,
0,13,5,408097901124,2254741693,1,1,"(0.4823716878890991, 0.44562849402427673)","(0.4909607768058777, 0.47103390097618103)",1,1,2.3561248779296875,2.37139892578125,"(-50.79780578613281, 29.119544982910156, 529.9982299804688)","(10.98911190032959, 25.457801818847656, 530.8286743164062)","(-7.710687160491943, 118.76419830322266, 32.584835052490234)","(-4.7429327964782715, 114.12422943115234, 30.896028518676758)",POINT (0.4866662323474884 0.4583311975002289),,,,,,,,,,,,,,,,,,,,,,,,,,,,1,
0,13,5,408097917792,2254758360,1,1,"(0.4822441637516022, 0.44320785999298096)","(0.4920749068260193, 0.47754231095314026)",1,1,2.343170166015625,2.3880157470703125,"(-50.79602813720703, 29.136173248291016, 530.0062255859375)","(10.992881774902344, 25.474449157714844, 530.8123779296875)","(-7.754737854003906, 119.206298828125, 32.74574279785156)","(-4.357982158660889, 112.93557739257812, 30.463367462158203)",POINT (0.4871595352888107 0.4603750854730606),,,,,,,,,,,,,,,,,,,,,,,,,,,,1,
0,13,5,408097934459,2254775027,1,1,"(0.48207390308380127, 0.4402507245540619)","(0.4897371828556061, 0.4713379144668579)",1,1,2.330184936523437,2.3732452392578125,"(-50.79346466064453, 29.146968841552734, 529.9592895507812)","(10.995513916015625, 25.492612838745117, 530.8438110351562)","(-7.813576698303223, 119.74637603759766, 32.94234848022461)","(-5.1657185554504395, 114.06871032714844, 30.875835418701172)",POINT (0.4859055429697037 0.4557943195104599),,,,,,,,,,,,,,,,,,,,,,,,,,,,1,
0,13,5,408097951127,2254791694,1,1,"(0.4809565544128418, 0.430319219827652)","(0.48810312151908875, 0.4677167534828186)",1,1,2.322250366210937,2.3601226806640625,"(-50.78061294555664, 29.143510818481445, 529.938232421875)","(11.005502700805664, 25.501968383789062, 530.8280639648438)","(-8.199653625488281, 121.56023406982422, 33.60251998901367)","(-5.7303147315979, 114.73006439208984, 31.116552352905273)",POINT (0.4845298379659653 0.4490179866552353),,,,,,,,,,,,,,,,,,,,,,,,,,,,1,
0,13,5,408097967793,2254808360,1,1,"(0.4832933247089386, 0.4379701018333435)","(0.4910826086997986, 0.46718254685401917)",1,1,2.300521850585937,2.362518310546875,"(-50.77972412109375, 29.157154083251953, 529.9388427734375)","(11.01150894165039, 25.515783309936523, 530.7886962890625)","(-7.392236232757568, 120.16289520263672, 33.09391784667969)","(-4.700826644897461, 114.82762145996094, 31.15206527709961)",POINT (0.4871879667043686 0.4525763243436813),,,,,,,,,,,,,,,,,,,,,,,,,,,,1,
0,13,5,408097984461,2254825027,1,1,"(0.4805351793766022, 0.444559246301651)","(0.4884670674800873, 0.4623638689517975)",1,1,2.32391357421875,2.36834716796875,"(-50.777862548828125, 29.178558349609375, 529.9459228515625)","(11.017499923706055, 25.53070831298828, 530.81201171875)","(-8.345251083374023, 118.95948028564453, 32.655921936035156)","(-5.604579925537109, 115.70769500732422, 31.47237777709961)",POINT (0.4845011234283447 0.4534615576267242),,,,,,,,,,,,,,,,,,,,,,,,,,,,1,
0,13,5,408098001128,2254841694,1,1,"(0.47809845209121704, 0.4357766807079315)","(0.49050313234329224, 0.47058242559432983)",1,1,2.3172760009765625,2.363861083984375,"(-50.76996612548828, 29.202381134033203, 529.954345703125)","(11.021978378295898, 25.547529220581055, 530.8043212890625)","(-9.187187194824219, 120.5634994506836, 33.23972702026367)","(-4.901060104370117, 114.20669555664062, 30.9260311126709)",POINT (0.4843007922172546 0.4531795531511307),,,,,,,,,,,,,,,,,,,,,,,,,,,,1,
0,13,5,408098017795,2254858360,1,1,"(0.4794519245624542, 0.442255437374115)","(0.4952646493911743, 0.46827375888824463)",1,1,2.310897827148437,2.3668975830078125,"(-50.76388931274414, 29.236282348632812, 529.9935913085938)","(11.033100128173828, 25.56972312927246, 530.8114013671875)","(-8.719528198242188, 119.38024139404297, 32.80904769897461)","(-3.255840301513672, 114.62834930419922, 31.079509735107422)",POINT (0.4873582869768143 0.4552645981311798),,,,,,,,,,,,,,,,,,,,,,,,,,,,1,
0,13,5,408098034462,2254875027,1,1,"(0.48010021448135376, 0.4444131553173065)","(0.49442723393440247, 0.47262656688690186)",1,1,2.310699462890625,2.359619140625,"(-50.754310607910156, 29.27579116821289, 529.9793090820312)","(11.040237426757812, 25.602447509765625, 530.7877807617188)","(-8.495529174804688, 118.98615264892578, 32.66565704345703)","(-3.5451836585998535, 113.8333511352539, 30.790159225463867)",POINT (0.4872637242078781 0.4585198611021042),,,,,,,,,,,,,,,,,,,,,,,,,,,,1,
0,13,5,408098051137,2254891701,1,1,"(0.4785184860229492, 0.4446946978569031)","(0.4922510087490082, 0.4729049801826477)",1,1,2.3338775634765625,2.34564208984375,"(-50.74188232421875, 29.292842864990234, 529.9664306640625)","(11.049233436584473, 25.629289627075195, 530.7952880859375)","(-9.042057991027832, 118.93473815917969, 32.646934509277344)","(-4.297135353088379, 113.78251647949219, 30.771644592285156)",POINT (0.4853847473859787 0.4587998390197754),,,,,,,,,,,,,,,,,,,,,,,,,,,,1,
0,13,5,408098067803,2254908367,1,1,"(0.4789360761642456, 0.4364093840122223)","(0.49354803562164307, 0.4765503406524658)",1,1,2.301910400390625,2.354400634765625,"(-50.72054672241211, 29.30963706970215, 529.860107421875)","(11.0630521774292, 25.658512115478516, 530.763427734375)","(-8.897777557373047, 120.44794464111328, 33.19767761230469)","(-3.8489761352539062, 113.11674499511719, 30.529321670532227)",POINT (0.4862420558929443 0.4564798623323441),,,,,,,,,,,,,,,,,,,,,,,,,,,,1,
0,13,5,408098084473,2254925036,1,1,"(0.48252686858177185, 0.4338328242301941)","(0.4914914071559906, 0.4621976613998413)",1,1,2.278472900390625,2.348907470703125,"(-50.722740173339844, 29.335468292236328, 529.8673706054688)","(11.065692901611328, 25.687166213989258, 530.771240234375)","(-7.6570725440979, 120.91851806640625, 33.368953704833984)","(-4.5596022605896, 115.73806762695312, 31.483409881591797)",POINT (0.4870091378688812 0.4480152428150177),,,,,,,,,,,,,,,,,,,,,,,,,,,,1,
0,13,5,408098101140,2254941703,1,1,"(0.4816548824310303, 0.44380801916122437)","(0.49214446544647217, 0.4575623869895935)",1,1,2.291976928710937,2.3308258056640625,"(-50.71512222290039, 29.36133575439453, 529.78076171875)","(11.067536354064941, 25.712350845336914, 530.7789306640625)","(-7.9583539962768555, 119.09668731689453, 32.70585250854492)","(-4.333934783935547, 116.58464050292969, 31.791515350341797)",POINT (0.4868996739387512 0.4506852030754089),,,,,,,,,,,,,,,,,,,,,,,,,,,,1,
0,13,5,408098117805,2254958367,1,1,"(0.47814488410949707, 0.4458872973918915)","(0.4915156960487366, 0.4685622453689575)",1,1,2.31134033203125,2.3579559326171875,"(-50.72709655761719, 29.37572479248047, 529.8103637695312)","(11.058737754821777, 25.732067108154297, 530.7244873046875)","(-9.171138763427734, 118.71693420410156, 32.567623138427734)","(-4.551200866699219, 114.57565307617188, 31.060346603393555)",POINT (0.4848302900791168 0.4572247713804245),,,,,,,,,,,,,,,,,,,,,,,,,,,,1,
0,13,5,408098134472,2254975034,1,1,"(0.475490927696228, 0.4416758120059967)","(0.4930148720741272, 0.47167444229125977)",1,1,2.29644775390625,2.3583526611328125,"(-50.746212005615234, 29.39102554321289, 529.7988891601562)","(11.044492721557617, 25.758682250976562, 530.694091796875)","(-10.088170051574707, 119.48609924316406, 32.84760284423828)","(-4.033196926116943, 114.00724792480469, 30.853469848632812)",POINT (0.4842528998851776 0.4566751271486282),,,,,,,,,,,,,,,,,,,,,,,,,,,,1,
0,13,5,408098151139,2254991700,1,1,"(0.47804662585258484, 0.44324153661727905)","(0.4899306893348694, 0.46289175748825073)",1,1,2.3015899658203125,2.3530426025390625,"(-50.762359619140625, 29.395458221435547, 529.7567749023438)","(11.024099349975586, 25.777082443237305, 530.6945190429688)","(-9.205093383789062, 119.20014190673828, 32.743526458740234)","(-5.098866939544678, 115.61129760742188, 31.437288284301758)",POINT (0.4839886575937271 0.4530666470527649),,,,,,,,,,,,,,,,,,,,,,,,,,,,1,
0,13,5,408098167806,2255008367,1,1,"(0.48002052307128906, 0.44472551345825195)","(0.4860888719558716, 0.47018367052078247)",1,1,2.3092041015625,2.335205078125,"(-50.770992279052734, 29.403465270996094, 529.7713012695312)","(11.024284362792969, 25.786035537719727, 530.6710815429688)","(-8.523061752319336, 118.92910766601562, 32.64487075805664)","(-6.426300525665283, 114.2795181274414, 30.95256805419922)",POINT (0.4830546975135803 0.4574545919895172),,,,,,,,,,,,,,,,,,,,,,,,,,,,1,
0,13,5,408098184479,2255025039,1,1,"(0.5322567224502563, 0.4603268504142761)","(0.5461927652359009, 0.47911831736564636)",1,1,2.3092041015625,2.362701416015625,"(-50.606719970703125, 29.373746871948242, 529.8614501953125)","(11.158461570739746, 25.76066017150879, 530.6435546875)","(9.525854110717773, 116.07974243164062, 31.607759475708008)","(14.34110164642334, 112.6477279663086, 30.35863494873047)",POINT (0.5392247438430786 0.4697225838899612),,,,,,,,,,,,,,,,,,,,,,,,,,,,1,
0,13,5,408098201145,2255041705,1,1,"(0.5410577058792114, 0.48061633110046387)","(0.5510457158088684, 0.48118138313293457)",1,1,2.3230438232421875,2.3441619873046875,"(-50.511234283447266, 29.35165786743164, 529.718017578125)","(11.208564758300781, 25.729158401489258, 530.61083984375)","(12.566812515258789, 112.37413024902344, 30.259052276611328)","(16.017925262451172, 112.27092742919922, 30.221500396728516)",POINT (0.5460517108440399 0.4808988571166992),,,,,,,,,,,,,,,,,,,,,,,,,,,,1,
0,13,5,408098217815,2255058374,1,1,"(0.5390902757644653, 0.4594116806983948)","(0.5479401350021362, 0.4847656190395355)",1,1,2.29754638671875,2.3598175048828125,"(-50.544525146484375, 29.33962631225586, 529.7924194335938)","(11.203163146972656, 25.722553253173828, 530.6195068359375)","(11.887028694152832, 116.24687957763672, 31.668617248535156)","(14.944869041442871, 111.61631774902344, 29.983245849609375)",POINT (0.5435152053833008 0.4720886498689652),,,,,,,,,,,,,,,,,,,,,,,,,,,,1,
0,13,5,408098234481,2255075040,1,1,"(0.5409627556800842, 0.46624788641929626)","(0.5501976013183594, 0.47860416769981384)",1,1,2.31146240234375,2.335556030273437,"(-50.55121612548828, 29.324726104736328, 529.81591796875)","(11.206816673278809, 25.711599349975586, 530.6265258789062)","(12.534005165100098, 114.99835205078125, 31.214181900024414)","(15.724898338317871, 112.74163055419922, 30.392805099487305)",POINT (0.5455801784992218 0.472426027059555),,,,,,,,,,,,,,,,,,,,,,,,,,,,1,
0,13,5,408098251149,2255091708,1,1,"(0.53989177942276, 0.47567474842071533)","(0.5490341782569885, 0.49506786465644836)",1,1,2.3178863525390625,2.337249755859375,"(-50.549041748046875, 29.309743881225586, 529.767822265625)","(11.212139129638672, 25.694847106933594, 530.6181640625)","(12.1639404296875, 113.27664184570312, 30.587560653686523)","(15.322900772094727, 109.73474884033203, 29.29837417602539)",POINT (0.5444629788398743 0.4853713065385818),,,,,,,,,,,,,,,,,,,,,,,,,,,,1,
0,13,5,408098267816,2255108374,1,1,"(0.5413563251495361, 0.47019755840301514)","(0.5461783409118652, 0.4905737638473511)",1,1,2.30072021484375,2.343170166015625,"(-50.54644775390625, 29.299942016601562, 529.78466796875)","(11.216253280639648, 25.686290740966797, 530.641845703125)","(12.669990539550781, 114.27698516845703, 30.951627731323242)","(14.336115837097168, 110.5555419921875, 29.597116470336914)",POINT (0.5437673330307007 0.4803856611251831),,,,,,,,,,,,,,,,,,,,,,,,,,,,1,
0,13,5,408098284482,2255125040,1,1,"(0.5392345786094666, 0.4639163315296173)","(0.5452193021774292, 0.4840289354324341)",1,1,2.30938720703125,2.312286376953125,"(-50.558860778808594, 29.291399002075195, 529.8218994140625)","(11.212776184082031, 25.681081771850586, 530.673095703125)","(11.936882972717285, 115.4241714477539, 31.369192123413086)","(14.00475025177002, 111.7508773803711, 30.032194137573242)",POINT (0.5422269403934479 0.4739726334810257),,,,,,,,,,,,,,,,,,,,,,,,,,,,1,
0,13,5,408098301151,2255141708,1,1,"(0.5380584001541138, 0.46826568245887756)","(0.5436573624610901, 0.4915737807750702)",1,1,2.2884674072265625,2.323471069335937,"(-50.56892776489258, 29.285865783691406, 529.8201293945312)","(11.203938484191895, 25.67607879638672, 530.66552734375)","(11.530489921569824, 114.62981414794922, 31.080045700073242)","(13.46507453918457, 110.37290954589844, 29.530641555786133)",POINT (0.5408578813076019 0.4799197316169739),,,,,,,,,,,,,,,,,,,,,,,,,,,,1,
0,13,5,408098317818,2255158375,1,1,"(0.5380653142929077, 0.47140514850616455)","(0.5517621636390686, 0.4824327230453491)",1,1,2.3032684326171875,2.34735107421875,"(-50.5849609375, 29.277183532714844, 529.810302734375)","(11.188179969787598, 25.66440200805664, 530.6505126953125)","(11.532876014709473, 114.05644226074219, 30.871353149414062)","(16.265470504760742, 112.04238891601562, 30.1382999420166)",POINT (0.5449137389659882 0.4769189357757568),,,,,,,,,,,,,,,,,,,,,,,,,,,,1,
0,13,5,408098334486,2255175042,1,1,"(0.5359825491905212, 0.4790581464767456)","(0.5468013882637024, 0.4950466454029083)",1,1,2.316558837890625,2.3409423828125,"(-50.608184814453125, 29.27436065673828, 529.836669921875)","(11.16840934753418, 25.663509368896484, 530.63525390625)","(10.813226699829102, 112.6587142944336, 30.362625122070312)","(14.551412582397461, 109.73863220214844, 29.2997989654541)",POINT (0.5413919687271118 0.487052395939827),,,,,,,,,,,,,,,,,,,,,,,,,,,,1,
0,13,5,408098351152,2255191708,1,1,"(0.5382035970687866, 0.4764679968357086)","(0.5477631688117981, 0.48908165097236633)",1,1,2.3070831298828125,2.3417510986328125,"(-50.632240295410156, 29.26650619506836, 529.8570556640625)","(11.146101951599121, 25.660369873046875, 530.651611328125)","(11.58065128326416, 113.13177490234375, 30.53481101989746)","(14.883740425109863, 110.82805633544922, 29.69632911682129)",POINT (0.5429833829402924 0.4827748239040375),,,,,,,,,,,,,,,,,,,,,,,,,,,,1,
0,13,5,408098367820,2255208375,1,1,"(0.536929726600647, 0.4809786379337311)","(0.5457648634910583, 0.4864835739135742)",1,1,2.3170318603515625,2.3441162109375,"(-50.65253829956055, 29.261762619018555, 529.8847045898438)","(11.129746437072754, 25.662525177001953, 530.6913452148438)","(11.140501976013184, 112.30795288085938, 30.234973907470703)","(14.193259239196777, 111.30255889892578, 29.869043350219727)",POINT (0.5413472950458527 0.4837311059236526),,,,,,,,,,,,,,,,,,,,,,,,,,,,1,
0,13,5,408098384489,2255225044,1,1,"(0.5385632514953613, 0.4700828790664673)","(0.5473342537879944, 0.49222007393836975)",1,1,2.3126678466796875,2.3364410400390625,"(-50.673912048339844, 29.26091766357422, 529.920654296875)","(11.110261917114258, 25.65778160095215, 530.7623291015625)","(11.704910278320312, 114.29792785644531, 30.959264755249023)","(14.73550796508789, 110.2548599243164, 29.487707138061523)",POINT (0.5429487526416779 0.4811514765024185),,,,,,,,,,,,,,,,,,,,,,,,,,,,1,
0,13,5,408098401154,2255241708,1,1,"(0.5377858877182007, 0.4750889241695404)","(0.5504744052886963, 0.4974048137664795)",1,1,2.297210693359375,2.366058349609375,"(-50.68813705444336, 29.25551414489746, 529.918701171875)","(11.094405174255371, 25.653841018676758, 530.7706298828125)","(11.436334609985352, 113.3836441040039, 30.62650489807129)","(15.820528030395508, 109.30792999267578, 29.143035888671875)",POINT (0.5441301465034485 0.48624686896801),,,,,,,,,,,,,,,,,,,,,,,,,,,,1,
0,13,5,408098417821,2255258375,1,1,"(0.5389765501022339, 0.4770892262458801)","(0.5483391880989075, 0.4963851869106293)",1,1,2.3225860595703125,2.35015869140625,"(-50.6914176940918, 29.24473762512207, 529.9258422851562)","(11.089459419250488, 25.640235900878906, 530.7708740234375)","(11.847723960876465, 113.018310546875, 30.493520736694336)","(15.082759857177734, 109.4941635131836, 29.210813522338867)",POINT (0.5436578691005707 0.4867372065782547),,,,,,,,,,,,,,,,,,,,,,,,,,,,1,
0,13,5,408098434489,2255275042,1,1,"(0.5415501594543457, 0.4814642667770386)","(0.5482262969017029, 0.4943942725658417)",1,1,2.2876129150390625,2.341827392578125,"(-50.70068359375, 29.230487823486328, 529.9324951171875)","(11.076980590820312, 25.622539520263672, 530.7713623046875)","(12.736968994140625, 112.21926879882812, 30.202680587768555)","(15.043756484985352, 109.8577880859375, 29.343158721923828)",POINT (0.5448882281780243 0.4879292696714401),,,,,,,,,,,,,,,,,,,,,,,,,,,,1,
0,13,5,408098451158,2255291711,1,1,"(0.5381073951721191, 0.48109909892082214)","(0.5463903546333313, 0.4912584125995636)",1,1,2.2966461181640625,2.3250885009765625,"(-50.710899353027344, 29.22815704345703, 529.9390258789062)","(11.068679809570312, 25.616512298583984, 530.7715454101562)","(11.547391891479492, 112.28596496582031, 30.226951599121094)","(14.409378051757812, 110.43048095703125, 29.55164909362793)",POINT (0.5422488749027252 0.4861787557601929),,,,,,,,,,,,,,,,,,,,,,,,,,,,1,
0,13,5,408098467826,2255308378,1,1,"(0.5381672978401184, 0.48766255378723145)","(0.5534191131591797, 0.49577152729034424)",1,1,2.3230438232421875,2.344955444335937,"(-50.7164306640625, 29.226966857910156, 529.9541015625)","(11.062875747680664, 25.614471435546875, 530.787109375)","(11.568136215209961, 111.08722686767578, 29.790660858154297)","(16.837993621826172, 109.60623168945312, 29.25164031982422)",POINT (0.545793205499649 0.4917170405387878),,,,,,,,,,,,,,,,,,,,,,,,,,,,1,
0,13,5,408098484492,2255325044,1,1,"(0.5392897725105286, 0.472948282957077)","(0.5488942861557007, 0.4930875301361084)",1,1,2.27178955078125,2.32745361328125,"(-50.726463317871094, 29.223554611206055, 529.952880859375)","(11.052391052246094, 25.610103607177734, 530.7640991210938)","(11.95594310760498, 113.77460479736328, 30.768775939941406)","(15.274558067321777, 110.09642791748047, 29.430034637451172)",POINT (0.5440920293331146 0.4830179065465927),,,,,,,,,,,,,,,,,,,,,,,,,,,,1,
0,13,5,408098501160,2255341711,1,1,"(0.5392053723335266, 0.48187002539634705)","(0.5530732870101929, 0.49640169739723206)",1,1,2.3199615478515625,2.34173583984375,"(-50.74397659301758, 29.229148864746094, 529.9902954101562)","(11.038679122924805, 25.615158081054688, 530.7723388671875)","(11.926799774169922, 112.1451644897461, 30.175708770751953)","(16.718505859375, 109.49114227294922, 29.209753036499023)",POINT (0.5461393296718597 0.4891358613967896),,,,,,,,,,,,,,,,,,,,,,,,,,,,1,
0,13,5,408098517827,2255358378,1,1,"(0.5240899920463562, 0.47272107005119324)","(0.5389266014099121, 0.5018135905265808)",1,1,2.2934722900390625,2.351531982421875,"(-50.80641174316406, 29.219446182250977, 529.9163818359375)","(10.962869644165039, 25.624164581298828, 530.8759765625)","(6.704036235809326, 113.81609344482422, 30.783884048461914)","(11.830464363098145, 108.50272369384766, 28.8499698638916)",POINT (0.5315082967281342 0.487267330288887),,,,,,,,,,,,,,,,,,,,,,,,,,,,1,
0,13,5,408098534494,2255375044,1,1,"(0.46379223465919495, 0.46281003952026367)","(0.479948490858078, 0.4963282346725464)",1,1,2.289886474609375,2.3245086669921875,"(-51.014244079589844, 29.211761474609375, 529.957275390625)","(10.734189987182617, 25.647449493408203, 530.914306640625)","(-14.130354881286621, 115.62622833251953, 31.442703247070312)","(-8.547966957092285, 109.50457000732422, 29.214597702026367)",POINT (0.4718703627586365 0.479569137096405),,,,,,,,,,,,,,,,,,,,,,,,,,,,1,
0,13,5,408098551161,2255391711,1,1,"(0.4455447494983673, 0.47600242495536804)","(0.4580232501029968, 0.5304363965988159)",1,1,2.260848999023437,2.359527587890625,"(-51.115509033203125, 29.189876556396484, 529.9871826171875)","(10.633207321166992, 25.638385772705078, 530.9092407226562)","(-20.43532371520996, 113.21680450439453, 30.565744400024414)","(-16.123676300048828, 103.275146484375, 26.947301864624023)",POINT (0.4517839998006821 0.503219410777092),,,,,,,,,,,,,,,,,,,,,,,,,,,,1,
0,13,5,408098567829,2255408378,1,1,"(0.4508728086948395, 0.46920058131217957)","(0.4617263078689575, 0.5097185373306274)",1,1,2.2845001220703125,2.335113525390625,"(-51.11760330200195, 29.202848434448242, 529.9547119140625)","(10.645129203796387, 25.6383056640625, 530.86962890625)","(-18.59433364868164, 114.45907592773438, 31.01789093017578)","(-14.844182968139648, 107.05900573730469, 28.324487686157227)",POINT (0.4562995582818985 0.4894595593214035),,,,,,,,,,,,,,,,,,,,,,,,,,,,1,
0,13,5,408098584506,2255425055,1,1,"(0.45102572441101074, 0.47931918501853943)","(0.45690056681632996, 0.5117805600166321)",1,1,2.29852294921875,2.3498992919921875,"(-51.12834167480469, 29.2147274017334, 529.9368896484375)","(10.641590118408203, 25.63016128540039, 530.83837890625)","(-18.541501998901367, 112.61103057861328, 30.345287322998047)","(-16.5115966796875, 106.68240356445312, 28.187402725219727)",POINT (0.4539631456136704 0.4955498725175858),,,,,,,,,,,,,,,,,,,,,,,,,,,,1,
0,13,5,408098601173,2255441721,1,1,"(0.4545523524284363, 0.480419784784317)","(0.4588509202003479, 0.5125025510787964)",1,1,2.30047607421875,2.3546142578125,"(-51.13082504272461, 29.235065460205078, 529.912109375)","(10.644280433654785, 25.64470672607422, 530.8463745117188)","(-17.322965621948242, 112.41002655029297, 30.27212905883789)","(-15.8377046585083, 106.55052947998047, 28.139429092407227)",POINT (0.4567016363143921 0.4964611679315567),,,,,,,,,,,,,,,,,,,,,,,,,,,,1,
0,13,5,408098617839,2255458387,1,1,"(0.4544527530670166, 0.47681424021720886)","(0.462562620639801, 0.5082353353500366)",1,1,2.29547119140625,2.3286590576171875,"(-51.134700775146484, 29.253883361816406, 529.9426879882812)","(10.65230941772461, 25.6608943939209, 530.8463745117188)","(-17.35738754272461, 113.06852722167969, 30.511812210083008)","(-14.555221557617188, 107.32989501953125, 28.423080444335938)",POINT (0.4585076868534088 0.4925247877836227),,,,,,,,,,,,,,,,,,,,,,,,,,,,1,
0,13,5,408098634508,2255475055,1,1,"(0.4443707764148712, 0.4753630757331848)","(0.45979681611061096, 0.5168684720993042)",1,1,2.2910614013671875,2.3261260986328125,"(-51.136146545410156, 29.274333953857422, 529.9189453125)","(10.651975631713867, 25.686203002929688, 530.8538208007812)","(-20.840951919555664, 113.33357238769531, 30.608243942260742)","(-15.510870933532715, 105.7531509399414, 27.84920310974121)",POINT (0.4520837962627411 0.4961157739162445),,,,,,,,,,,,,,,,,,,,,,,,,,,,1,
0,13,5,408098651174,2255491721,1,1,"(0.4476810097694397, 0.46371573209762573)","(0.45551156997680664, 0.5015750527381897)",1,1,2.27117919921875,2.315292358398437,"(-51.13433074951172, 29.284255981445312, 529.8964233398438)","(10.655234336853027, 25.700178146362305, 530.8305053710938)","(-19.69719123840332, 115.46080780029297, 31.382509231567383)","(-16.991535186767578, 108.54630279541016, 28.8658390045166)",POINT (0.4515962898731232 0.4826453924179077),,,,,,,,,,,,,,,,,,,,,,,,,,,,1,
0,13,5,408098667842,2255508388,1,1,"(0.45260587334632874, 0.4726638197898865)","(0.45955079793930054, 0.5106878876686096)",1,1,2.2941131591796875,2.324569702148437,"(-51.129966735839844, 29.295001983642578, 529.888916015625)","(10.658753395080566, 25.712932586669922, 530.861572265625)","(-17.995527267456055, 113.82654571533203, 30.787702560424805)","(-15.595878601074219, 106.8819580078125, 28.260066986083984)",POINT (0.4560783356428146 0.491675853729248),,,,,,,,,,,,,,,,,,,,,,,,,,,,1,
0,13,5,408098684509,2255525055,1,1,"(0.4448983073234558, 0.46915340423583984)","(0.4588037431240082, 0.4962799549102783)",1,1,2.2897491455078125,2.3112030029296875,"(-51.142723083496094, 29.299671173095703, 529.9033203125)","(10.653594970703125, 25.71710205078125, 530.8853759765625)","(-20.658679962158203, 114.46769714355469, 31.02103614807129)","(-15.85400390625, 109.51337432861328, 29.21780776977539)",POINT (0.451851025223732 0.4827166795730591),,,,,,,,,,,,,,,,,,,,,,,,,,,,1,
0,13,5,408098701178,2255541723,1,1,"(0.4483655095100403, 0.4667729437351227)","(0.45546653866767883, 0.5033862590789795)",1,1,2.276229858398437,2.3271942138671875,"(-51.141841888427734, 29.297260284423828, 529.8323974609375)","(10.650123596191406, 25.718921661376953, 530.8934326171875)","(-19.46068572998047, 114.90245056152344, 31.179279327392578)","(-17.007091522216797, 108.21551513671875, 28.74541664123535)",POINT (0.4519160240888596 0.4850796014070511),,,,,,,,,,,,,,,,,,,,,,,,,,,,1,
0,13,5,408098717845,2255558390,1,1,"(0.44694167375564575, 0.47586461901664734)","(0.4591641128063202, 0.5052147507667542)",1,1,2.3135528564453125,2.303863525390625,"(-51.15171432495117, 29.287399291992188, 529.85400390625)","(10.646347999572754, 25.706161499023438, 530.8623046875)","(-19.952646255493164, 113.24197387695312, 30.574905395507812)","(-15.729485511779785, 107.88154602050781, 28.62389373779297)",POINT (0.453052893280983 0.4905396848917007),,,,,,,,,,,,,,,,,,,,,,,,,,,,1,
0,13,5,408098734515,2255575059,1,1,"(0.4470030963420868, 0.47069084644317627)","(0.45509931445121765, 0.5086015462875366)",1,1,2.2743072509765625,2.318328857421875,"(-51.15702819824219, 29.276063919067383, 529.8606567382812)","(10.646642684936523, 25.701818466186523, 530.8778076171875)","(-19.931427001953125, 114.18689727783203, 30.918819427490234)","(-17.133989334106445, 107.26300811767578, 28.39874839782715)",POINT (0.4510512053966522 0.4896461963653564),,,,,,,,,,,,,,,,,,,,,,,,,,,,1,
0,13,5,408098751179,2255591723,1,1,"(0.44638869166374207, 0.4781145453453064)","(0.4586399495601654, 0.5080981850624084)",1,1,2.316650390625,2.298736572265625,"(-51.15950012207031, 29.256240844726562, 529.8828125)","(10.648775100708008, 25.685062408447266, 530.8541870117188)","(-20.14372444152832, 112.8310546875, 30.425329208374023)","(-15.910604476928711, 107.35493469238281, 28.432209014892578)",POINT (0.4525143206119537 0.4931063652038574),,,,,,,,,,,,,,,,,,,,,,,,,,,,1,
0,13,5,408098767847,2255608390,1,1,"(0.4489244222640991, 0.4704486131668091)","(0.4572509527206421, 0.5128960609436035)",1,1,2.265594482421875,2.309967041015625,"(-51.151451110839844, 29.24401092529297, 529.8527221679688)","(10.655366897583008, 25.670007705688477, 530.8462524414062)","(-19.267553329467773, 114.23113250732422, 30.934932708740234)","(-16.390544891357422, 106.47866821289062, 28.113262176513672)",POINT (0.4530876874923706 0.4916723370552063),,,,,,,,,,,,,,,,,,,,,,,,,,,,1,
0,13,5,408098784513,2255625056,1,1,"(0.4441024959087372, 0.47544336318969727)","(0.4552721083164215, 0.506451427936554)",1,1,2.286407470703125,2.3189849853515625,"(-51.134544372558594, 29.22323226928711, 529.8004760742188)","(10.669342041015625, 25.655431747436523, 530.830078125)","(-20.93366241455078, 113.31890869140625, 30.60291862487793)","(-17.074283599853516, 107.65570068359375, 28.541677474975586)",POINT (0.4496873021125794 0.4909473955631256),,,,,,,,,,,,,,,,,,,,,,,,,,,,1,
0,13,5,408098801181,2255641723,1,1,"(0.4498104155063629, 0.4842131733894348)","(0.4558681547641754, 0.5051230192184448)",1,1,2.2887115478515625,2.3140869140625,"(-51.12221908569336, 29.21965980529785, 529.7952880859375)","(10.68050765991211, 25.64729118347168, 530.8141479492188)","(-18.961429595947266, 111.71721649169922, 30.01996421813965)","(-16.86832618713379, 107.89830780029297, 28.629993438720703)",POINT (0.4528392851352692 0.4946680963039398),,,,,,,,,,,,,,,,,,,,,,,,,,,,1,
0,13,5,408098817848,2255658390,1,1,"(0.44976648688316345, 0.4741711914539337)","(0.45006296038627625, 0.5154728293418884)",1,1,2.2879791259765625,2.327301025390625,"(-51.11115646362305, 29.21485137939453, 529.8363037109375)","(10.698016166687012, 25.63165283203125, 530.8377685546875)","(-18.976600646972656, 113.55125427246094, 30.687490463256836)","(-18.874156951904297, 106.00804901123047, 27.94198226928711)",POINT (0.4499147236347198 0.4948220103979111),,,,,,,,,,,,,,,,,,,,,,,,,,,,1,
0,13,5,408098834521,2255675062,1,1,"(0.4463688135147095, 0.4755117893218994)","(0.4531693756580353, 0.5086026787757874)",1,1,2.2676239013671875,2.314544677734375,"(-51.09372329711914, 29.210914611816406, 529.8712768554688)","(10.717276573181152, 25.619483947753906, 530.8211059570312)","(-20.150596618652344, 113.30641174316406, 30.598360061645508)","(-17.800811767578125, 107.26280212402344, 28.398658752441406)",POINT (0.4497690945863724 0.4920572340488434),,,,,,,,,,,,,,,,,,,,,,,,,,,,1,
0,13,5,408098851187,2255691728,1,1,"(0.4470948874950409, 0.4795876145362854)","(0.4507276713848114, 0.5034627318382263)",1,1,2.300567626953125,2.3328094482421875,"(-51.07207489013672, 29.19896125793457, 529.827392578125)","(10.733673095703125, 25.606029510498047, 530.8677978515625)","(-19.899702072143555, 112.56201171875, 30.327430725097656)","(-18.64449691772461, 108.20154571533203, 28.74034309387207)",POINT (0.4489112794399262 0.4915251731872559),,,,,,,,,,,,,,,,,,,,,,,,,,,,1,
0,13,5,408098867854,2255708394,1,1,"(0.44703012704849243, 0.4728216230869293)","(0.45405715703964233, 0.5091962218284607)",1,1,2.284149169921875,2.326171875,"(-51.060516357421875, 29.207759857177734, 529.88427734375)","(10.748429298400879, 25.59714126586914, 530.8828125)","(-19.922094345092773, 113.79773712158203, 30.777175903320312)","(-17.49406623840332, 107.15440368652344, 28.359203338623047)",POINT (0.4505436420440674 0.491008922457695),,,,,,,,,,,,,,,,,,,,,,,,,,,,1,
0,13,5,408098884521,2255725061,1,1,"(0.4481097459793091, 0.47514867782592773)","(0.4524017870426178, 0.5012312531471252)",1,1,2.2874755859375,2.3183746337890625,"(-51.05198669433594, 29.207386016845703, 529.9017333984375)","(10.758258819580078, 25.59034538269043, 530.913818359375)","(-19.549043655395508, 113.37271881103516, 30.622533798217773)","(-18.0660457611084, 108.60909271240234, 28.888669967651367)",POINT (0.4502557665109634 0.4881899654865265),,,,,,,,,,,,,,,,,,,,,,,,,,,,1,
0,13,5,408098901189,2255741728,1,1,"(0.44603151082992554, 0.4733034074306488)","(0.4519253373146057, 0.5028138160705566)",1,1,2.2911529541015625,2.32098388671875,"(-51.044578552246094, 29.21900177001953, 529.8942260742188)","(10.763469696044922, 25.59547996520996, 530.9136962890625)","(-20.267133712768555, 113.70974731445312, 30.745159149169922)","(-18.23065948486328, 108.32006072998047, 28.78348731994629)",POINT (0.4489784240722656 0.4880586117506027),,,,,,,,,,,,,,,,,,,,,,,,,,,,1,
0,13,5,408098917855,2255758394,1,1,"(0.44873976707458496, 0.4725498855113983)","(0.45703384280204773, 0.4966600835323334)",1,1,2.2790679931640625,2.3200836181640625,"(-51.047386169433594, 29.23273468017578, 529.9171142578125)","(10.76339340209961, 25.614364624023438, 530.91357421875)","(-19.331357955932617, 113.84736633300781, 30.795251846313477)","(-16.46554946899414, 109.4439468383789, 29.19255828857422)",POINT (0.4528868049383164 0.4846049845218658),,,,,,,,,,,,,,,,,,,,,,,,,,,,1,
0,13,5,408098934523,2255775061,1,1,"(0.44765207171440125, 0.4768872857093811)","(0.45440784096717834, 0.5042670965194702)",1,1,2.29925537109375,2.3208465576171875,"(-51.06003952026367, 29.247051239013672, 529.9703369140625)","(10.757101058959961, 25.632617950439453, 530.9365234375)","(-19.70718002319336, 113.05519104003906, 30.506925582885742)","(-17.372896194458008, 108.05463409423828, 28.68687629699707)",POINT (0.4510299563407898 0.4905771911144257),,,,,,,,,,,,,,,,,,,,,,,,,,,,1,
0,13,5,408098951190,2255791728,1,1,"(0.444576621055603, 0.4648694694042206)","(0.45188432931900024, 0.5027985572814941)",1,1,2.2772369384765625,2.30499267578125,"(-51.06820297241211, 29.242294311523438, 529.9456787109375)","(10.746068000793457, 25.641807556152344, 530.9528198242188)","(-20.76984214782715, 115.25009155273438, 31.305803298950195)","(-18.244834899902344, 108.32284545898438, 28.784500122070312)",POINT (0.4482304751873016 0.4838340133428574),,,,,,,,,,,,,,,,,,,,,,,,,,,,1,
0,13,5,408098967863,2255808400,1,1,"(0.4501156210899353, 0.4729015827178955)","(0.45261743664741516, 0.5032060742378235)",1,1,2.2833404541015625,2.3139801025390625,"(-51.0748291015625, 29.23577117919922, 529.9285888671875)","(10.733083724975586, 25.634849548339844, 530.921875)","(-18.855968475341797, 113.78312683105469, 30.771875381469727)","(-17.99152183532715, 108.24840545654297, 28.75741195678711)",POINT (0.4513665288686752 0.4880538284778595),,,,,,,,,,,,,,,,,,,,,,,,,,,,1,
0,13,5,408098984529,2255825066,1,1,"(0.4506639838218689, 0.46762213110923767)","(0.45533499121665955, 0.5122019648551941)",1,1,2.2815399169921875,2.310775756835937,"(-51.08770751953125, 29.239654541015625, 529.9500122070312)","(10.72072982788086, 25.635406494140625, 530.9224853515625)","(-18.666494369506836, 114.74736022949219, 31.122821807861328)","(-17.052549362182617, 106.60543060302734, 28.159412384033203)",POINT (0.4529994875192642 0.4899120479822159),,,,,,,,,,,,,,,,,,,,,,,,,,,,1,
0,13,5,408099001197,2255841733,1,1,"(0.4454132914543152, 0.476483017206192)","(0.45024344325065613, 0.5065535306930542)",1,1,2.295761108398437,2.292083740234375,"(-51.09624481201172, 29.238983154296875, 529.9649658203125)","(10.709562301635742, 25.629789352416992, 530.9383544921875)","(-20.480741500854492, 113.12902069091797, 30.533803939819336)","(-18.811803817749023, 107.63704681396484, 28.53489875793457)",POINT (0.4478283673524857 0.4915182739496231),,,,,,,,,,,,,,,,,,,,,,,,,,,,1,
0,13,5,408099017864,2255858400,1,1,"(0.44705384969711304, 0.47793740034103394)","(0.4515962600708008, 0.5137847065925598)",1,1,2.25115966796875,2.312042236328125,"(-51.09593200683594, 29.24762725830078, 529.9884033203125)","(10.713836669921875, 25.627063751220703, 530.9150390625)","(-19.91388511657715, 112.8634033203125, 30.437145233154297)","(-18.3443660736084, 106.31637573242188, 28.05417823791504)",POINT (0.4493250548839569 0.4958610534667969),,,,,,,,,,,,,,,,,,,,,,,,,,,,1,
0,13,5,408099034531,2255875066,1,1,"(0.45085540413856506, 0.43420061469078064)","(0.46129462122917175, 0.4721224009990692)",1,1,2.275634765625,2.3125152587890625,"(-51.05284881591797, 29.28611946105957, 529.901123046875)","(10.722386360168457, 25.67634391784668, 530.8908081054688)","(-18.600345611572266, 120.85134887695312, 33.34450149536133)","(-14.993351936340332, 113.9254379272461, 30.823678970336914)",POINT (0.4560750126838684 0.4531615078449249),,,,,,,,,,,,,,,,,,,,,,,,,,,,,
0,13,5,408099051198,2255891733,1,1,"(0.4502527415752411, 0.44411060214042664)","(0.45768100023269653, 0.4684216380119324)",1,1,2.2669219970703125,2.25860595703125,"(-51.043540954589844, 29.298873901367188, 529.8947143554688)","(10.72482681274414, 25.6818904876709, 530.906494140625)","(-18.80859375, 119.04141998291016, 32.68573760986328)","(-16.24193572998047, 114.60133361816406, 31.06968879699707)",POINT (0.4539668709039688 0.4562661200761795),,,,,,,,,,,,,,,,,,,,,,,,,,,,,
0,13,5,408099067867,2255908402,1,1,"(0.4529492259025574, 0.43445125222206116)","(0.45740631222724915, 0.4660421907901764)",1,1,2.290557861328125,2.272567749023437,"(-51.052650451660156, 29.284719467163086, 529.901123046875)","(10.733640670776367, 25.655519485473633, 530.913818359375)","(-17.876890182495117, 120.80557250976562, 33.32783508300781)","(-16.336843490600586, 115.03590393066406, 31.22784996032715)",POINT (0.4551777690649033 0.4502467215061188),,,,,,,,,,,,,,,,,,,,,,,,,,,,,
0,13,5,408099084534,2255925068,1,1,"(0.45057356357574463, 0.44421303272247314)","(0.46133530139923096, 0.46468585729599)",1,1,2.290023803710937,2.2725372314453125,"(-51.062923431396484, 29.287670135498047, 529.8994140625)","(10.726362228393555, 25.652963638305664, 530.9140014648438)","(-18.69773292541504, 119.022705078125, 32.67893600463867)","(-14.97928237915039, 115.28362274169922, 31.317995071411133)",POINT (0.4559544324874878 0.4544494450092316),,,,,,,,,,,,,,,,,,,,,,,,,,,,,
0,13,5,408099101206,2255941740,1,1,"(0.449640154838562, 0.44048282504081726)","(0.461733877658844, 0.46107566356658936)",1,1,2.27679443359375,2.262939453125,"(-51.0827522277832, 29.287384033203125, 529.888671875)","(10.707338333129883, 25.64946746826172, 530.8599243164062)","(-19.0202579498291, 119.70398712158203, 32.92688751220703)","(-14.841557502746582, 115.9429702758789, 31.558013916015625)",POINT (0.455687016248703 0.4507792443037033),,,,,,,,,,,,,,,,,,,,,,,,,,,,,
0,13,5,408099117874,2255958407,1,1,"(0.4492233395576477, 0.43535274267196655)","(0.45816341042518616, 0.46605855226516724)",1,1,2.260711669921875,2.278778076171875,"(-51.11594772338867, 29.295076370239258, 529.9074096679688)","(10.675113677978516, 25.660802841186523, 530.8219604492188)","(-19.16427993774414, 120.64093017578125, 33.26791000366211)","(-16.07526206970215, 115.03292846679688, 31.226760864257812)",POINT (0.4536933749914169 0.4507056474685669),,,,,,,,,,,,,,,,,,,,,,,,,,,,,
0,13,5,408099134540,2255975073,1,1,"(0.4517049193382263, 0.439157098531723)","(0.45682230591773987, 0.46200138330459595)",1,1,2.2657470703125,2.26727294921875,"(-51.154930114746094, 29.292129516601562, 529.837890625)","(10.635627746582031, 25.67043113708496, 530.8543701171875)","(-18.306814193725586, 119.94610595703125, 33.015037536621094)","(-16.53862953186035, 115.77389526367188, 31.49646759033203)",POINT (0.4542636126279831 0.4505792409181595),,,,,,,,,,,,,,,,,,,,,,,,,,,,,
0,13,5,408099151208,2255991740,1,1,"(0.45635929703712463, 0.4399884045124054)","(0.45512333512306213, 0.4675069749355316)",1,1,2.261199951171875,2.2649078369140625,"(-51.19898986816406, 29.287443161010742, 529.7447509765625)","(10.584491729736328, 25.684635162353516, 530.84765625)","(-16.69861602783203, 119.79428100585938, 32.959747314453125)","(-17.12567138671875, 114.76838684082031, 31.13048553466797)",POINT (0.4557413160800934 0.4537476897239685),,,,,,,,,,,,,,,,,,,,,,,,,,,,,
0,13,5,408099167874,2256008406,1,1,"(0.449565052986145, 0.4462166130542755)","(0.4621458351612091, 0.4649540185928345)",1,1,2.2544403076171875,2.273651123046875,"(-51.261451721191406, 29.29852867126465, 529.796142578125)","(10.525335311889648, 25.695375442504883, 530.7950439453125)","(-19.046192169189453, 118.65678405761719, 32.54572677612305)","(-14.699234008789062, 115.23465728759766, 31.300189971923828)",POINT (0.4558554440736771 0.455585315823555),,,,,,,,,,,,,,,,,,,,,,,,,,,,,
0,13,5,408099184542,2256025073,1,1,"(0.4486241638660431, 0.4391855299472809)","(0.45974642038345337, 0.46734344959259033)",1,1,2.273056030273437,2.2844696044921875,"(-51.30095291137695, 29.30010414123535, 529.7512817382812)","(10.485651016235352, 25.715957641601562, 530.764892578125)","(-19.371295928955078, 119.94091796875, 33.01312255859375)","(-15.528284072875977, 114.79825592041016, 31.1413516998291)",POINT (0.4541852921247482 0.4532644897699356),,,,,,,,,,,,,,,,,,,,,,,,,,,,,
0,13,5,408099201209,2256041740,1,1,"(0.49176594614982605, 0.3379382789134979)","(0.5080825686454773, 0.3535599708557129)",1,1,2.304550170898437,2.324691772460937,"(-51.199790954589844, 29.472448348999023, 529.901123046875)","(10.52218246459961, 25.897785186767578, 530.6776123046875)","(-4.4647321701049805, 138.43238830566406, 39.74348068237305)","(1.173079490661621, 135.5792999267578, 38.70503234863281)",POINT (0.4999242573976517 0.3457491248846054),,,,,,,,,,,,,,,,,,,,,,,,,,,,1,
0,13,5,408099217875,2256058405,1,1,"(0.5126612186431885, 0.32320261001586914)","(0.5206751823425293, 0.34050288796424866)",1,1,2.305404663085937,2.2999267578125,"(-51.166709899902344, 29.55426597595215, 529.952880859375)","(10.514240264892578, 25.979358673095703, 530.4122314453125)","(2.755099296569824, 141.12367248535156, 40.723026275634766)","(5.524129867553711, 137.96400451660156, 39.57299041748047)",POINT (0.5166682004928589 0.3318527489900589),,,,,,,,,,,,,,,,,,,,,,,,,,,,1,
0,13,5,408099234544,2256075074,1,1,"(0.5093958973884583, 0.32403790950775146)","(0.5116975903511047, 0.34731507301330566)",1,1,2.3052520751953125,2.313751220703125,"(-51.239871978759766, 29.530044555664062, 529.81494140625)","(10.486648559570312, 25.98160171508789, 530.2802734375)","(1.6268731355667114, 140.9711151123047, 40.667476654052734)","(2.422154188156128, 136.71983337402344, 39.12016296386719)",POINT (0.5105467438697815 0.3356764912605286),,,,,,,,,,,,,,,,,,,,,,,,,,,,1,
0,13,5,408099251211,2256091740,1,1,"(0.511542558670044, 0.3173988461494446)","(0.5107063055038452, 0.3382529020309448)",1,1,2.317352294921875,2.3116607666015625,"(-51.310523986816406, 29.550025939941406, 529.9780883789062)","(10.45749282836914, 26.00612449645996, 530.2501831054688)","(2.3685734272003174, 142.18365478515625, 41.108829498291016)","(2.079657793045044, 138.3749237060547, 39.72256851196289)",POINT (0.5111244320869446 0.3278258740901947),,,,,,,,,,,,,,,,,,,,,,,,,,,,1,
0,13,5,408099267879,2256108408,1,1,"(0.513557493686676, 0.32922500371932983)","(0.5049124956130981, 0.33983033895492554)",1,1,2.3152008056640625,2.3134307861328125,"(-51.35467529296875, 29.57602310180664, 529.977783203125)","(10.427334785461426, 26.020105361938477, 530.1647338867188)","(3.064802885055542, 140.0237579345703, 40.32270050048828)","(0.07774430513381958, 138.0868377685547, 39.61768341064453)",POINT (0.5092349946498871 0.3345276713371277),,,,,,,,,,,,,,,,,,,,,,,,,,,,1,
0,13,5,408099284546,2256125074,1,1,"(0.5133666396141052, 0.3244573771953583)","(0.5104005336761475, 0.3345760107040405)",1,1,2.3088836669921875,2.307220458984375,"(-51.38470458984375, 29.598575592041016, 529.9642333984375)","(10.40966796875, 26.034700393676758, 530.1263427734375)","(2.9988529682159424, 140.8944854736328, 40.639610290527344)","(1.9739845991134644, 139.0464630126953, 39.96699523925781)",POINT (0.5118835866451263 0.3295166939496994),,,,,,,,,,,,,,,,,,,,,,,,,,,,1,
0,13,5,408099301213,2256141741,1,1,"(0.5135931968688965, 0.32198792695999146)","(0.5153495073318481, 0.33995386958122253)",1,1,2.314605712890625,2.3109893798828125,"(-51.40454864501953, 29.62261390686035, 529.9129638671875)","(10.393837928771973, 26.057205200195312, 530.1345825195312)","(3.077152967453003, 141.34552001953125, 40.803775787353516)","(3.6839864253997803, 138.06427001953125, 39.6094856262207)",POINT (0.5144713521003723 0.330970898270607),,,,,,,,,,,,,,,,,,,,,,,,,,,,1,
0,13,5,408099317881,2256158408,1,1,"(0.5120521783828735, 0.31672361493110657)","(0.5125166177749634, 0.34216639399528503)",1,1,2.313095092773437,2.315048217773437,"(-51.41783142089844, 29.631603240966797, 529.8729248046875)","(10.38365364074707, 26.075267791748047, 530.1114501953125)","(2.5446653366088867, 142.30697631835938, 41.153709411621094)","(2.70515775680542, 137.66018676757812, 39.46241760253906)",POINT (0.5122843980789185 0.3294450044631958),,,,,,,,,,,,,,,,,,,,,,,,,,,,1,
0,13,5,408099334549,2256175076,1,1,"(0.5125555396080017, 0.32347583770751953)","(0.5131628513336182, 0.34245765209198)",1,1,2.308334350585937,2.31109619140625,"(-51.4305419921875, 29.65277862548828, 529.8867797851562)","(10.380245208740234, 26.097644805908203, 530.09521484375)","(2.7186012268066406, 141.07376098632812, 40.704856872558594)","(2.928450584411621, 137.60699462890625, 39.44307327270508)",POINT (0.5128591954708099 0.3329667448997498),,,,,,,,,,,,,,,,,,,,,,,,,,,,1,
0,13,5,408099351215,2256191741,1,1,"(0.5109625458717346, 0.3253321647644043)","(0.5115423202514648, 0.34412455558776855)",1,1,2.3237457275390625,2.31475830078125,"(-51.44443893432617, 29.657310485839844, 529.9078979492188)","(10.373106002807617, 26.105459213256836, 530.1195068359375)","(2.168180227279663, 140.73472595214844, 40.58145523071289)","(2.368504285812378, 137.30255126953125, 39.33223342895508)",POINT (0.5112524330615997 0.3347283601760864),,,,,,,,,,,,,,,,,,,,,,,,,,,,1,
0,13,5,408099367889,2256208415,1,1,"(0.5144395232200623, 0.31831344962120056)","(0.5109082460403442, 0.34438061714172363)",1,1,2.306259155273437,2.308746337890625,"(-51.46027374267578, 29.665157318115234, 529.8978271484375)","(10.370306015014648, 26.11897850036621, 530.13525390625)","(3.3695595264434814, 142.0166015625, 41.048011779785156)","(2.149418354034424, 137.25579833984375, 39.315223693847656)",POINT (0.5126738846302032 0.3313470333814621),,,,,,,,,,,,,,,,,,,,,,,,,,,,1,
0,13,5,408099384556,2256225081,1,1,"(0.5143845677375793, 0.3283264935016632)","(0.5215871334075928, 0.34339573979377747)",1,1,2.313812255859375,2.33099365234375,"(-51.37083435058594, 29.688961029052734, 529.8955078125)","(10.429519653320312, 26.140106201171875, 530.2268676757812)","(3.3505795001983643, 140.1878662109375, 40.382423400878906)","(5.839232444763184, 137.4356689453125, 39.38069534301758)",POINT (0.5179858505725861 0.3358611166477203),,,,,,,,,,,,,,,,,,,,,,,,,,,,1,
0,13,5,408099401223,2256241748,1,1,"(0.552629292011261, 0.2948155701160431)","(0.5563490986824036, 0.32048124074935913)",1,1,2.32098388671875,2.311874389648437,"(-51.21400451660156, 29.722267150878906, 529.7857666015625)","(10.500397682189941, 26.19491195678711, 530.19287109375)","(16.56510353088379, 146.3081817626953, 42.61003112792969)","(17.850374221801758, 141.6206817626953, 40.9039306640625)",POINT (0.5544891953468323 0.3076484054327011),,,,,,,,,,,,,,,,,,,,,,,,,,,,1,
0,13,5,408099417890,2256258414,1,1,"(0.5454303622245789, 0.29506003856658936)","(0.5483300089836121, 0.3312287926673889)",1,1,2.332260131835937,2.323715209960937,"(-51.21124267578125, 29.714569091796875, 529.6759033203125)","(10.508828163146973, 26.17697525024414, 530.146240234375)","(14.077669143676758, 146.26353454589844, 42.593788146972656)","(15.079567909240723, 139.6577911376953, 40.18950653076172)",POINT (0.5468801856040955 0.3131444156169891),,,,,,,,,,,,,,,,,,,,,,,,,,,,1,
0,13,5,408099434557,2256275081,1,1,"(0.5502816438674927, 0.29110175371170044)","(0.5468008518218994, 0.3352521061897278)",1,1,2.31854248046875,2.311798095703125,"(-51.205589294433594, 29.70127296447754, 529.6932373046875)","(10.524887084960938, 26.155292510986328, 530.1068115234375)","(15.753933906555176, 146.98646545410156, 42.856929779052734)","(14.551231384277344, 138.92298889160156, 39.922019958496094)",POINT (0.548541247844696 0.3131769299507141),,,,,,,,,,,,,,,,,,,,,,,,,,,,1,
0,13,5,408099451225,2256291748,1,1,"(0.5456321835517883, 0.2931555509567261)","(0.5496264696121216, 0.32797712087631226)",1,1,2.341766357421875,2.32958984375,"(-51.175209045410156, 29.691638946533203, 529.6192626953125)","(10.555337905883789, 26.140594482421875, 530.098388671875)","(14.147412300109863, 146.61135864257812, 42.72039794921875)","(15.527546882629395, 140.2516632080078, 40.4056282043457)",POINT (0.547629326581955 0.3105663359165192),,,,,,,,,,,,,,,,,,,,,,,,,,,,1,
0,13,5,408099467892,2256308415,1,1,"(0.5456432104110718, 0.2940225601196289)","(0.5445153117179871, 0.32848042249679565)",1,1,2.305877685546875,2.324951171875,"(-51.14967346191406, 29.68271255493164, 529.5755615234375)","(10.584270477294922, 26.127058029174805, 530.097412109375)","(14.151225090026855, 146.4530029296875, 42.662742614746094)","(13.761494636535645, 140.15975952148438, 40.3721809387207)",POINT (0.5450792610645294 0.3112514913082123),,,,,,,,,,,,,,,,,,,,,,,,,,,,1,
0,13,5,408099484559,2256325081,1,1,"(0.5479115843772888, 0.29354920983314514)","(0.5500229597091675, 0.3322262763977051)",1,1,2.3293914794921875,2.334381103515625,"(-51.13023376464844, 29.67723846435547, 529.611328125)","(10.613691329956055, 26.119068145751953, 530.1743774414062)","(14.935007095336914, 146.53945922851562, 42.694217681884766)","(15.664531707763672, 139.47561645507812, 40.123172760009766)",POINT (0.5489672720432281 0.3128877431154251),,,,,,,,,,,,,,,,,,,,,,,,,,,,1,
0,13,5,408099501231,2256341753,1,1,"(0.5508559942245483, 0.29336103796958923)","(0.551173210144043, 0.32674452662467957)",1,1,2.291488647460937,2.3173980712890625,"(-51.10947799682617, 29.679790496826172, 529.597900390625)","(10.638832092285156, 26.107791900634766, 530.2049560546875)","(15.952361106872559, 146.57383728027344, 42.70669937133789)","(16.061992645263672, 140.47677612304688, 40.487571716308594)",POINT (0.5510146021842957 0.3100527822971344),,,,,,,,,,,,,,,,,,,,,,,,,,,,1,
0,13,5,408099517899,2256358420,1,1,"(0.5535103678703308, 0.2961122691631317)","(0.5469956398010254, 0.3302285373210907)",1,1,2.3022003173828125,2.317474365234375,"(-51.094940185546875, 29.683664321899414, 529.5845947265625)","(10.654251098632812, 26.101905822753906, 530.2278442382812)","(16.869531631469727, 146.0713653564453, 42.5238151550293)","(14.6185302734375, 139.84048461914062, 40.25596618652344)",POINT (0.5502530038356781 0.3131704032421112),,,,,,,,,,,,,,,,,,,,,,,,,,,,1,
0,13,5,408099534565,2256375086,1,1,"(0.5509003400802612, 0.2957569658756256)","(0.5506365299224854, 0.3312525153160095)",1,1,2.314483642578125,2.3217315673828125,"(-51.098541259765625, 29.69271469116211, 529.6473388671875)","(10.658914566040039, 26.108762741088867, 530.2589111328125)","(15.96770191192627, 146.13624572753906, 42.54745864868164)","(15.876545906066895, 139.65345764160156, 40.18791580200195)",POINT (0.5507684350013733 0.3135047405958176),,,,,,,,,,,,,,,,,,,,,,,,,,,,1,
0,13,5,408099551233,2256391753,1,1,"(0.5457338094711304, 0.292280375957489)","(0.5534376502037048, 0.33490729331970215)",1,1,2.3127899169921875,2.335540771484375,"(-51.100181579589844, 29.68357276916504, 529.6315307617188)","(10.648725509643555, 26.11216926574707, 530.3448486328125)","(14.182516098022461, 146.77120971679688, 42.7785530090332)","(16.844388961791992, 138.9859619140625, 39.9449577331543)",POINT (0.5495857298374176 0.3135938346385956),,,,,,,,,,,,,,,,,,,,,,,,,,,,1,
0,13,5,408099567900,2256408420,1,1,"(0.546366274356842, 0.2951635718345642)","(0.5515487194061279, 0.3299776017665863)",1,1,2.3163604736328125,2.3292694091796875,"(-51.112754821777344, 29.692331314086914, 529.6453857421875)","(10.640012741088867, 26.117198944091797, 530.2904052734375)","(14.401054382324219, 146.24464416503906, 42.586883544921875)","(16.191749572753906, 139.8863067626953, 40.27267074584961)",POINT (0.548957496881485 0.3125705868005753),,,,,,,,,,,,,,,,,,,,,,,,,,,,1,
0,13,5,408099584567,2256425086,1,1,"(0.5494378209114075, 0.30660733580589294)","(0.5528612732887268, 0.33857086300849915)",1,1,2.333404541015625,2.3406524658203125,"(-51.13262176513672, 29.68752098083496, 529.6258544921875)","(10.61746597290039, 26.121501922607422, 530.306396484375)","(15.462359428405762, 144.15457153320312, 41.82617950439453)","(16.645267486572266, 138.31686401367188, 39.701419830322266)",POINT (0.5511495471000671 0.322589099407196),,,,,,,,,,,,,,,,,,,,,,,,,,,,1,
0,13,5,408099601234,2256441753,1,1,"(0.5855382084846497, 0.3050921559333801)","(0.5873079299926758, 0.3297870457172394)",1,1,2.321151733398437,2.3388214111328125,"(-51.065467834472656, 29.67049789428711, 529.59814453125)","(10.534128189086914, 26.278385162353516, 533.8607788085938)","(27.935958862304688, 144.43128967285156, 41.92689895629883)","(28.54741859436035, 139.9210968017578, 40.28533935546875)",POINT (0.5864230692386627 0.3174396008253098),,,,,,,,,,,,,,,,,,,,,,,,,,,,1,
0,13,5,408099617905,2256458423,1,1,"(0.605273962020874, 0.2997170388698578)","(0.6031728386878967, 0.3401506245136261)",1,1,2.3227996826171875,2.34478759765625,"(-50.94817352294922, 29.67876434326172, 529.7755126953125)","(10.810617446899414, 26.14288330078125, 530.6209716796875)","(34.755165100097656, 145.41299438476562, 42.28420639038086)","(34.0291633605957, 138.02833557128906, 39.596405029296875)",POINT (0.6042234003543854 0.3199338316917419),,,,,,,,,,,,,,,,,,,,,,,,,,,,1,
0,13,5,408099634572,2256475090,1,1,"(0.5884173512458801, 0.2915433347225189)","(0.6015807390213013, 0.3387587070465088)",1,1,2.3159332275390625,2.339263916015625,"(-50.955810546875, 29.645233154296875, 529.4990844726562)","(10.782341957092285, 26.151336669921875, 530.699951171875)","(28.9307804107666, 146.9058074951172, 42.827552795410156)","(33.479061126708984, 138.2825469970703, 39.688934326171875)",POINT (0.5949990451335907 0.3151510208845138),,,,,,,,,,,,,,,,,,,,,,,,,,,,1,
0,13,5,408099651240,2256491757,1,1,"(0.5952645540237427, 0.29263758659362793)","(0.6049414277076721, 0.3349911570549011)",1,1,2.3331756591796875,2.337646484375,"(-51.003902435302734, 29.648481369018555, 529.5462646484375)","(10.757083892822266, 26.170366287231445, 530.6849365234375)","(31.296646118164062, 146.7059783935547, 42.75480651855469)","(34.640262603759766, 138.97064208984375, 39.93938446044922)",POINT (0.6001029908657074 0.3138143718242645),,,,,,,,,,,,,,,,,,,,,,,,,,,,1,
0,13,5,408099667906,2256508423,1,1,"(0.600954532623291, 0.2952873110771179)","(0.6066483855247498, 0.33756527304649353)",1,1,2.342315673828125,2.30596923828125,"(-51.03815460205078, 29.644556045532227, 529.5018920898438)","(10.726882934570312, 26.182647705078125, 530.6936645507812)","(33.2626838684082, 146.22203063964844, 42.57866668701172)","(35.23006820678711, 138.50051879882812, 39.76826477050781)",POINT (0.6038014590740204 0.3164262920618057),,,,,,,,,,,,,,,,,,,,,,,,,,,,1,
0,13,5,408099684574,2256525090,1,1,"(0.5949332118034363, 0.2960316240787506)","(0.6046343445777893, 0.33568453788757324)",1,1,2.330551147460937,2.32318115234375,"(-51.059326171875, 29.6306209564209, 529.3958740234375)","(10.703811645507812, 26.185504913330078, 530.6317138671875)","(31.18216323852539, 146.08609008789062, 42.52919387817383)","(34.53416442871094, 138.84400939941406, 39.8932991027832)",POINT (0.5997837781906128 0.3158580809831619),,,,,,,,,,,,,,,,,,,,,,,,,,,,1,
0,13,5,408099701241,2256541757,1,1,"(0.5968990921974182, 0.2957124710083008)","(0.6069174408912659, 0.3370763063430786)",1,1,2.3250274658203125,2.3286285400390625,"(-51.095542907714844, 29.638004302978516, 529.4451293945312)","(10.680550575256348, 26.185932159423828, 530.5775146484375)","(31.861427307128906, 146.14439392089844, 42.55039978027344)","(35.32301330566406, 138.58981323242188, 39.800777435302734)",POINT (0.601908266544342 0.3163943886756897),,,,,,,,,,,,,,,,,,,,,,,,,,,,1,
0,13,5,408099717908,2256558423,1,1,"(0.5974621772766113, 0.29768607020378113)","(0.6056978106498718, 0.33466339111328125)",1,1,2.333251953125,2.318206787109375,"(-51.12336349487305, 29.63177490234375, 529.464599609375)","(10.66149616241455, 26.1829833984375, 530.6097412109375)","(32.05599594116211, 145.78392028808594, 42.419212341308594)","(34.901607513427734, 139.030517578125, 39.9611701965332)",POINT (0.6015799939632416 0.3161747306585312),,,,,,,,,,,,,,,,,,,,,,,,,,,,1,
0,13,5,408099734575,2256575090,1,1,"(0.5957338809967041, 0.2981034815311432)","(0.6049546003341675, 0.34190163016319275)",1,1,2.3227081298828125,2.3330230712890625,"(-51.141109466552734, 29.618776321411133, 529.4453735351562)","(10.645343780517578, 26.172603607177734, 530.6025390625)","(31.45882225036621, 145.70767211914062, 42.39149856567383)","(34.644813537597656, 137.70852661132812, 39.48003005981445)",POINT (0.6003442406654358 0.320002555847168),,,,,,,,,,,,,,,,,,,,,,,,,,,,1,
0,13,5,408099751248,2256591762,1,1,"(0.5991644263267517, 0.29496321082115173)","(0.606005847454071, 0.34244582056999207)",1,1,2.3270721435546875,2.344573974609375,"(-51.16441345214844, 29.600948333740234, 529.512451171875)","(10.629373550415039, 26.162485122680664, 530.5482177734375)","(32.64414978027344, 146.28123474121094, 42.60020446777344)","(35.0080451965332, 137.60914611816406, 39.44386291503906)",POINT (0.6025851368904114 0.3187045156955719),,,,,,,,,,,,,,,,,,,,,,,,,,,,1,
0,13,5,408099767914,2256608428,1,1,"(0.5986119508743286, 0.3019266724586487)","(0.6045371890068054, 0.3264567255973816)",1,1,2.3228912353515625,2.333114624023437,"(-51.176856994628906, 29.581035614013672, 529.4468994140625)","(10.616151809692383, 26.14622688293457, 530.5413208007812)","(32.45325469970703, 145.0094451904297, 42.13734436035156)","(34.5005989074707, 140.52932739257812, 40.506717681884766)",POINT (0.601574569940567 0.3141916990280151),,,,,,,,,,,,,,,,,,,,,,,,,,,,1,
0,13,5,408099784582,2256625095,1,1,"(0.5986589193344116, 0.30421164631843567)","(0.6076634526252747, 0.3289322555065155)",1,1,2.331527709960937,2.309555053710937,"(-51.199954986572266, 29.561954498291016, 529.5443115234375)","(10.605241775512695, 26.117618560791016, 530.49462890625)","(32.46950149536133, 144.5921173095703, 41.98543167114258)","(35.5807991027832, 140.07720947265625, 40.34217071533203)",POINT (0.6031611859798431 0.3165719509124756),,,,,,,,,,,,,,,,,,,,,,,,,,,,1,
0,13,5,408099801249,2256641762,1,1,"(0.5318318009376526, 0.44415098428726196)","(0.5423105359077454, 0.44946324825286865)",1,1,2.2781982421875,2.271209716796875,"(-51.35364532470703, 29.27379608154297, 529.3956298828125)","(10.271012306213379, 25.8214054107666, 530.3333740234375)","(9.379018783569336, 119.03404235839844, 32.6830940246582)","(12.999702453613281, 118.06383514404297, 32.32991027832031)",POINT (0.537071168422699 0.4468071162700653),,,,,,,,,,,,,,,,,,,,,,,,,,,,1,
0,13,5,408099817916,2256658428,1,1,"(0.4736160933971405, 0.578551173210144)","(0.4858333468437195, 0.6153604984283447)",1,1,2.296356201171875,2.330795288085937,"(-51.546966552734375, 28.984405517578125, 529.4992065429688)","(9.967962265014648, 25.5283203125, 530.2410888671875)","(-10.735965728759766, 94.48762512207031, 23.748918533325195)","(-6.5145978927612305, 87.76490020751953, 21.30202293395996)",POINT (0.47972472012043 0.5969558358192444),,,,,,,,,,,,,,,,,,,,,,,,,,,,1,
0,13,5,408099834583,2256675095,1,1,"(0.4793702960014343, 0.5471364855766296)","(0.5028871297836304, 0.5977963209152222)",1,1,2.2569732666015625,2.3505096435546875,"(-51.58982849121094, 28.932750701904297, 529.46923828125)","(9.97240161895752, 25.50634765625, 530.7017822265625)","(-8.747736930847168, 100.22511291503906, 25.83715057373047)","(-0.6220759749412537, 90.97276306152344, 22.469554901123047)",POINT (0.4911287128925324 0.5724664032459259),,,,,,,,,,,,,,,,,,,,,,,,,,,,1,
0,13,5,408099851249,2256691760,1,1,"(0.4671173691749573, 0.5878012776374817)","(0.48145583271980286, 0.6210495233535767)",1,1,2.295883178710937,2.3149566650390625,"(-51.5922966003418, 28.91966438293457, 529.4448852539062)","(10.001932144165039, 25.48784828186035, 530.661376953125)","(-12.981427192687988, 92.79822540283203, 23.13398551940918)","(-8.027141571044922, 86.72586059570312, 20.923871994018555)",POINT (0.4742866009473801 0.6044254004955292),,,,,,,,,,,,,,,,,,,,,,,,,,,,,
0,13,5,408099867915,2256708426,1,1,"(0.47385963797569275, 0.5880845785140991)","(0.4792381227016449, 0.6220945119857788)",1,1,2.2794952392578125,2.300628662109375,"(-51.59037780761719, 28.910524368286133, 529.44482421875)","(10.02474594116211, 25.468416213989258, 530.6532592773438)","(-10.651815414428711, 92.7464828491211, 23.11517333984375)","(-8.7933988571167, 86.5350112915039, 20.854406356811523)",POINT (0.4765488803386688 0.605089545249939),,,,,,,,,,,,,,,,,,,,,,,,,,,,,
0,13,5,408099884584,2256725095,1,1,"(0.4669268727302551, 0.5883889198303223)","(0.4818192720413208, 0.629528820514679)",1,1,2.2952117919921875,2.3676300048828125,"(-51.57933044433594, 28.90321159362793, 529.48486328125)","(10.056804656982422, 25.459980010986328, 530.6673583984375)","(-13.047249794006348, 92.69087982177734, 23.094938278198242)","(-7.90155029296875, 85.17723083496094, 20.36020851135254)",POINT (0.474373072385788 0.6089588701725006),,,,,,,,,,,,,,,,,,,,,,,,,,,,,
0,13,5,408099901252,2256741762,1,1,"(0.47170451283454895, 0.5875431895256042)","(0.48300689458847046, 0.6334091424942017)",1,1,2.2796783447265625,2.353179931640625,"(-51.57169723510742, 28.89291763305664, 529.4707641601562)","(10.075023651123047, 25.444778442382812, 530.7612915039062)","(-11.396461486816406, 92.84535217285156, 23.151145935058594)","(-7.491208076477051, 84.46854400634766, 20.102235794067383)",POINT (0.4773557037115097 0.610476166009903),,,,,,,,,,,,,,,,,,,,,,,,,,,,,
0,13,5,408099917918,2256758428,1,1,"(0.47036218643188477, 0.5980308055877686)","(0.4797613024711609, 0.624535858631134)",1,1,2.3234405517578125,2.3141021728515625,"(-51.572486877441406, 28.878482818603516, 529.5332641601562)","(10.094467163085938, 25.423017501831055, 530.7453002929688)","(-11.860273361206055, 90.92993927001953, 22.45398712158203)","(-8.612645149230957, 86.08914184570312, 20.69208335876465)",POINT (0.4750617444515228 0.6112833321094513),,,,,,,,,,,,,,,,,,,,,,,,,,,,,1
0,13,5,408099934586,2256775095,1,1,"(0.47461411356925964, 0.5986418724060059)","(0.48500093817710876, 0.6281961798667908)",1,1,2.2871246337890625,2.3397216796875,"(-51.57502365112305, 28.858976364135742, 529.5560302734375)","(10.104674339294434, 25.405162811279297, 530.7684326171875)","(-10.391115188598633, 90.81832885742188, 22.41337013244629)","(-6.802206993103027, 85.42061614990234, 20.448789596557617)",POINT (0.4798075258731842 0.6134190261363983),,,,,,,,,,,,,,,,,,,,,,,,,,,,,1
0,13,5,408099951254,2256791763,1,1,"(0.4696923494338989, 0.6018667221069336)","(0.48368769884109497, 0.620673418045044)",1,1,2.30914306640625,2.366607666015625,"(-51.58187484741211, 28.83596420288086, 529.5862426757812)","(10.104294776916504, 25.38677215576172, 530.7373046875)","(-12.091711044311523, 90.2293472290039, 22.199016571044922)","(-7.2559733390808105, 86.7945556640625, 20.948848724365234)",POINT (0.476690024137497 0.6112700700759888),,,,,,,,,,,,,,,,,,,,,,,,,,,,,1
0,13,5,408099967922,2256808430,1,1,"(0.47691720724105835, 0.592228353023529)","(0.48639512062072754, 0.6210275888442993)",1,1,2.30108642578125,2.34857177734375,"(-51.59233856201172, 28.816184997558594, 529.5942993164062)","(10.102216720581055, 25.375106811523438, 530.7840576171875)","(-9.595349311828613, 91.98967742919922, 22.839704513549805)","(-6.320480823516846, 86.72986602783203, 20.92531394958496)",POINT (0.4816561639308929 0.6066279709339142),,,,,,,,,,,,,,,,,,,,,,,,,,,,,
0,13,5,408099984589,2256825097,1,1,"(0.47029778361320496, 0.5846501588821411)","(0.4836699068546295, 0.6181874871253967)",1,1,2.33251953125,2.3482208251953125,"(-51.59574890136719, 28.798843383789062, 529.602294921875)","(10.097761154174805, 25.37813949584961, 530.8546752929688)","(-11.882523536682129, 93.37373352050781, 23.343460083007812)","(-7.262121677398682, 87.24858093261719, 21.11408042907715)",POINT (0.4769838452339172 0.6014188230037689),,,,,,,,,,,,,,,,,,,,,,,,,,,,1,
0,13,5,408100001257,2256841764,1,1,"(0.47335559129714966, 0.5944462418556213)","(0.48001134395599365, 0.6173862218856812)",1,1,2.317840576171875,2.373321533203125,"(-51.60092544555664, 28.794559478759766, 529.673095703125)","(10.10079574584961, 25.376522064208984, 530.9404907226562)","(-10.825983047485352, 91.58460235595703, 22.69228172302246)","(-8.526238441467285, 87.39492797851562, 21.167354583740234)",POINT (0.4766834676265717 0.6059162318706512),,,,,,,,,,,,,,,,,,,,,,,,,,,,,
0,13,5,408100017931,2256858438,1,1,"(0.4766758382320404, 0.6040444374084473)","(0.48073193430900574, 0.6237282156944275)",1,1,2.356658935546875,2.383651733398437,"(-51.60093688964844, 28.794437408447266, 529.736328125)","(10.105949401855469, 25.364974975585938, 530.9639892578125)","(-9.678738594055176, 89.83161163330078, 22.054262161254883)","(-8.277250289916992, 86.23663330078125, 20.745750427246094)",POINT (0.4787038862705231 0.6138863265514374),,,,,,,,,,,,,,,,,,,,,,,,,,,,,1
0,13,5,408100034599,2256875105,1,1,"(0.4687861204147339, 0.5917646288871765)","(0.4844520390033722, 0.6269000768661499)",1,1,2.3495635986328125,2.405853271484375,"(-51.5809440612793, 28.78705596923828, 529.7476806640625)","(10.126810073852539, 25.350814819335938, 531.0023193359375)","(-12.404848098754883, 92.07437133789062, 22.87053108215332)","(-6.991865158081055, 85.6573257446289, 20.534954071044922)",POINT (0.476619079709053 0.6093323528766632),,,,,,,,,,,,,,,,,,,,,,,,,,,,,
0,13,5,408100051266,2256891772,1,1,"(0.4709392786026001, 0.5969409942626953)","(0.4827601909637451, 0.6237832903862)",1,1,2.349334716796875,2.3854217529296875,"(-51.55400848388672, 28.775224685668945, 529.7998046875)","(10.149401664733887, 25.340286254882812, 531.0722045898438)","(-11.660859107971191, 91.12897491455078, 22.526405334472656)","(-7.5764479637146, 86.2265853881836, 20.74212646484375)",POINT (0.4768497347831726 0.6103621423244476),,,,,,,,,,,,,,,,,,,,,,,,,,,,,
0,13,5,408100067933,2256908438,1,1,"(0.47620058059692383, 0.5978134870529175)","(0.47975748777389526, 0.6270320415496826)",1,1,2.3383026123046875,2.380355834960937,"(-51.52278518676758, 28.76357650756836, 529.7808837890625)","(10.153989791870117, 25.334972381591797, 531.0765991210938)","(-9.842949867248535, 90.9696273803711, 22.46841812133789)","(-8.6139554977417, 85.63323974609375, 20.526166915893555)",POINT (0.4779790341854096 0.6124227643013),,,,,,,,,,,,,,,,,,,,,,,,,,,,,1
0,13,5,408100084600,2256925105,1,1,"(0.4711221158504486, 0.5965774059295654)","(0.49005383253097534, 0.6261762380599976)",1,1,2.364959716796875,2.379730224609375,"(-51.50313186645508, 28.75657844543457, 529.90185546875)","(10.181626319885254, 25.31031036376953, 531.2008666992188)","(-11.597686767578125, 91.19537353515625, 22.55059814453125)","(-5.056305885314941, 85.78953552246094, 20.583036422729492)",POINT (0.480587974190712 0.6113768219947815),,,,,,,,,,,,,,,,,,,,,,,,,,,,,1
0,13,5,408100101267,2256941771,1,1,"(0.47980350255966187, 0.6050812005996704)","(0.4935774505138397, 0.630416989326477)",1,1,2.37005615234375,2.3835906982421875,"(-51.41516876220703, 28.731033325195312, 529.9075927734375)","(10.266100883483887, 25.24953269958496, 531.2644653320312)","(-8.598055839538574, 89.64228057861328, 21.98533058166504)","(-3.838817834854126, 85.01502990722656, 20.301143646240234)",POINT (0.4866904765367508 0.6177490949630737),,,,,,,,,,,,,,,,,,,,,,,,,,,,,1
0,13,5,408100117934,2256958438,1,1,"(0.5033120512962341, 0.609454333782196)","(0.5254766345024109, 0.6129706501960754)",1,1,2.39300537109375,2.3824005126953125,"(-51.329437255859375, 28.737361907958984, 530.2604370117188)","(10.36709213256836, 25.211336135864258, 531.08203125)","(-0.47526028752326965, 88.84357452392578, 21.694650650024414)","(7.183160781860352, 88.20137786865234, 21.46086883544922)",POINT (0.5143943428993225 0.6112124919891357),,,,,,,,,,,,,,,,,,,,,,,,,,,,,1
0,13,5,408100134600,2256975103,1,1,"(0.5134950876235962, 0.6116909980773926)","(0.5236788392066956, 0.6293404698371887)",1,1,2.399017333984375,2.3916778564453125,"(-51.333702087402344, 28.733415603637695, 530.2608642578125)","(10.364810943603516, 25.202980041503906, 531.0897216796875)","(3.0432395935058594, 88.43507385253906, 21.54594612121582)","(6.561985492706299, 85.2116470336914, 20.37269401550293)",POINT (0.5185869634151459 0.6205157339572906),,,,,,,,,,,,,,,,,,,,,,,,,,,,,1
0,13,5,408100151269,2256991772,1,1,"(0.5094795227050781, 0.6054263710975647)","(0.5244320034980774, 0.6347851753234863)",1,1,2.39129638671875,2.4185943603515625,"(-51.36267852783203, 28.739086151123047, 530.3351440429688)","(10.344801902770996, 25.211641311645508, 531.0748901367188)","(1.6557620763778687, 89.57923126220703, 21.962387084960938)","(6.8222222328186035, 84.21722412109375, 20.01077651977539)",POINT (0.5169557631015778 0.6201057732105255),,,,,,,,,,,,,,,,,,,,,,,,,,,,,1
0,13,5,408100167937,2257008439,1,1,"(0.5082263350486755, 0.6024494171142578)","(0.5240586400032043, 0.6310490369796753)",1,1,2.386474609375,2.435287475585937,"(-51.408931732177734, 28.738515853881836, 530.3433227539062)","(10.298423767089844, 25.224761962890625, 531.185546875)","(1.222745656967163, 90.12293243408203, 22.160261154174805)","(6.693226337432861, 84.89958190917969, 20.25916862487793)",POINT (0.5161424875259399 0.6167492270469666),,,,,,,,,,,,,,,,,,,,,,,,,,,,,1
0,13,5,408100184604,2257025106,1,1,"(0.5107913017272949, 0.6125008463859558)","(0.5267027020454407, 0.6267668604850769)",1,1,2.40106201171875,2.4137115478515625,"(-51.47252655029297, 28.7330379486084, 530.4759521484375)","(10.239457130432129, 25.23543930053711, 531.234130859375)","(2.1090331077575684, 88.28717041015625, 21.492111206054688)","(7.606801509857178, 85.6816635131836, 20.54377555847168)",POINT (0.5187470018863678 0.6196338534355164),,,,,,,,,,,,,,,,,,,,,,,,,,,,,1
0,13,5,408100201271,2257041772,1,1,"(0.5070089101791382, 0.6062262058258057)","(0.5306532382965088, 0.6390381455421448)",1,1,2.4059295654296875,2.439117431640625,"(-51.52533721923828, 28.711057662963867, 530.5)","(10.191665649414062, 25.22150421142578, 531.2197265625)","(0.8021171689033508, 89.43314361572266, 21.909223556518555)","(8.971799850463867, 83.44049072265625, 19.72806167602539)",POINT (0.5188310742378235 0.6226321756839752),,,,,,,,,,,,,,,,,,,,,,,,,,,,,1
0,13,5,408100217938,2257058439,1,1,"(0.5085079073905945, 0.5980080962181091)","(0.5256375074386597, 0.6371408700942993)",1,1,2.4092254638671875,2.428573608398437,"(-51.568626403808594, 28.670076370239258, 530.5098876953125)","(10.146275520324707, 25.20254135131836, 531.1585693359375)","(1.320054054260254, 90.93406677246094, 22.455520629882812)","(7.238755702972412, 83.78699493408203, 19.854156494140625)",POINT (0.5170727074146271 0.6175744831562042),,,,,,,,,,,,,,,,,,,,,,,,,,,,,1
0,13,5,408100234606,2257075106,1,1,"(0.5147646069526672, 0.6081684231758118)","(0.5253192782402039, 0.6140157580375671)",1,1,2.402374267578125,2.40032958984375,"(-51.60191345214844, 28.638126373291016, 530.559814453125)","(10.119189262390137, 25.175580978393555, 531.1590576171875)","(3.481891393661499, 89.07843780517578, 21.78009033203125)","(7.1287946701049805, 88.01049041748047, 21.391416549682617)",POINT (0.5200419425964355 0.6110920906066895),,,,,,,,,,,,,,,,,,,,,,,,,,,,,
0,13,5,408100251272,2257091772,1,1,"(0.5156383514404297, 0.6191785931587219)","(0.5208835601806641, 0.6279572248458862)",1,1,2.404327392578125,2.39422607421875,"(-51.614234924316406, 28.596527099609375, 530.5242919921875)","(10.107778549194336, 25.143871307373047, 531.229736328125)","(3.783785581588745, 87.06755828857422, 21.048215866088867)","(5.596149444580078, 85.4642562866211, 20.464658737182617)",POINT (0.5182609558105469 0.6235679090023041),,,,,,,,,,,,,,,,,,,,,,,,,,,,,1
0,13,5,408100267942,2257108441,1,1,"(0.5097817182540894, 0.6037249565124512)","(0.5176042318344116, 0.6324961185455322)",1,1,2.394027709960937,2.400848388671875,"(-51.626670837402344, 28.543731689453125, 530.444091796875)","(10.085136413574219, 25.102903366088867, 531.2308349609375)","(1.7601631879806519, 89.88998413085938, 22.075468063354492)","(4.463050842285156, 84.63529968261719, 20.162939071655273)",POINT (0.5136929750442505 0.6181105375289917),,,,,,,,,,,,,,,,,,,,,,,,,,,,,1
0,13,5,408100284616,2257125115,1,1,"(0.4625147581100464, 0.43703314661979675)","(0.4831852316856384, 0.4582351744174957)",1,1,2.366485595703125,2.3775177001953125,"(-51.705902099609375, 28.716964721679688, 530.518798828125)","(9.895345687866211, 25.29429054260254, 531.3994750976562)","(-14.571751594543457, 120.33402252197266, 33.15620422363281)","(-7.429591178894043, 116.4617691040039, 31.746801376342773)",POINT (0.4728499948978424 0.4476341605186462),,,,,,,,,,,,,,,,,,,,,,,,,,,,,
0,13,5,408100301281,2257141779,1,1,"(0.46151942014694214, 0.4575595557689667)","(0.46819156408309937, 0.48167234659194946)",1,1,2.3170318603515625,2.37542724609375,"(-51.733558654785156, 28.742294311523438, 530.442138671875)","(9.824408531188965, 25.336881637573242, 531.432373046875)","(-14.915667533874512, 116.58514404296875, 31.791725158691406)","(-12.610274314880371, 112.18125915527344, 30.188852310180664)",POINT (0.4648554921150208 0.4696159511804581),,,,,,,,,,,,,,,,,,,,,,,,,,,,1,
0,13,5,408100317950,2257158448,1,1,"(0.4569978415966034, 0.4389633238315582)","(0.47337257862091064, 0.45223453640937805)",1,1,2.3491668701171875,2.374374389648437,"(-51.758453369140625, 28.67053985595703, 530.3922119140625)","(9.85317325592041, 25.26236343383789, 531.4320678710938)","(-16.47797966003418, 119.98150634765625, 33.02788543701172)","(-10.820112228393555, 117.55768585205078, 32.14572525024414)",POINT (0.465185210108757 0.4455989301204681),,,,,,,,,,,,,,,,,,,,,,,,,,,,,
0,13,5,408100334618,2257175115,1,1,"(0.4633437395095825, 0.44660621881484985)","(0.47416946291923523, 0.445402055978775)",1,1,2.337005615234375,2.362823486328125,"(-51.761348724365234, 28.661937713623047, 530.344482421875)","(9.867813110351562, 25.245357513427734, 531.4083862304688)","(-14.285329818725586, 118.58563995361328, 32.51982879638672)","(-10.544763565063477, 118.80557250976562, 32.59988784790039)",POINT (0.4687566012144089 0.4460041373968124),,,,,,,,,,,,,,,,,,,,,,,,,,,,,
0,13,5,408100351284,2257191781,1,1,"(0.45734596252441406, 0.43293190002441406)","(0.47184398770332336, 0.44857412576675415)",1,1,2.32366943359375,2.35125732421875,"(-51.74748611450195, 28.64773178100586, 530.3309936523438)","(9.897016525268555, 25.232093811035156, 531.4859008789062)","(-16.35771369934082, 121.08307647705078, 33.4288215637207)","(-11.348272323608398, 118.22622680664062, 32.38902282714844)",POINT (0.4645949751138687 0.4407530128955841),,,,,,,,,,,,,,,,,,,,,,,,,,,,,
0,13,5,408100367952,2257208448,1,1,"(0.4624711573123932, 0.4386645555496216)","(0.4730019271373749, 0.45917344093322754)",1,1,2.318954467773437,2.3697662353515625,"(-51.73783493041992, 28.64236068725586, 530.3486938476562)","(9.922200202941895, 25.223684310913086, 531.4697265625)","(-14.586812973022461, 120.03606414794922, 33.047760009765625)","(-10.948183059692383, 116.29039764404297, 31.68444061279297)",POINT (0.467736542224884 0.4489189982414246),,,,,,,,,,,,,,,,,,,,,,,,,,,,,
0,13,5,408100384619,2257225115,1,1,"(0.46796715259552, 0.4322737753391266)","(0.4700112044811249, 0.44537481665611267)",1,1,2.295135498046875,2.340972900390625,"(-51.725399017333984, 28.64440155029297, 530.343017578125)","(9.943867683410645, 25.21965789794922, 531.46923828125)","(-12.68781566619873, 121.2032699584961, 33.47257995605469)","(-11.981539726257324, 118.81053161621094, 32.6016960144043)",POINT (0.4689891785383224 0.4388242959976196),,,,,,,,,,,,,,,,,,,,,,,,,,,,,
0,13,5,408100401286,2257241781,1,1,"(0.4652906656265259, 0.45052865147590637)","(0.46897614002227783, 0.4514828026294708)",1,1,2.3173828125,2.3297576904296875,"(-51.700286865234375, 28.65435791015625, 530.322998046875)","(9.972579956054688, 25.217660903930664, 531.45263671875)","(-13.612604141235352, 117.86925506591797, 32.25908279418945)","(-12.339188575744629, 117.69499969482422, 32.195674896240234)",POINT (0.4671334028244019 0.4510057270526886),,,,,,,,,,,,,,,,,,,,,,,,,,,,,
0,13,5,408100417957,2257258452,1,1,"(0.46167513728141785, 0.44336169958114624)","(0.4739554226398468, 0.4502876102924347)",1,1,2.298065185546875,2.3297271728515625,"(-51.69679260253906, 28.674589157104492, 530.4105224609375)","(9.993629455566406, 25.221614837646484, 531.4443969726562)","(-14.861865997314453, 119.1781997680664, 32.73552703857422)","(-10.618712425231934, 117.91326904296875, 32.275115966796875)",POINT (0.4678152799606323 0.4468246549367905),,,,,,,,,,,,,,,,,,,,,,,,,,,,,
0,13,5,408100434625,2257275119,1,1,"(0.463062047958374, 0.4481477439403534)","(0.47109928727149963, 0.4493502080440521)",1,1,2.324951171875,2.34716796875,"(-51.68737030029297, 28.695812225341797, 530.4432373046875)","(10.010828018188477, 25.23097038269043, 531.45166015625)","(-14.38264274597168, 118.30409240722656, 32.41739273071289)","(-11.605575561523438, 118.08447265625, 32.337440490722656)",POINT (0.4670806676149368 0.4487489759922028),,,,,,,,,,,,,,,,,,,,,,,,,,,,,
0,13,5,408100451291,2257291785,1,1,"(0.46667811274528503, 0.4458131492137909)","(0.47342634201049805, 0.4476134777069092)",1,1,2.2822265625,2.326141357421875,"(-51.67498779296875, 28.699689865112305, 530.4293823242188)","(10.028727531433105, 25.230289459228516, 531.466796875)","(-13.133209228515625, 118.73047637939453, 32.57255554199219)","(-10.801545143127441, 118.40167999267578, 32.4528923034668)",POINT (0.4700522273778915 0.44671331346035),,,,,,,,,,,,,,,,,,,,,,,,,,,,,
0,13,5,408100467959,2257308452,1,1,"(0.46592265367507935, 0.4415203332901001)","(0.46850162744522095, 0.43831905722618103)",1,1,2.3056793212890625,2.3170318603515625,"(-51.664825439453125, 28.703632354736328, 530.4307861328125)","(10.044858932495117, 25.228870391845703, 531.4979248046875)","(-13.394231796264648, 119.51449584960938, 32.8579216003418)","(-12.503149032592773, 120.09918212890625, 33.070709228515625)",POINT (0.4672121405601502 0.4399196952581406),,,,,,,,,,,,,,,,,,,,,,,,,,,,,
0,13,5,408100484626,2257325119,1,1,"(0.46222764253616333, 0.4608197808265686)","(0.4709897041320801, 0.451374888420105)",1,1,2.354843139648437,2.34588623046875,"(-51.649391174316406, 28.694137573242188, 530.362060546875)","(10.062545776367188, 25.219966888427734, 531.5128784179688)","(-14.670965194702148, 115.98970031738281, 31.57503318786621)","(-11.643448829650879, 117.7146987915039, 32.202857971191406)",POINT (0.4666086733341217 0.4560973346233368),,,,,,,,,,,,,,,,,,,,,,,,,,,,1,
0,13,5,408100501293,2257341785,1,1,"(0.4573398530483246, 0.4474506974220276)","(0.4692091643810272, 0.4570072889328003)",1,1,2.328765869140625,2.361419677734375,"(-51.63219451904297, 28.688884735107422, 530.3321533203125)","(10.077930450439453, 25.210792541503906, 531.489013671875)","(-16.359813690185547, 118.43140411376953, 32.46371078491211)","(-12.258676528930664, 116.68601989746094, 31.828449249267578)",POINT (0.4632745087146759 0.4522289931774139),,,,,,,,,,,,,,,,,,,,,,,,,,,,,
0,13,5,408100517960,2257358452,1,1,"(0.46158212423324585, 0.4417369067668915)","(0.4690827429294586, 0.4439058303833008)",1,1,2.30548095703125,2.3300933837890625,"(-51.61509704589844, 28.677879333496094, 530.3043212890625)","(10.095108985900879, 25.195194244384766, 531.488525390625)","(-14.894011497497559, 119.4749526977539, 32.84352111816406)","(-12.302358627319336, 119.07881927490234, 32.699371337890625)",POINT (0.4653324335813522 0.4428213685750961),,,,,,,,,,,,,,,,,,,,,,,,,,,,,
0,13,5,408100534628,2257375119,1,1,"(0.4577952027320862, 0.4481049180030823)","(0.47106000781059265, 0.4501669406890869)",1,1,2.3233184814453125,2.3488311767578125,"(-51.60292053222656, 28.67411231994629, 530.2984619140625)","(10.110957145690918, 25.180761337280273, 531.4336547851562)","(-16.20247459411621, 118.31190490722656, 32.42023849487305)","(-11.619153022766113, 117.93531799316406, 32.283138275146484)",POINT (0.4644276052713394 0.4491359293460846),,,,,,,,,,,,,,,,,,,,,,,,,,,,,
0,13,5,408100551299,2257391790,1,1,"(0.4553670883178711, 0.44621333479881287)","(0.47341078519821167, 0.46062973141670227)",1,1,2.3323211669921875,2.3495635986328125,"(-51.57966232299805, 28.663837432861328, 530.2630004882812)","(10.13355827331543, 25.172039031982422, 531.3931884765625)","(-17.04145622253418, 118.65738677978516, 32.54594802856445)","(-10.806905746459961, 116.02442169189453, 31.587642669677734)",POINT (0.4643889367580414 0.4534215331077576),,,,,,,,,,,,,,,,,,,,,,,,,,,,1,
0,13,5,408100567967,2257408457,1,1,"(0.46186211705207825, 0.45607611536979675)","(0.4732724130153656, 0.4538414776325226)",1,1,2.3384552001953125,2.330429077148437,"(-51.55403137207031, 28.665760040283203, 530.1959228515625)","(10.15637493133545, 25.16978645324707, 531.3300170898438)","(-14.797245979309082, 116.85607147216797, 31.890357971191406)","(-10.85470199584961, 117.26420593261719, 32.038883209228516)",POINT (0.4675672650337219 0.4549587965011597),,,,,,,,,,,,,,,,,,,,,,,,,,,,1,
0,13,5,408100584634,2257425124,1,1,"(0.4588519036769867, 0.4576997458934784)","(0.4701381325721741, 0.44436103105545044)",1,1,2.3416748046875,2.3257293701171875,"(-51.55119705200195, 28.66213607788086, 530.204345703125)","(10.16163158416748, 25.163589477539062, 531.3062744140625)","(-15.837361335754395, 116.55953979492188, 31.782419204711914)","(-11.9376802444458, 118.99567413330078, 32.669105529785156)",POINT (0.4644950181245804 0.4510303884744644),,,,,,,,,,,,,,,,,,,,,,,,,,,,,
0,13,5,408100601301,2257441790,1,1,"(0.4580284655094147, 0.4392808973789215)","(0.4646221399307251, 0.4570472240447998)",1,1,2.3377685546875,2.38214111328125,"(-51.543701171875, 28.656394958496094, 530.1976928710938)","(10.163047790527344, 25.167076110839844, 531.3221435546875)","(-16.12188148498535, 119.92350006103516, 33.006797790527344)","(-13.843595504760742, 116.67871856689453, 31.825775146484375)",POINT (0.4613253027200699 0.4481640607118607),,,,,,,,,,,,,,,,,,,,,,,,,,,,,
0,13,5,408100617968,2257458457,1,1,"(0.457470178604126, 0.4352523982524872)","(0.4642725884914398, 0.45688098669052124)",1,1,2.30755615234375,2.3622589111328125,"(-51.53559494018555, 28.63418197631836, 530.19921875)","(10.174348831176758, 25.153444290161133, 531.3455810546875)","(-16.314781188964844, 120.65925598144531, 33.27458572387695)","(-13.964372634887695, 116.70909118652344, 31.836820602416992)",POINT (0.4608713835477829 0.4460666924715042),,,,,,,,,,,,,,,,,,,,,,,,,,,,,
0,13,5,408100634636,2257475124,1,1,"(0.45490390062332153, 0.4316386282444)","(0.46289917826652527, 0.4489533603191376)",1,1,2.344482421875,2.335052490234375,"(-51.53230285644531, 28.62635612487793, 530.1920776367188)","(10.180171966552734, 25.146987915039062, 531.32958984375)","(-17.20149040222168, 121.31926727294922, 33.514801025390625)","(-14.438923835754395, 118.1569595336914, 32.36380386352539)",POINT (0.4589015394449234 0.4402959942817688),,,,,,,,,,,,,,,,,,,,,,,,,,,,,
0,13,5,408100651302,2257491790,1,1,"(0.46054336428642273, 0.44236087799072266)","(0.46597304940223694, 0.4530559778213501)",1,1,2.3332672119140625,2.37249755859375,"(-51.51936340332031, 28.619352340698242, 530.1701049804688)","(10.19261360168457, 25.14476776123047, 531.3291015625)","(-15.252923011779785, 119.3609848022461, 32.80204772949219)","(-13.376834869384766, 117.40766906738281, 32.09112548828125)",POINT (0.4632582068443298 0.4477084279060364),,,,,,,,,,,,,,,,,,,,,,,,,,,,,
0,13,5,408100667973,2257508460,1,1,"(0.45843997597694397, 0.44692346453666687)","(0.4680066406726837, 0.45321041345596313)",1,1,2.3485565185546875,2.36163330078125,"(-51.5194091796875, 28.634376525878906, 530.1776123046875)","(10.197952270507812, 25.152484893798828, 531.3057861328125)","(-15.97967529296875, 118.5276870727539, 32.49875259399414)","(-12.674171447753906, 117.37947082519531, 32.080841064453125)",POINT (0.4632233083248138 0.450066938996315),,,,,,,,,,,,,,,,,,,,,,,,,,,,,
0,13,5,408100684639,2257525126,1,1,"(0.45515185594558716, 0.4416557252407074)","(0.46664559841156006, 0.4624433219432831)",1,1,2.361434936523437,2.3824462890625,"(-51.518455505371094, 28.641691207885742, 530.1776123046875)","(10.203157424926758, 25.152408599853516, 531.2578125)","(-17.115827560424805, 119.48977661132812, 32.848934173583984)","(-13.144438743591309, 115.69319152832031, 31.467069625854492)",POINT (0.4608987271785736 0.4520495235919952),,,,,,,,,,,,,,,,,,,,,,,,,,,,,
0,13,5,408100701306,2257541793,1,1,"(0.45983538031578064, 0.44912847876548767)","(0.4702925384044647, 0.4531855881214142)",1,1,2.3624725341796875,2.387237548828125,"(-51.514122009277344, 28.660999298095703, 530.162353515625)","(10.208230972290039, 25.165542602539062, 531.2425537109375)","(-15.49753475189209, 118.1249771118164, 32.352176666259766)","(-11.884333610534668, 117.38400268554688, 32.082462310791016)",POINT (0.4650639593601227 0.4511570334434509),,,,,,,,,,,,,,,,,,,,,,,,,,,,,
0,13,5,408100717974,2257558460,1,1,"(0.45549628138542175, 0.44592684507369995)","(0.46806925535202026, 0.4528440237045288)",1,1,2.3591461181640625,2.3831787109375,"(-51.51263427734375, 28.675251007080078, 530.1784057617188)","(10.208707809448242, 25.178390502929688, 531.2346801757812)","(-16.9968204498291, 118.70970916748047, 32.565006256103516)","(-12.652536392211914, 117.44638061523438, 32.105186462402344)",POINT (0.461782768368721 0.4493854343891144),,,,,,,,,,,,,,,,,,,,,,,,,,,,,
0,13,5,408100734638,2257575124,1,1,"(0.4602293074131012, 0.4398621618747711)","(0.4721745550632477, 0.44607388973236084)",1,1,2.35516357421875,2.3777313232421875,"(-51.51369094848633, 28.695858001708984, 530.177734375)","(10.209592819213867, 25.196918487548828, 531.25830078125)","(-15.361438751220703, 119.81735229492188, 32.96814727783203)","(-11.234042167663574, 118.6828384399414, 32.55524826049805)",POINT (0.4662019312381744 0.442968025803566),,,,,,,,,,,,,,,,,,,,,,,,,,,,,
0,13,5,408100751307,2257591791,1,1,"(0.45651954412460327, 0.4500458836555481)","(0.473068505525589, 0.4496726989746094)",1,1,2.3739776611328125,2.3759307861328125,"(-51.511444091796875, 28.717275619506836, 530.177734375)","(10.2085542678833, 25.216623306274414, 531.281982421875)","(-16.643251419067383, 117.9574203491211, 32.291194915771484)","(-10.925161361694336, 118.02557373046875, 32.316009521484375)",POINT (0.4647940248250961 0.4498592913150787),,,,,,,,,,,,,,,,,,,,,,,,,,,,,
0,13,5,408100767974,2257608458,1,1,"(0.4512788951396942, 0.4451732933521271)","(0.47004684805870056, 0.44472536444664)",1,1,2.371246337890625,2.3657379150390625,"(-51.521427154541016, 28.74175262451172, 530.270751953125)","(10.212604522705078, 25.23603057861328, 531.2817993164062)","(-18.454021453857422, 118.84733581542969, 32.61508560180664)","(-11.969218254089355, 118.92913818359375, 32.64488220214844)",POINT (0.4606628715991974 0.4449493288993835),,,,,,,,,,,,,,,,,,,,,,,,,,,,,
0,13,5,408100784641,2257625124,1,1,"(0.45930829644203186, 0.4376118779182434)","(0.46819543838500977, 0.4470948576927185)",1,1,2.350204467773437,2.3818511962890625,"(-51.51782989501953, 28.754173278808594, 530.2158813476562)","(10.21102237701416, 25.259952545166016, 531.2896118164062)","(-15.679665565490723, 120.22832489013672, 33.117733001708984)","(-12.60893726348877, 118.49639892578125, 32.487361907958984)",POINT (0.4637518674135208 0.442353367805481),,,,,,,,,,,,,,,,,,,,,,,,,,,,,
0,13,5,408100801311,2257641794,1,1,"(0.4616369605064392, 0.4370128810405731)","(0.46870487928390503, 0.45646944642066956)",1,1,2.3473358154296875,2.38311767578125,"(-51.524600982666016, 28.7685546875, 530.238525390625)","(10.20827865600586, 25.275920867919922, 531.3052368164062)","(-14.875052452087402, 120.33771514892578, 33.15758514404297)","(-12.432907104492188, 116.78424072265625, 31.864206314086914)",POINT (0.4651709198951721 0.4467411637306213),,,,,,,,,,,,,,,,,,,,,,,,,,,,,
0,13,5,408100817981,2257658463,1,1,"(0.4527136981487274, 0.4412829577922821)","(0.46886366605758667, 0.45988693833351135)",1,1,2.350677490234375,2.3850860595703125,"(-51.524600982666016, 28.763545989990234, 530.1751708984375)","(10.199592590332031, 25.277984619140625, 531.2898559570312)","(-17.958271026611328, 119.55784606933594, 32.873714447021484)","(-12.378045082092285, 116.16008758544922, 31.637027740478516)",POINT (0.460788682103157 0.4505849480628967),,,,,,,,,,,,,,,,,,,,,,,,,,,,,
0,13,5,408100834645,2257675127,1,1,"(0.45556527376174927, 0.4458587169647217)","(0.4704170823097229, 0.4553731083869934)",1,1,2.3599090576171875,2.3780975341796875,"(-51.53753662109375, 28.754066467285156, 530.1259765625)","(10.18748664855957, 25.28296661376953, 531.2427978515625)","(-16.972980499267578, 118.72215270996094, 32.56953048706055)","(-11.84130573272705, 116.9844741821289, 31.93708038330078)",POINT (0.4629911780357361 0.4506159126758575),,,,,,,,,,,,,,,,,,,,,,,,,,,,,
0,13,5,408100851313,2257691794,1,1,"(0.4538787305355072, 0.4539201855659485)","(0.4726687967777252, 0.4494287967681885)",1,1,2.3740997314453125,2.3691558837890625,"(-51.558265686035156, 28.741777420043945, 530.130126953125)","(10.17131233215332, 25.270524978637695, 531.2122802734375)","(-17.555728912353516, 117.24982452392578, 32.03366470336914)","(-11.063273429870605, 118.07012939453125, 32.33221435546875)",POINT (0.4632737636566162 0.4516744911670685),,,,,,,,,,,,,,,,,,,,,,,,,,,,,
0,13,5,408100867980,2257708461,1,1,"(0.4532162547111511, 0.4480733275413513)","(0.4745219051837921, 0.4537179172039032)",1,1,2.3830718994140625,2.3648681640625,"(-51.58115005493164, 28.73854637145996, 530.117919921875)","(10.149969100952148, 25.26279067993164, 531.1343994140625)","(-17.784626007080078, 118.31768035888672, 32.42232894897461)","(-10.422980308532715, 117.28677368164062, 32.04709243774414)",POINT (0.4638690799474716 0.4508956223726273),,,,,,,,,,,,,,,,,,,,,,,,,,,,,
0,13,5,408100884647,2257725127,1,1,"(0.4565425515174866, 0.4420599043369293)","(0.47088295221328735, 0.45195865631103516)",1,1,2.3476104736328125,2.3901519775390625,"(-51.608154296875, 28.725326538085938, 530.0823974609375)","(10.126666069030762, 25.260425567626953, 531.151123046875)","(-16.635299682617188, 119.41595458984375, 32.82206726074219)","(-11.680319786071777, 117.60807037353516, 32.1640625)",POINT (0.463712751865387 0.4470092803239822),,,,,,,,,,,,,,,,,,,,,,,,,,,,,
0,13,5,408100901314,2257741794,1,1,"(0.45544615387916565, 0.44262126088142395)","(0.47117340564727783, 0.46217918395996094)",1,1,2.3502960205078125,2.39630126953125,"(-51.63224792480469, 28.719661712646484, 530.0078125)","(10.097387313842773, 25.26456069946289, 531.0971069335938)","(-17.014129638671875, 119.31343078613281, 32.78474807739258)","(-11.579972267150879, 115.74142456054688, 31.484657287597656)",POINT (0.4633097797632217 0.4524002224206924),,,,,,,,,,,,,,,,,,,,,,,,,,,,,
0,13,5,408100917984,2257758463,1,1,"(0.44950687885284424, 0.45024600625038147)","(0.468227356672287, 0.4663064777851105)",1,1,2.3736114501953125,2.4112091064453125,"(-51.670433044433594, 28.72735595703125, 530.0093994140625)","(10.06641960144043, 25.280288696289062, 531.074462890625)","(-19.066308975219727, 117.9208755493164, 32.27788162231445)","(-12.597894668579102, 114.98764038085938, 31.210285186767578)",POINT (0.4588671177625656 0.458276242017746),,,,,,,,,,,,,,,,,,,,,,,,,,,,1,
0,13,5,408100934655,2257775134,1,1,"(0.45227503776550293, 0.4369882047176361)","(0.46763819456100464, 0.46043968200683594)",1,1,2.363037109375,2.392242431640625,"(-51.70597457885742, 28.72652816772461, 529.9647827148438)","(10.032880783081055, 25.302175521850586, 531.043701171875)","(-18.109830856323242, 120.34223937988281, 33.15919876098633)","(-12.801475524902344, 116.05914306640625, 31.60025405883789)",POINT (0.4599566161632538 0.448713943362236),,,,,,,,,,,,,,,,,,,,,,,,,,,,,
0,13,5,408100951325,2257791803,1,1,"(0.45363327860832214, 0.4516797363758087)","(0.46724891662597656, 0.46491917967796326)",1,1,2.370330810546875,2.40228271484375,"(-51.740169525146484, 28.73542022705078, 529.9497680664062)","(10.000823974609375, 25.321090698242188, 530.9432373046875)","(-17.640533447265625, 117.65901184082031, 32.18260192871094)","(-12.935976028442383, 115.24100494384766, 31.30251693725586)",POINT (0.4604410976171494 0.458299458026886),,,,,,,,,,,,,,,,,,,,,,,,,,,,1,
0,13,5,408100967991,2257808469,1,1,"(0.4562123119831085, 0.4441344738006592)","(0.4701540172100067, 0.4590456783771515)",1,1,2.371673583984375,2.3678436279296875,"(-51.7761116027832, 28.7263126373291, 529.9369506835938)","(9.964966773986816, 25.329833984375, 530.89697265625)","(-16.749399185180664, 119.03705596923828, 32.68415832519531)","(-11.932181358337402, 116.31372833251953, 31.692928314208984)",POINT (0.4631831645965576 0.4515900760889053),,,,,,,,,,,,,,,,,,,,,,,,,,,,,
0,13,5,408100984659,2257825136,1,1,"(0.4574538469314575, 0.5213843584060669)","(0.4762008488178253, 0.5540770292282104)",1,1,2.3723602294921875,2.432891845703125,"(-51.76137161254883, 28.569631576538086, 529.8215942382812)","(9.903712272644043, 25.206356048583984, 530.9148559570312)","(-16.32042121887207, 104.92839050292969, 27.54901123046875)","(-9.842849731445312, 98.9574966430664, 25.37580108642578)",POINT (0.4668273478746414 0.5377306938171387),,,,,,,,,,,,,,,,,,,,,,,,,,,,1,
0,13,5,408101001326,2257841803,1,1,"(0.45944270491600037, 0.6669431328773499)","(0.47094687819480896, 0.6869303584098816)",1,1,2.41082763671875,2.431976318359375,"(-51.73358154296875, 28.385936737060547, 529.8026123046875)","(9.834152221679688, 25.034135818481445, 530.8699340820312)","(-15.6332368850708, 78.34400177001953, 17.87309455871582)","(-11.658251762390137, 74.69359588623047, 16.54447364807129)",POINT (0.4651947915554047 0.6769367456436157),,,,,,,,,,,,,,,,,,,,,,,,,,,,,1
0,13,5,408101017993,2257858469,1,1,"(0.4551558494567871, 0.6165427565574646)","(0.48372700810432434, 0.6553505063056946)",1,1,2.3935546875,2.4420318603515625,"(-51.802703857421875, 28.405750274658203, 529.8079833984375)","(9.83698558807373, 25.05929946899414, 530.80712890625)","(-17.114439010620117, 87.5489730834961, 21.22342872619629)","(-7.242382526397705, 80.46123504638672, 18.643714904785156)",POINT (0.4694414287805557 0.6359466314315796),,,,,,,,,,,,,,,,,,,,,,,,,,,,,1
0,13,5,408101034660,2257875136,1,1,"(0.45460760593414307, 0.6457301378250122)","(0.4696654677391052, 0.6791532039642334)",1,1,2.412948608398437,2.4541015625,"(-51.838829040527344, 28.431949615478516, 529.7550048828125)","(9.811996459960938, 25.104820251464844, 530.7685546875)","(-17.30385971069336, 82.2182846069336, 19.283218383789062)","(-12.101000785827637, 76.11400604248047, 17.06143569946289)",POINT (0.4621365368366242 0.6624416708946228),,,,,,,,,,,,,,,,,,,,,,,,,,,,,1
0,13,5,408101051328,2257891803,1,1,"(0.45439937710762024, 0.6390396356582642)","(0.4763823449611664, 0.6768866777420044)",1,1,2.3757781982421875,2.43450927734375,"(-51.86875915527344, 28.457101821899414, 529.7255859375)","(9.795328140258789, 25.124862670898438, 530.68310546875)","(-17.37582778930664, 83.44021606445312, 19.727954864501953)","(-9.780144691467285, 76.52793884277344, 17.212114334106445)",POINT (0.4653908610343933 0.6579631567001343),,,,,,,,,,,,,,,,,,,,,,,,,,,,,1
0,13,5,408101068000,2257908474,1,1,"(0.45870155096054077, 0.6510701775550842)","(0.4759133458137512, 0.669152021408081)",1,1,2.4152984619140625,2.412094116210937,"(-51.891395568847656, 28.483680725097656, 529.7052612304688)","(9.787551879882812, 25.140920639038086, 530.636474609375)","(-15.889321327209473, 81.24299621582031, 18.9282169342041)","(-9.942195892333984, 77.94058227539062, 17.726266860961914)",POINT (0.467307448387146 0.6601110994815826),,,,,,,,,,,,,,,,,,,,,,,,,,,,,1
0,13,5,408101084668,2257925141,1,1,"(0.4593363404273987, 0.642998456954956)","(0.47421449422836304, 0.654380738735199)",1,1,2.3894805908203125,2.3708038330078125,"(-51.90662384033203, 28.509288787841797, 529.7335205078125)","(9.786821365356445, 25.15440559387207, 530.6287841796875)","(-15.669987678527832, 82.71720123291016, 19.464773178100586)","(-10.52920150756836, 80.63835906982422, 18.70817756652832)",POINT (0.4667754173278809 0.6486895978450775),,,,,,,,,,,,,,,,,,,,,,,,,,,,,1
0,13,5,408101101335,2257941808,1,1,"(0.4596860110759735, 0.6340228915214539)","(0.4735334813594818, 0.6611759066581726)",1,1,2.368072509765625,2.3825225830078125,"(-51.915077209472656, 28.534107208251953, 529.7164306640625)","(9.789361953735352, 25.168655395507812, 530.620849609375)","(-15.549156188964844, 84.35645294189453, 20.061471939086914)","(-10.764504432678223, 79.3973159790039, 18.256454467773438)",POINT (0.4666097462177277 0.6475993990898132),,,,,,,,,,,,,,,,,,,,,,,,,,,,,1
0,13,5,408101118002,2257958474,1,1,"(0.46532002091407776, 0.6370500922203064)","(0.4765416085720062, 0.6730445623397827)",1,1,2.35888671875,2.4059600830078125,"(-51.915443420410156, 28.552997589111328, 529.6934814453125)","(9.794771194458008, 25.18521499633789, 530.5975341796875)","(-13.602470397949219, 83.80357360839844, 19.86020851135254)","(-9.725115776062012, 77.22966766357422, 17.467538833618164)",POINT (0.470930814743042 0.6550473272800446),,,,,,,,,,,,,,,,,,,,,,,,,,,,,1
0,13,5,408101134669,2257975141,1,1,"(0.46015530824661255, 0.6426472067832947)","(0.4720489978790283, 0.6781427264213562)",1,1,2.365570068359375,2.412506103515625,"(-51.91150665283203, 28.567352294921875, 529.6312866210938)","(9.801961898803711, 25.20071029663086, 530.5114135742188)","(-15.387009620666504, 82.78134155273438, 19.488134384155273)","(-11.27743911743164, 76.2985610961914, 17.12860870361328)",POINT (0.4661021530628204 0.6603949666023254),,,,,,,,,,,,,,,,,,,,,,,,,,,,,1
0,13,5,408101151337,2257991808,1,1,"(0.4582838714122772, 0.6246617436408997)","(0.47403258085250854, 0.6672161817550659)",1,1,2.3333740234375,2.4001922607421875,"(-51.91990280151367, 28.584075927734375, 529.6068115234375)","(9.800201416015625, 25.210540771484375, 530.4176025390625)","(-16.03363037109375, 86.0661392211914, 20.683734893798828)","(-10.592052459716797, 78.29414367675781, 17.85492706298828)",POINT (0.4661582261323929 0.6459389626979828),,,,,,,,,,,,,,,,,,,,,,,,,,,,,1
0,13,5,408101168003,2258008474,1,1,"(0.4635426104068756, 0.651668131351471)","(0.4643647372722626, 0.6679989695549011)",1,1,2.3744354248046875,2.3751220703125,"(-51.930320739746094, 28.59511375427246, 529.5808715820312)","(9.795289039611816, 25.21207046508789, 530.3941040039062)","(-14.216609001159668, 81.1337661743164, 18.888505935668945)","(-13.932543754577637, 78.15117645263672, 17.80292320251465)",POINT (0.4639536738395691 0.659833550453186),,,,,,,,,,,,,,,,,,,,,,,,,,,,,1
0,13,5,408101184671,2258025141,1,1,"(0.4603276550769806, 0.6436135768890381)","(0.47082197666168213, 0.6752256155014038)",1,1,2.33282470703125,2.41912841796875,"(-51.9500732421875, 28.5963077545166, 529.5302734375)","(9.780158996582031, 25.20937728881836, 530.3477172851562)","(-15.327458381652832, 82.60485076904297, 19.423892974853516)","(-11.701401710510254, 76.83131408691406, 17.32254409790039)",POINT (0.4655748158693314 0.659419596195221),,,,,,,,,,,,,,,,,,,,,,,,,,,,,1
0,13,5,408101201343,2258041813,1,1,"(0.47721657156944275, 0.6401309967041016)","(0.49159759283065796, 0.6666455268859863)",1,1,2.342437744140625,2.38055419921875,"(-51.895782470703125, 28.59027862548828, 529.436767578125)","(9.821008682250977, 25.21320152282715, 530.409423828125)","(-9.491904258728027, 83.24089050292969, 19.65542984008789)","(-4.52290153503418, 78.39835357666016, 17.892892837524414)",POINT (0.4844070822000504 0.653388261795044),,,,,,,,,,,,,,,,,,,,,,,,,,,,,1
0,13,5,408101218010,2258058479,1,1,"(0.4860910177230835, 0.6300334334373474)","(0.5075481534004211, 0.6666811108589172)",1,1,2.347381591796875,2.373260498046875,"(-51.84154510498047, 28.597347259521484, 529.4370727539062)","(9.85566234588623, 25.224075317382812, 530.236572265625)","(-6.425562858581543, 85.0850830078125, 20.326641082763672)","(0.9884347915649414, 78.3918685913086, 17.89048957824707)",POINT (0.4968195855617523 0.6483572721481323),,,,,,,,,,,,,,,,,,,,,,,,,,,,,1
0,13,5,408101234677,2258075146,1,1,"(0.4855707287788391, 0.6381198167800903)","(0.5002695322036743, 0.6619842052459717)",1,1,2.3511199951171875,2.3731689453125,"(-51.8889274597168, 28.574121475219727, 529.35888671875)","(9.81617259979248, 25.22147560119629, 530.2689208984375)","(-6.6053338050842285, 83.60820007324219, 19.789098739624023)","(-1.5265192985534668, 79.24969482421875, 18.20272445678711)",POINT (0.4929201304912567 0.650052011013031),,,,,,,,,,,,,,,,,,,,,,,,,,,,,1
0,13,5,408101251345,2258091813,1,1,"(0.4973076283931732, 0.6283336281776428)","(0.5013407468795776, 0.6655041575431824)",1,1,2.32843017578125,2.40625,"(-51.93492126464844, 28.571590423583984, 529.3751220703125)","(9.781599044799805, 25.234983444213867, 530.2227783203125)","(-2.5499374866485596, 85.39551544189453, 20.43963050842285)","(-1.156384825706482, 78.60682678222656, 17.968732833862305)",POINT (0.4993241876363754 0.6469188928604126),,,,,,,,,,,,,,,,,,,,,,,,,,,,,1
0,13,5,408101268011,2258108479,1,1,"(0.49145054817199707, 0.6321732401847839)","(0.5083154439926147, 0.6571467518806458)",1,1,2.32611083984375,2.363128662109375,"(-51.97045135498047, 28.565841674804688, 529.2977294921875)","(9.746515274047852, 25.244279861450195, 530.2081298828125)","(-4.573704242706299, 84.69426727294922, 20.184370040893555)","(1.2535443305969238, 80.13319396972656, 18.524276733398438)",POINT (0.4998829960823059 0.6446599960327148),,,,,,,,,,,,,,,,,,,,,,,,,,,,,1
0,13,5,408101284679,2258125146,1,1,"(0.49078744649887085, 0.6312533020973206)","(0.5032995343208313, 0.6623884439468384)",1,1,2.3212432861328125,2.3733062744140625,"(-52.01753234863281, 28.5635929107666, 529.28271484375)","(9.708128929138184, 25.249048233032227, 530.1231689453125)","(-4.802822589874268, 84.86227416992188, 20.24555778503418)","(-0.47959834337234497, 79.17586517333984, 18.175857543945312)",POINT (0.4970434904098511 0.6468208730220795),,,,,,,,,,,,,,,,,,,,,,,,,,,,,1
0,13,5,408101301346,2258141813,1,1,"(0.4949788451194763, 0.6271005868911743)","(0.500464677810669, 0.6737381815910339)",1,1,2.335235595703125,2.388397216796875,"(-52.05705642700195, 28.5433349609375, 529.2683715820312)","(9.664571762084961, 25.240644454956055, 530.0855712890625)","(-3.354595422744751, 85.62071228027344, 20.52163314819336)","(-1.4590965509414673, 77.10297393798828, 17.421424865722656)",POINT (0.4977217614650726 0.6504193842411041),,,,,,,,,,,,,,,,,,,,,,,,,,,,,1
0,13,5,408101318013,2258158479,1,1,"(0.4895217716693878, 0.640394926071167)","(0.5026408433914185, 0.6645487546920776)",1,1,2.3541717529296875,2.390289306640625,"(-52.102073669433594, 28.543060302734375, 529.2843627929688)","(9.623676300048828, 25.251110076904297, 530.1251831054688)","(-5.240147113800049, 83.19268798828125, 19.637882232666016)","(-0.7071833610534668, 78.78130340576172, 18.032268524169922)",POINT (0.4960813075304031 0.6524718403816223),,,,,,,,,,,,,,,,,,,,,,,,,,,,,1
0,13,5,408101334684,2258175150,1,1,"(0.49831098318099976, 0.6458179950714111)","(0.5045564770698547, 0.6778261065483093)",1,1,2.361190795898437,2.423126220703125,"(-52.14024353027344, 28.523399353027344, 529.198974609375)","(9.58509635925293, 25.250703811645508, 530.1190185546875)","(-2.203245162963867, 82.20222473144531, 19.27738380432129)","(-0.045263949781656265, 76.35637664794922, 17.149633407592773)",POINT (0.5014337301254272 0.6618220508098602),,,,,,,,,,,,,,,,,,,,,,,,,,,,,1
0,13,5,408101351351,2258191816,1,1,"(0.4904114007949829, 0.6380977034568787)","(0.507023274898529, 0.6744858026504517)",1,1,2.37615966796875,2.3853912353515625,"(-52.184776306152344, 28.526193618774414, 529.2305908203125)","(9.549759864807129, 25.254566192626953, 530.06494140625)","(-4.9327616691589355, 83.61223602294922, 19.790578842163086)","(0.8070715665817261, 76.96642303466797, 17.37171745300293)",POINT (0.498717337846756 0.6562917530536652),,,,,,,,,,,,,,,,,,,,,,,,,,,,,1
0,13,5,408101368018,2258208483,1,1,"(0.48636001348495483, 0.6322301030158997)","(0.5049072504043579, 0.664665937423706)",1,1,2.368392944335937,2.4012603759765625,"(-52.21780776977539, 28.524932861328125, 529.2413330078125)","(9.513566017150879, 25.254199981689453, 529.9802856445312)","(-6.33261775970459, 84.68387603759766, 20.18064308166504)","(0.07592813670635223, 78.75990295410156, 18.024459838867188)",POINT (0.4956336319446564 0.6484480202198029),,,,,,,,,,,,,,,,,,,,,,,,,,,,,1
0,13,5,408101384686,2258225150,1,1,"(0.48362186551094055, 0.6523491740226746)","(0.5079329609870911, 0.6756709814071655)",1,1,2.388458251953125,2.393524169921875,"(-52.257049560546875, 28.5391845703125, 529.2907104492188)","(9.47989273071289, 25.276458740234375, 530.0120849609375)","(-7.278710842132568, 81.0093994140625, 18.843225479125977)","(1.121372103691101, 76.7499771118164, 17.29292106628418)",POINT (0.4957774132490158 0.66401007771492),,,,,,,,,,,,,,,,,,,,,,,,,,,,,1
0,13,5,408101401354,2258241817,1,1,"(0.49422746896743774, 0.6334037184715271)","(0.5049912333488464, 0.6758443713188171)",1,1,2.394195556640625,2.4022216796875,"(-52.279258728027344, 28.545604705810547, 529.2872314453125)","(9.453572273254395, 25.291584014892578, 530.0909423828125)","(-3.6142067909240723, 84.46952819824219, 20.10262107849121)","(0.10494688153266907, 76.71829223632812, 17.281415939331055)",POINT (0.4996093511581421 0.6546240448951721),,,,,,,,,,,,,,,,,,,,,,,,,,,,,1
0,13,5,408101418020,2258258483,1,1,"(0.4925753176212311, 0.6442292928695679)","(0.5056626200675964, 0.6608466506004333)",1,1,2.376800537109375,2.404571533203125,"(-52.29340362548828, 28.560447692871094, 529.2214965820312)","(9.435050010681152, 25.306001663208008, 530.11474609375)","(-4.185078144073486, 82.49240112304688, 19.382986068725586)","(0.33693116903305054, 79.45746612548828, 18.278345108032227)",POINT (0.4991189688444138 0.6525379717350006),,,,,,,,,,,,,,,,,,,,,,,,,,,,,1
0,13,5,408101434687,2258275149,1,1,"(0.48958492279052734, 0.639141857624054)","(0.511507511138916, 0.6632764935493469)",1,1,2.3868408203125,2.40338134765625,"(-52.321563720703125, 28.572723388671875, 529.2723388671875)","(9.415246963500977, 25.3133487701416, 530.099853515625)","(-5.218319416046143, 83.42153930664062, 19.72117805480957)","(2.3564579486846924, 79.01368713378906, 18.1168155670166)",POINT (0.5005462169647217 0.6512091755867004),,,,,,,,,,,,,,,,,,,,,,,,,,,,,1
0,13,5,408101451361,2258291822,1,1,"(0.4912871718406677, 0.6348152160644531)","(0.5089333653450012, 0.6620623469352722)",1,1,2.3566131591796875,2.4126739501953125,"(-52.332427978515625, 28.57813262939453, 529.191650390625)","(9.396077156066895, 25.319108963012695, 530.0301513671875)","(-4.630164623260498, 84.21174621582031, 20.008766174316406)","(1.467050552368164, 79.23542022705078, 18.197534561157227)",POINT (0.5001102685928345 0.6484387814998627),,,,,,,,,,,,,,,,,,,,,,,,,,,,,1
0,13,5,408101468027,2258308488,1,1,"(0.48942577838897705, 0.6465720534324646)","(0.5000612735748291, 0.6691851019859314)",1,1,2.3891143798828125,2.409652709960937,"(-52.34965133666992, 28.585233688354492, 529.1571044921875)","(9.37826156616211, 25.32004737854004, 530.0386352539062)","(-5.273316383361816, 82.06452178955078, 19.227230072021484)","(-1.5984770059585571, 77.93453216552734, 17.724084854125977)",POINT (0.4947435259819031 0.657878577709198),,,,,,,,,,,,,,,,,,,,,,,,,,,,,1
0,13,5,408101484694,2258325155,1,1,"(0.49245795607566833, 0.6461759805679321)","(0.5041187405586243, 0.6582380533218384)",1,1,2.366561889648437,2.3897705078125,"(-52.363407135009766, 28.59050750732422, 529.1151733398438)","(9.356853485107422, 25.33011817932129, 530.03173828125)","(-4.225626468658447, 82.13684844970703, 19.253576278686523)","(-0.19653110206127167, 79.93388366699219, 18.451744079589844)",POINT (0.4982883483171463 0.6522070169448853),,,,,,,,,,,,,,,,,,,,,,,,,,,,,1
0,13,5,408101501362,2258341822,1,1,"(0.4878847599029541, 0.6444019079208374)","(0.5018439888954163, 0.6666890978813171)",1,1,2.377899169921875,2.422637939453125,"(-52.390113830566406, 28.58835220336914, 529.1580200195312)","(9.331748962402344, 25.33266830444336, 529.992919921875)","(-5.805778980255127, 82.46085357666016, 19.371522903442383)","(-0.9825254082679749, 78.3904037475586, 17.88997459411621)",POINT (0.4948643743991852 0.6555455029010773),,,,,,,,,,,,,,,,,,,,,,,,,,,,,1
0,13,5,408101518028,2258358488,1,1,"(0.4595103859901428, 0.6922507882118225)","(0.47401002049446106, 0.7209511995315552)",1,1,2.3865509033203125,2.39813232421875,"(-52.48912048339844, 28.513931274414062, 529.1885986328125)","(9.191117286682129, 25.27310562133789, 529.9420166015625)","(-15.609837532043457, 73.7219009399414, 16.19078254699707)","(-10.599848747253418, 68.48014068603516, 14.282951354980469)",POINT (0.4667602032423019 0.7066009938716888),,,,,,,,,,,,,,,,,,,,,,,,,,,,,1
0,13,5,408101534696,2258375155,1,1,"(0.4557536542415619, 0.717075526714325)","(0.46567225456237793, 0.7393426299095154)",1,1,2.34869384765625,2.41021728515625,"(-52.567344665527344, 28.44510841369629, 529.1832885742188)","(9.06163215637207, 25.193004608154297, 530.0067749023438)","(-16.90788459777832, 69.18798828125, 14.540571212768555)","(-13.480754852294922, 65.1211929321289, 13.060376167297363)",POINT (0.4607129544019699 0.7282090783119202),,,,,,,,,,,,,,,,,,,,,,,,,,,,,1
0,13,5,408101551362,2258391821,1,1,"(0.4507203996181488, 0.7034916877746582)","(0.4693390429019928, 0.739600419998169)",1,1,2.360458374023437,2.41790771484375,"(-52.59976577758789, 28.43224334716797, 529.2103271484375)","(9.061393737792969, 25.189407348632812, 529.9680786132812)","(-18.647003173828125, 71.66889190673828, 15.44355583190918)","(-12.213798522949219, 65.07412719726562, 13.04323959350586)",POINT (0.4600297212600708 0.7215460538864136),,,,,,,,,,,,,,,,,,,,,,,,,,,,,1
0,13,5,408101568030,2258408488,1,1,"(0.4484217166900635, 0.709126353263855)","(0.4625247120857239, 0.7443207502365112)",1,1,2.3537750244140625,2.4137115478515625,"(-52.63490676879883, 28.422565460205078, 529.2355346679688)","(9.040788650512695, 25.178665161132812, 529.9298095703125)","(-19.441251754760742, 70.63980102539062, 15.069005012512207)","(-14.568317413330078, 64.2120132446289, 12.729463577270508)",POINT (0.4554732143878937 0.7267235517501831),,,,,,,,,,,,,,,,,,,,,,,,,,,,,1
0,13,5,408101584702,2258425160,1,1,"(0.4453006088733673, 0.7133467793464661)","(0.46828344464302063, 0.7392305135726929)",1,1,2.3769073486328125,2.4261474609375,"(-52.65550994873047, 28.424449920654297, 529.2332153320312)","(9.031719207763672, 25.188562393188477, 529.9456787109375)","(-20.51968765258789, 69.86901092529297, 14.788440704345703)","(-12.578540802001953, 65.14167022705078, 13.067850112915039)",POINT (0.456792026758194 0.7262886464595795),,,,,,,,,,,,,,,,,,,,,,,,,,,,,1
0,13,5,408101601369,2258441826,1,1,"(0.4492871165275574, 0.70945143699646)","(0.46654269099235535, 0.7467678785324097)",1,1,2.38494873046875,2.4069366455078125,"(-52.65480041503906, 28.429725646972656, 529.1859130859375)","(9.025479316711426, 25.20153045654297, 529.9457397460938)","(-19.142234802246094, 70.58043670654297, 15.04737663269043)","(-13.180004119873047, 63.76506423950195, 12.566800117492676)",POINT (0.4579149037599564 0.7281096577644348),,,,,,,,,,,,,,,,,,,,,,,,,,,,,1
0,13,5,408101618036,2258458493,1,1,"(0.44806143641471863, 0.7095839977264404)","(0.4610259234905243, 0.7448156476020813)",1,1,2.357513427734375,2.3906402587890625,"(-52.656368255615234, 28.445816040039062, 529.16943359375)","(9.028980255126953, 25.21859359741211, 529.9379272460938)","(-19.56572914123535, 70.55621337890625, 15.038592338562012)","(-15.086172103881836, 64.12161254882812, 12.696571350097656)",POINT (0.4545436799526215 0.7271998226642609),,,,,,,,,,,,,,,,,,,,,,,,,,,,,1
0,13,5,408101634704,2258475160,1,1,"(0.44768017530441284, 0.7118720412254333)","(0.46590185165405273, 0.7405493855476379)",1,1,2.3649444580078125,2.4001922607421875,"(-52.66071701049805, 28.45905303955078, 529.2074584960938)","(9.032876968383789, 25.22791290283203, 529.921875)","(-19.697477340698242, 70.1383285522461, 14.886494636535645)","(-13.401432037353516, 64.90080261230469, 12.98017692565918)",POINT (0.4567910134792328 0.7262107133865356),,,,,,,,,,,,,,,,,,,,,,,,,,,,,1
0,13,5,408101651370,2258491826,1,1,"(0.44934266805648804, 0.7180837392807007)","(0.45730260014533997, 0.7460048794746399)",1,1,2.3657379150390625,2.395233154296875,"(-52.64267349243164, 28.457454681396484, 529.1554565429688)","(9.044341087341309, 25.231258392333984, 529.9375)","(-19.12305450439453, 69.00386047363281, 14.473560333251953)","(-16.372703552246094, 63.90444564819336, 12.617504119873047)",POINT (0.453322634100914 0.7320443093776703),,,,,,,,,,,,,,,,,,,,,,,,,,,,,1
0,13,5,408101668038,2258508493,1,1,"(0.4473777115345001, 0.7168781161308289)","(0.46598222851753235, 0.7403010129928589)",1,1,2.3642578125,2.4138946533203125,"(-52.621578216552734, 28.450340270996094, 529.1351318359375)","(9.061723709106445, 25.219518661499023, 529.89794921875)","(-19.801986694335938, 69.22406005859375, 14.553680419921875)","(-13.373649597167969, 64.94615173339844, 12.996679306030273)",POINT (0.4566799700260162 0.7285895645618439),,,,,,,,,,,,,,,,,,,,,,,,,,,,,1
0,13,5,408101684704,2258525159,1,1,"(0.44166529178619385, 0.7161375284194946)","(0.45987677574157715, 0.7370491623878479)",1,1,2.36651611328125,2.379486083984375,"(-52.593467712402344, 28.435253143310547, 529.0452270507812)","(9.087963104248047, 25.202903747558594, 529.8428955078125)","(-21.77576446533203, 69.35931396484375, 14.602901458740234)","(-15.483248710632324, 65.54008483886719, 13.2128267288208)",POINT (0.4507710337638855 0.7265933454036713),,,,,,,,,,,,,,,,,,,,,,,,,,,,,1
0,13,5,408101701373,2258541826,1,1,"(0.45588138699531555, 0.7179567813873291)","(0.46355414390563965, 0.7394487261772156)",1,1,2.3526763916015625,2.371200561523437,"(-52.57981872558594, 28.429134368896484, 529.0634155273438)","(9.11353874206543, 25.17348861694336, 529.7802734375)","(-16.863758087158203, 69.02704620361328, 14.481977462768555)","(-14.212617874145508, 65.10182189941406, 13.053326606750488)",POINT (0.4597177654504776 0.7287027537822723),,,,,,,,,,,,,,,,,,,,,,,,,,,,,1
0,13,5,408101718046,2258558499,1,1,"(0.45106080174446106, 0.7125245332717896)","(0.4550495445728302, 0.7496147751808167)",1,1,2.36370849609375,2.395721435546875,"(-52.54944610595703, 28.42767333984375, 529.0131225585938)","(9.147588729858398, 25.151878356933594, 529.7947998046875)","(-18.52938461303711, 70.01918029785156, 14.843079566955566)","(-17.15116310119629, 63.24513244628906, 12.377540588378906)",POINT (0.4530551731586456 0.7310696542263031),,,,,,,,,,,,,,,,,,,,,,,,,,,,,1
0,13,5,408101734713,2258575165,1,1,"(0.44644245505332947, 0.7078542113304138)","(0.4640217125415802, 0.7340381741523743)",1,1,2.3395538330078125,2.392181396484375,"(-52.51426696777344, 28.436748504638672, 528.9635009765625)","(9.175958633422852, 25.139482498168945, 529.7240600585938)","(-20.12513542175293, 70.87213897705078, 15.153549194335938)","(-14.051069259643555, 66.08998107910156, 13.41299819946289)",POINT (0.4552320837974548 0.720946192741394),,,,,,,,,,,,,,,,,,,,,,,,,,,,,1
0,13,5,408101751380,2258591832,1,1,"(0.451018750667572, 0.7128618359565735)","(0.46124014258384705, 0.7420555353164673)",1,1,2.3504180908203125,2.396591186523437,"(-52.493141174316406, 28.460418701171875, 529.03759765625)","(9.21353530883789, 25.143657684326172, 529.73095703125)","(-18.54391860961914, 69.95756530761719, 14.820680618286133)","(-15.012158393859863, 64.62572479248047, 12.880037307739258)",POINT (0.4561294466257095 0.7274586856365204),,,,,,,,,,,,,,,,,,,,,,,,,,,,,1
0,13,5,408101768048,2258608499,1,1,"(0.4509683847427368, 0.7187733054161072)","(0.4631499946117401, 0.7382467985153198)",1,1,2.33270263671875,2.39093017578125,"(-52.46015167236328, 28.484119415283203, 529.04296875)","(9.247515678405762, 25.16181755065918, 529.7534790039062)","(-18.561325073242188, 68.8779067993164, 14.427726745605469)","(-14.35226821899414, 65.32135772705078, 13.133193016052246)",POINT (0.4570591896772385 0.7285100519657135),,,,,,,,,,,,,,,,,,,,,,,,,,,,,1
0,13,5,408101784714,2258625165,1,1,"(0.44531476497650146, 0.7160301804542542)","(0.4599875807762146, 0.7397528886795044)",1,1,2.345428466796875,2.3488006591796875,"(-52.42753601074219, 28.500503540039062, 529.033447265625)","(9.278353691101074, 25.187183380126953, 529.7918701171875)","(-20.51479148864746, 69.37890625, 14.610075950622559)","(-15.444960594177246, 65.04625701904297, 13.033119201660156)",POINT (0.452651172876358 0.7278915345668793),,,,,,,,,,,,,,,,,,,,,,,,,,,,,1
0,13,5,408101801382,2258641832,1,1,"(0.4443357288837433, 0.7194089889526367)","(0.45786330103874207, 0.7397598028182983)",1,1,2.333587646484375,2.362777709960937,"(-52.41294860839844, 28.521129608154297, 529.09130859375)","(9.299379348754883, 25.207000732421875, 529.7753295898438)","(-20.85306167602539, 68.76181030273438, 14.385491371154785)","(-16.17894744873047, 65.04499816894531, 13.032686233520508)",POINT (0.4510995149612427 0.7295843958854675),,,,,,,,,,,,,,,,,,,,,,,,,,,,,1
0,13,5,408101818048,2258658498,1,1,"(0.4490649104118347, 0.7116673588752747)","(0.4587343633174896, 0.7480586171150208)",1,1,2.330322265625,2.34912109375,"(-52.388851165771484, 28.53087615966797, 529.072021484375)","(9.318010330200195, 25.222505569458008, 529.7982177734375)","(-19.219026565551758, 70.17573547363281, 14.900090217590332)","(-15.877989768981934, 63.529354095458984, 12.480977058410645)",POINT (0.4538996368646622 0.7298629879951477),,,,,,,,,,,,,,,,,,,,,,,,,,,,,1
0,13,5,408101834717,2258675166,1,1,"(0.44957220554351807, 0.7159327864646912)","(0.45574772357940674, 0.7442499399185181)",1,1,2.337188720703125,2.35369873046875,"(-52.376739501953125, 28.53748321533203, 529.0501708984375)","(9.32918643951416, 25.227481842041016, 529.7978515625)","(-19.043733596801758, 69.39669036865234, 14.616539001464844)","(-16.909931182861328, 64.22492218017578, 12.734189987182617)",POINT (0.4526599645614624 0.7300913631916046),,,,,,,,,,,,,,,,,,,,,,,,,,,,,1
0,13,5,408101851386,2258691835,1,1,"(0.45210975408554077, 0.711664617061615)","(0.4679955840110779, 0.7316035628318787)",1,1,2.3375244140625,2.3726806640625,"(-52.330265045166016, 28.58992576599121, 529.1126708984375)","(9.356271743774414, 25.271203994750977, 529.8441772460938)","(-18.166959762573242, 70.17623901367188, 14.90024471282959)","(-12.677995681762695, 66.53462982177734, 13.574827194213867)",POINT (0.4600526690483093 0.7216340899467468),,,,,,,,,,,,,,,,,,,,,,,,,,,,,1
0,13,5,408101868053,2258708501,1,1,"(0.4560497999191284, 0.6325445175170898)","(0.4808064103126526, 0.6476949453353882)",1,1,2.310272216796875,2.365997314453125,"(-52.24615478515625, 28.697446823120117, 529.1815185546875)","(9.392595291137695, 25.373971939086914, 529.9832153320312)","(-16.805566787719727, 84.62645721435547, 20.15972900390625)","(-8.2515230178833, 81.85944366455078, 19.15259552001953)",POINT (0.4684281051158905 0.640119731426239),,,,,,,,,,,,,,,,,,,,,,,,,,,,,1
0,13,5,408101884721,2258725169,1,1,"(0.4625028371810913, 0.6597238779067993)","(0.47002050280570984, 0.6731853485107422)",1,1,2.3519287109375,2.360382080078125,"(-52.24373245239258, 28.69577407836914, 529.2044677734375)","(9.412626266479492, 25.360803604125977, 529.9048461914062)","(-14.575860977172852, 79.66251373291016, 18.353002548217773)","(-11.978327751159668, 77.20392608642578, 17.458162307739258)",POINT (0.4662616699934006 0.6664546132087708),,,,,,,,,,,,,,,,,,,,,,,,,,,,,1
0,13,5,408101901388,2258741835,1,1,"(0.4636949300765991, 0.6556596159934998)","(0.4751686751842499, 0.670169472694397)",1,1,2.343353271484375,2.37054443359375,"(-52.23176574707031, 28.692068099975586, 529.254150390625)","(9.450506210327148, 25.345882415771484, 529.927490234375)","(-14.16397476196289, 80.40478515625, 18.6231632232666)","(-10.199520111083984, 77.7547607421875, 17.658628463745117)",POINT (0.4694318026304245 0.6629145443439484),,,,,,,,,,,,,,,,,,,,,,,,,,,,,1
0,13,5,408101918055,2258758502,1,1,"(0.4572577476501465, 0.6446242332458496)","(0.4728570282459259, 0.669274091720581)",1,1,2.345443725585937,2.358673095703125,"(-52.2021484375, 28.693222045898438, 529.2666015625)","(9.493151664733887, 25.332971572875977, 529.9185791015625)","(-16.38818359375, 82.42025756835938, 19.356731414794922)","(-10.998237609863281, 77.91828918457031, 17.71812629699707)",POINT (0.4650573879480362 0.6569491624832153),,,,,,,,,,,,,,,,,,,,,,,,,,,,,1
0,13,5,408101934722,2258775168,1,1,"(0.45777127146720886, 0.6487150192260742)","(0.47253909707069397, 0.6674271821975708)",1,1,2.3125152587890625,2.345443725585937,"(-52.164794921875, 28.684947967529297, 529.240966796875)","(9.540353775024414, 25.31161880493164, 529.9486083984375)","(-16.210750579833984, 81.67313385009766, 19.084800720214844)","(-11.108089447021484, 78.25560760498047, 17.84093475341797)",POINT (0.4651551842689514 0.6580711007118225),,,,,,,,,,,,,,,,,,,,,,,,,,,,,1
0,13,5,408101951389,2258791835,1,1,"(0.4623629152774811, 0.6393783092498779)","(0.48081114888191223, 0.6682416796684265)",1,1,2.3285369873046875,2.3724365234375,"(-52.12565612792969, 28.684682846069336, 529.2076416015625)","(9.581229209899902, 25.298751831054688, 530.017578125)","(-14.624205589294434, 83.37836456298828, 19.705448150634766)","(-8.24988079071045, 78.1068344116211, 17.786779403686523)",POINT (0.4715870320796967 0.6538099944591522),,,,,,,,,,,,,,,,,,,,,,,,,,,,,1
0,13,5,408101968057,2258808502,1,1,"(0.45801088213920593, 0.6639260649681091)","(0.47681736946105957, 0.6671965718269348)",1,1,2.327178955078125,2.34320068359375,"(-52.097442626953125, 28.68973159790039, 529.2520751953125)","(9.617929458618164, 25.293827056884766, 530.0401611328125)","(-16.127944946289062, 78.89501953125, 18.073654174804688)","(-9.629847526550293, 78.29771423339844, 17.856264114379883)",POINT (0.4674141258001328 0.665561318397522),,,,,,,,,,,,,,,,,,,,,,,,,,,,,1
0,13,5,408101984731,2258825176,1,1,"(0.4638708531856537, 0.6483463644981384)","(0.4739823639392853, 0.6711759567260742)",1,1,2.31158447265625,2.368438720703125,"(-52.06483840942383, 28.686513900756836, 529.2184448242188)","(9.644194602966309, 25.28681182861328, 530.0079345703125)","(-14.103187561035156, 81.7404556274414, 19.109310150146484)","(-10.609405517578125, 77.5709457397461, 17.591693878173828)",POINT (0.4689266085624695 0.6597611606121063),,,,,,,,,,,,,,,,,,,,,,,,,,,,,1
0,13,5,408102001400,2258841843,1,1,"(0.4646258056163788, 0.6467524766921997)","(0.4703766107559204, 0.6808602213859558)",1,1,2.29803466796875,2.366546630859375,"(-52.05245590209961, 28.69205093383789, 529.2520751953125)","(9.669703483581543, 25.284469604492188, 530.0074462890625)","(-13.842329978942871, 82.03155517578125, 19.21524429321289)","(-11.855276107788086, 75.80223083496094, 16.947965621948242)",POINT (0.4675012081861496 0.6638063490390778),,,,,,,,,,,,,,,,,,,,,,,,,,,,,1
0,13,5,408102018066,2258858509,1,1,"(0.45709532499313354, 0.7006743550300598)","(0.4565592408180237, 0.6937503814697266)",1,1,2.2017822265625,2.316680908203125,"(-52.0195198059082, 28.718135833740234, 529.20947265625)","(9.715009689331055, 25.26653289794922, 530.3577880859375)","(-16.444299697875977, 72.18344116210938, 15.630818367004395)","(-16.62955093383789, 73.4480209350586, 16.091127395629883)",POINT (0.4568272829055786 0.6972123682498932),,,,,,,,,,,,,,,,,,,,,,,,,,,,,1
0,13,5,408102168073,2259008511,1,1,"(0.44968751072883606, 0.6833046674728394)","(0.4568867087364197, 0.7301032543182373)",1,1,2.266815185546875,2.280059814453125,"(-52.28007125854492, 28.786388397216797, 529.5150146484375)","(9.43647289276123, 25.422496795654297, 530.5281982421875)","(-19.003883361816406, 75.35578918457031, 16.78544807434082)","(-16.516387939453125, 66.80863189697266, 13.674571990966797)",POINT (0.4532871097326279 0.7067039608955383),,,,,,,,,,,,,,,,,,,,,,,,,,,,,1
0,13,5,408102184738,2259025176,1,1,"(0.4491594731807709, 0.73050856590271)","(0.45681318640708923, 0.7207217812538147)",1,1,2.1889801025390625,2.312469482421875,"(-52.30738830566406, 28.74144744873047, 529.5191040039062)","(9.401820182800293, 25.38387680053711, 530.36474609375)","(-19.186344146728516, 66.73461151123047, 13.647645950317383)","(-16.541790008544922, 68.52204895019531, 14.298209190368652)",POINT (0.45298632979393 0.7256151735782623),,,,,,,,,,,,,,,,,,,,,,,,,,,,,1
0,13,5,408102201406,2259041843,1,1,"(0.44080838561058044, 0.6941072344779968)","(0.45376458764076233, 0.7045673131942749)",1,1,2.314117431640625,2.359222412109375,"(-52.32952117919922, 28.715970993041992, 529.6012573242188)","(9.397745132446289, 25.32381820678711, 530.155029296875)","(-22.071836471557617, 73.3828353881836, 16.067367553710938)","(-17.595163345336914, 71.47246551513672, 15.372060775756836)",POINT (0.4472864866256714 0.6993372738361359),,,,,,,,,,,,,,,,,,,,,,,,,,,,,1
0,13,5,408102218073,2259058510,1,1,"(0.44306641817092896, 0.684053361415863)","(0.44941145181655884, 0.706570029258728)",1,1,2.33544921875,2.3707427978515625,"(-52.32958984375, 28.69854736328125, 529.6002807617188)","(9.413043975830078, 25.302688598632812, 530.2637939453125)","(-21.291645050048828, 75.21904754638672, 16.735733032226562)","(-19.099275588989258, 71.10667419433594, 15.23889446258545)",POINT (0.4462389349937439 0.6953116953372955),,,,,,,,,,,,,,,,,,,,,,,,,,,,,1
0,13,5,408102234740,2259075176,1,1,"(0.43883952498435974, 0.688471794128418)","(0.4530102014541626, 0.7060882449150085)",1,1,2.334869384765625,2.383453369140625,"(-52.28816223144531, 28.69989013671875, 529.5445556640625)","(9.440526008605957, 25.291507720947266, 530.5360107421875)","(-22.75214195251465, 74.4120864868164, 16.441980361938477)","(-17.85582160949707, 71.19465637207031, 15.270963668823242)",POINT (0.4459248632192612 0.6972800195217133),,,,,,,,,,,,,,,,,,,,,,,,,,,,,1
0,13,5,408102251413,2259091849,1,1,"(0.4387953281402588, 0.686981737613678)","(0.4509996175765991, 0.7018692493438721)",1,1,2.3504638671875,2.3608856201171875,"(-52.242347717285156, 28.715362548828125, 529.552490234375)","(9.472618103027344, 25.300914764404297, 530.683349609375)","(-22.76742172241211, 74.68421936035156, 16.541078567504883)","(-18.550527572631836, 71.96521759033203, 15.551398277282715)",POINT (0.444897472858429 0.694425493478775),,,,,,,,,,,,,,,,,,,,,,,,,,,,,1
0,13,5,408102268081,2259108516,1,1,"(0.44309183955192566, 0.6817106604576111)","(0.45644283294677734, 0.7093673944473267)",1,1,2.365875244140625,2.399398803710937,"(-52.17399978637695, 28.72893524169922, 529.5167236328125)","(9.53352165222168, 25.298051834106445, 530.8221435546875)","(-21.28286361694336, 75.64692687988281, 16.89141845703125)","(-16.669754028320312, 70.59576416015625, 15.052950859069824)",POINT (0.4497673362493515 0.6955390274524689),,,,,,,,,,,,,,,,,,,,,,,,,,,,,1
0,13,5,408102284747,2259125182,1,1,"(0.43529456853866577, 0.6767726540565491)","(0.4548715353012085, 0.7048997282981873)",1,1,2.3839263916015625,2.3984832763671875,"(-52.13006591796875, 28.768680572509766, 529.7536010742188)","(9.589217185974121, 25.305959701538086, 531.0709228515625)","(-23.97701644897461, 76.54878234863281, 17.219703674316406)","(-17.21268081665039, 71.4117431640625, 15.349971771240234)",POINT (0.4450830519199371 0.6908361911773682),,,,,,,,,,,,,,,,,,,,,,,,,,,,,1
0,13,5,408102301413,2259141847,1,1,"(0.44161608815193176, 0.6874040365219116)","(0.45475897192955017, 0.7141311168670654)",1,1,2.3917694091796875,2.422348022460937,"(-52.08475112915039, 28.790809631347656, 529.6190185546875)","(9.638130187988281, 25.30228042602539, 531.0697631835938)","(-21.792774200439453, 74.60710144042969, 16.512939453125)","(-17.2515926361084, 69.72574615478516, 14.736309051513672)",POINT (0.448187530040741 0.7007675766944885),,,,,,,,,,,,,,,,,,,,,,,,,,,,,1
0,13,5,408102318080,2259158513,1,1,"(0.440012127161026, 0.6852796673774719)","(0.4523412585258484, 0.708058774471283)",1,1,2.3929443359375,2.429229736328125,"(-52.067955017089844, 28.813156127929688, 529.75537109375)","(9.672828674316406, 25.312902450561523, 531.1233520507812)","(-22.346975326538086, 74.99507904052734, 16.654184341430664)","(-18.086959838867188, 70.83477783203125, 15.139982223510742)",POINT (0.4461766928434372 0.6966692209243774),,,,,,,,,,,,,,,,,,,,,,,,,,,,,1
0,13,5,408102334747,2259175180,1,1,"(0.4442340135574341, 0.6830394268035889)","(0.4555608332157135, 0.7232568264007568)",1,1,2.414398193359375,2.455184936523437,"(-52.07183074951172, 28.83332061767578, 529.8172607421875)","(9.67257308959961, 25.321300506591797, 531.1548461914062)","(-20.888208389282227, 75.40422821044922, 16.80309295654297)","(-16.974510192871094, 68.05905151367188, 14.129693984985352)",POINT (0.4498974233865738 0.7031481266021729),,,,,,,,,,,,,,,,,,,,,,,,,,,,,1
0,13,5,408102351415,2259191847,1,1,"(0.44086697697639465, 0.6744212508201599)","(0.4522888958454132, 0.7142366766929626)",1,1,2.4102783203125,2.45465087890625,"(-52.09783935546875, 28.844682693481445, 529.876220703125)","(9.6483736038208, 25.326168060302734, 531.0617065429688)","(-22.051618576049805, 76.97822570800781, 17.376008987426758)","(-18.105039596557617, 69.70646667480469, 14.729278564453125)",POINT (0.4465779364109039 0.6943289637565613),,,,,,,,,,,,,,,,,,,,,,,,,,,,,1
0,13,5,408102368081,2259208513,1,1,"(0.4412536323070526, 0.6915139555931091)","(0.45497575402259827, 0.717108964920044)",1,1,2.4415435791015625,2.445281982421875,"(-52.14633560180664, 28.83942413330078, 529.9710083007812)","(9.605427742004395, 25.337749481201172, 531.1566162109375)","(-21.918014526367188, 73.8564682006836, 16.239770889282227)","(-17.17667007446289, 69.18187713623047, 14.538352012634277)",POINT (0.4481146931648254 0.7043114602565765),,,,,,,,,,,,,,,,,,,,,,,,,,,,,1
0,13,5,408102384755,2259225186,1,1,"(0.4434407651424408, 0.6927201747894287)","(0.4524393677711487, 0.7095531821250916)",1,1,2.432220458984375,2.46728515625,"(-52.196571350097656, 28.838855743408203, 530.0421142578125)","(9.553888320922852, 25.363933563232422, 531.3453369140625)","(-21.16229248046875, 73.63616180419922, 16.159597396850586)","(-18.053054809570312, 70.56185913085938, 15.040596961975098)",POINT (0.4479400664567947 0.7011366784572601),,,,,,,,,,,,,,,,,,,,,,,,,,,,,1
0,13,5,408102401421,2259241852,1,1,"(0.4414113759994507, 0.6966133713722229)","(0.4525686204433441, 0.7082145810127258)",1,1,2.4473419189453125,2.4520721435546875,"(-52.24662780761719, 28.82585906982422, 530.043212890625)","(9.495329856872559, 25.36939239501953, 531.268798828125)","(-21.863506317138672, 72.92512512207031, 15.900786399841309)","(-18.008398056030273, 70.80633544921875, 15.1295804977417)",POINT (0.4469899982213974 0.7024139761924744),,,,,,,,,,,,,,,,,,,,,,,,,,,,,1
0,13,5,408102418090,2259258520,1,1,"(0.4405960142612457, 0.6919007897377014)","(0.447351336479187, 0.7110026478767395)",1,1,2.473861694335937,2.4696044921875,"(-52.31078338623047, 28.825626373291016, 530.1663208007812)","(9.445730209350586, 25.376331329345703, 531.1295166015625)","(-22.145238876342773, 73.78582000732422, 16.214052200317383)","(-19.811092376708984, 70.29711151123047, 14.94428539276123)",POINT (0.4439736753702164 0.7014517188072205),,,,,,,,,,,,,,,,,,,,,,,,,,,,,1
0,13,5,408102434756,2259275186,1,1,"(0.4392955005168915, 0.6836387515068054)","(0.45228710770606995, 0.7052191495895386)",1,1,2.47540283203125,2.484771728515625,"(-52.352813720703125, 28.814064025878906, 530.18359375)","(9.398707389831543, 25.397117614746094, 531.302734375)","(-22.594585418701172, 75.29476928710938, 16.76325225830078)","(-18.105674743652344, 71.35340881347656, 15.328742027282715)",POINT (0.4457913041114807 0.694428950548172),,,,,,,,,,,,,,,,,,,,,,,,,,,,,1
0,13,5,408102451424,2259291853,1,1,"(0.4447084069252014, 0.683093786239624)","(0.45997190475463867, 0.7160434722900391)",1,1,2.4561767578125,2.47979736328125,"(-52.396751403808594, 28.815109252929688, 530.2557373046875)","(9.353318214416504, 25.4141845703125, 531.3118896484375)","(-20.724294662475586, 75.39432525634766, 16.79948616027832)","(-15.450383186340332, 69.3764877319336, 14.609204292297363)",POINT (0.45234015583992 0.6995686292648315),,,,,,,,,,,,,,,,,,,,,,,,,,,,,1
0,13,5,408102468090,2259308519,1,1,"(0.4389759600162506, 0.6971279382705688)","(0.4578419029712677, 0.7259725332260132)",1,1,2.484725952148437,2.5210113525390625,"(-52.37770080566406, 28.81945037841797, 530.2276611328125)","(9.367812156677246, 25.42409896850586, 531.3505859375)","(-22.70500373840332, 72.83116149902344, 15.86655044555664)","(-16.18634796142578, 67.56307220458984, 13.949162483215332)",POINT (0.4484089314937592 0.711550235748291),,,,,,,,,,,,,,,,,,,,,,,,,,,,,1
0,13,5,408102484758,2259325186,1,1,"(0.537213921546936, 0.6603745222091675)","(0.5540593862533569, 0.6707910299301147)",1,1,2.471298217773437,2.5110626220703125,"(-52.10735321044922, 28.89700698852539, 530.3641967773438)","(9.571269989013672, 25.503860473632812, 531.4783325195312)","(11.238692283630371, 79.54367065429688, 18.309734344482422)","(17.059213638305664, 77.64124298095703, 17.617326736450195)",POINT (0.5456366539001465 0.6655827760696411),,,,,,,,,,,,,,,,,,,,,,,,,,,,,1
0,13,5,408102501430,2259341857,1,1,"(0.5135358572006226, 0.6573963761329651)","(0.5315375924110413, 0.6895455718040466)",1,1,2.4606475830078125,2.4868621826171875,"(-52.0638427734375, 28.924558639526367, 530.410888671875)","(9.575675964355469, 25.50360107421875, 531.3529052734375)","(3.057319164276123, 80.08759307861328, 18.507701873779297)","(9.277349472045898, 74.21597290039062, 16.370624542236328)",POINT (0.5225367248058319 0.6734709739685059),,,,,,,,,,,,,,,,,,,,,,,,,,,,,1
0,13,5,408102518096,2259358523,1,1,"(0.527736485004425, 0.6589967608451843)","(0.5403061509132385, 0.6852902173995972)",1,1,2.502532958984375,2.5092926025390625,"(-52.10613250732422, 28.898656845092773, 530.3566284179688)","(9.56860637664795, 25.500015258789062, 531.3685913085938)","(7.964017868041992, 79.7953109741211, 18.401308059692383)","(12.307136535644531, 74.99314880371094, 16.653507232666016)",POINT (0.5340213179588318 0.6721434891223907),,,,,,,,,,,,,,,,,,,,,,,,,,,,,1
0,13,5,408102534764,2259375190,1,1,"(0.5235982537269592, 0.6592682600021362)","(0.535815417766571, 0.6881458759307861)",1,1,2.4585418701171875,2.5041046142578125,"(-52.122318267822266, 28.9180850982666, 530.3455200195312)","(9.566488265991211, 25.506593704223633, 531.3689575195312)","(6.534152507781982, 79.7457275390625, 18.383255004882812)","(10.755467414855957, 74.47160339355469, 16.46364402770996)",POINT (0.5297068357467651 0.6737070679664612),,,,,,,,,,,,,,,,,,,,,,,,,,,,,1
0,13,5,408102551430,2259391856,1,1,"(0.5286478996276855, 0.6663997769355774)","(0.5375322103500366, 0.6792898178100586)",1,1,2.5017547607421875,2.4964141845703125,"(-52.15015411376953, 28.935270309448242, 530.3961181640625)","(9.555561065673828, 25.51239585876465, 531.361328125)","(8.278915405273438, 78.4432373046875, 17.909212112426758)","(11.348665237426758, 76.08905792236328, 17.052356719970703)",POINT (0.5330900549888611 0.672844797372818),,,,,,,,,,,,,,,,,,,,,,,,,,,,,1
0,13,5,408102568097,2259408523,1,1,"(0.5240488052368164, 0.6579787135124207)","(0.543919026851654, 0.6832915544509888)",1,1,2.456878662109375,2.49041748046875,"(-52.17887878417969, 28.94268035888672, 530.414794921875)","(9.534846305847168, 25.52336311340332, 531.3463745117188)","(6.6898016929626465, 79.98125457763672, 18.469005584716797)","(13.555462837219238, 75.3581771850586, 16.786348342895508)",POINT (0.5339839160442352 0.6706351339817047),,,,,,,,,,,,,,,,,,,,,,,,,,,,,1
0,13,5,408102584765,2259425190,1,1,"(0.5236542224884033, 0.6414628028869629)","(0.5443913340568542, 0.6932899355888367)",1,1,2.42327880859375,2.5,"(-52.198265075683594, 28.947341918945312, 530.3815307617188)","(9.512760162353516, 25.529504776000977, 531.276611328125)","(6.553472518920898, 82.99764251708984, 19.5669002532959)","(13.718672752380371, 73.53211212158203, 16.121721267700195)",POINT (0.5340227782726288 0.6673763692378998),,,,,,,,,,,,,,,,,,,,,,,,,,,,,1
0,13,5,408102601432,2259441857,1,1,"(0.5219045877456665, 0.6625922322273254)","(0.5389675498008728, 0.687981128692627)",1,1,2.4756622314453125,2.4838409423828125,"(-52.229736328125, 28.94069480895996, 530.4384155273438)","(9.488557815551758, 25.523723602294922, 531.2611694335938)","(5.948945045471191, 79.13863372802734, 18.16231346130371)","(11.844622611999512, 74.50169372558594, 16.474599838256836)",POINT (0.5304360687732697 0.6752866804599762),,,,,,,,,,,,,,,,,,,,,,,,,,,,,1
0,13,5,408102618099,2259458523,1,1,"(0.5225129127502441, 0.6645781397819519)","(0.5366122722625732, 0.6800285577774048)",1,1,2.4343414306640625,2.4655914306640625,"(-52.25189208984375, 28.920997619628906, 530.3956298828125)","(9.46505355834961, 25.498994827270508, 531.191162109375)","(6.159123420715332, 78.77593994140625, 18.03030776977539)","(11.030805587768555, 75.9541244506836, 17.003271102905273)",POINT (0.5295625925064087 0.6723033487796783),,,,,,,,,,,,,,,,,,,,,,,,,,,,,1
0,13,5,408102634773,2259475196,1,1,"(0.5201882123947144, 0.6551224589347839)","(0.5399055480957031, 0.6805660128593445)",1,1,2.4252166748046875,2.43701171875,"(-52.272621154785156, 28.892105102539062, 530.4005126953125)","(9.44349479675293, 25.48080062866211, 531.2076416015625)","(5.355878829956055, 80.5029067993164, 18.658864974975586)","(12.16871452331543, 75.8559799194336, 16.967538833618164)",POINT (0.5300468802452087 0.6678442358970642),,,,,,,,,,,,,,,,,,,,,,,,,,,,,1
0,13,5,408102651440,2259491862,1,1,"(0.5195373892784119, 0.6540152430534363)","(0.5382847785949707, 0.6816011071205139)",1,1,2.4147186279296875,2.448394775390625,"(-52.28706359863281, 28.862895965576172, 530.3359985351562)","(9.42509651184082, 25.466798782348633, 531.31005859375)","(5.131007671356201, 80.70510864257812, 18.73248291015625)","(11.608712196350098, 75.66690063476562, 16.89874267578125)",POINT (0.5289110839366913 0.6678081750869751),,,,,,,,,,,,,,,,,,,,,,,,,,,,,1
0,13,5,408102668107,2259508529,1,1,"(0.5271357893943787, 0.6520817279815674)","(0.5337607264518738, 0.6787858009338379)",1,1,2.385833740234375,2.4429931640625,"(-52.31562423706055, 28.839797973632812, 530.4113159179688)","(9.409296035766602, 25.437530517578125, 531.3419189453125)","(7.756441593170166, 81.0582504272461, 18.86100196838379)","(10.045533180236816, 76.18109130859375, 17.085872650146484)",POINT (0.5304482579231262 0.6654337644577026),,,,,,,,,,,,,,,,,,,,,,,,,,,,,1
0,13,5,408102684775,2259525196,1,1,"(0.5247014760971069, 0.6558625102043152)","(0.5380191802978516, 0.6722809076309204)",1,1,2.386962890625,2.4237060546875,"(-52.32616424560547, 28.817102432250977, 530.3939208984375)","(9.393806457519531, 25.418216705322266, 531.4285278320312)","(6.915348052978516, 80.36773681640625, 18.609676361083984)","(11.516912460327148, 77.36915588378906, 17.518253326416016)",POINT (0.5313603281974792 0.6640717089176178),,,,,,,,,,,,,,,,,,,,,,,,,,,,,1
0,13,5,408102701441,2259541862,1,1,"(0.5290886759757996, 0.6376289129257202)","(0.5406098961830139, 0.6737215518951416)",1,1,2.371063232421875,2.432342529296875,"(-52.356971740722656, 28.814491271972656, 530.4602661132812)","(9.365578651428223, 25.40248680114746, 531.484130859375)","(8.43122386932373, 83.6978530883789, 19.821720123291016)","(12.412104606628418, 77.10601043701172, 17.422502517700195)",POINT (0.5348492860794067 0.6556752324104309),,,,,,,,,,,,,,,,,,,,,,,,,,,,,1
0,13,5,408102718109,2259558529,1,1,"(0.5091185569763184, 0.6520289182662964)","(0.5293927192687988, 0.6791214942932129)",1,1,2.3520660400390625,2.408538818359375,"(-52.43982696533203, 28.79060173034668, 530.532958984375)","(9.28058910369873, 25.366378784179688, 531.525146484375)","(1.531054973602295, 81.0678939819336, 18.864500045776367)","(8.536272048950195, 76.11978149414062, 17.06355857849121)",POINT (0.5192556381225586 0.6655752062797546),,,,,,,,,,,,,,,,,,,,,,,,,,,,,1
0,13,5,408102734776,2259575196,1,1,"(0.45525309443473816, 0.7046727538108826)","(0.4697462320327759, 0.7299395799636841)",1,1,2.37139892578125,2.428558349609375,"(-52.63568878173828, 28.69442367553711, 530.557373046875)","(9.02177906036377, 25.276248931884766, 531.7276611328125)","(-17.08085060119629, 71.45317840576172, 15.365056037902832)","(-12.073092460632324, 66.83853149414062, 13.685452461242676)",POINT (0.462499663233757 0.7173061668872833),,,,,,,,,,,,,,,,,,,,,,,,,,,,,1
0,13,5,408102751444,2259591863,1,1,"(0.4683988094329834, 0.6978666186332703)","(0.4780793786048889, 0.7088499069213867)",1,1,2.328399658203125,2.409210205078125,"(-52.72845458984375, 28.653095245361328, 530.6140747070312)","(8.937139511108398, 25.230846405029297, 531.6266479492188)","(-12.538660049438477, 72.69623565673828, 15.817484855651855)","(-9.1937837600708, 70.69029998779297, 15.087357521057129)",POINT (0.4732390940189362 0.7033582627773285),,,,,,,,,,,,,,,,,,,,,,,,,,,,,1
0,13,5,408102768114,2259608533,1,1,"(0.45653820037841797, 0.7054651975631714)","(0.46971461176872253, 0.7412542104721069)",1,1,2.3729400634765625,2.4128875732421875,"(-52.81889343261719, 28.645050048828125, 530.5756225585938)","(8.860309600830078, 25.246477127075195, 531.8804931640625)","(-16.636810302734375, 71.30845642089844, 15.31238842010498)","(-12.084028244018555, 64.77206420898438, 12.933313369750977)",POINT (0.4631264060735702 0.7233597040176392),,,,,,,,,,,,,,,,,,,,,,,,,,,,,1
0,13,5,408102784782,2259625200,1,1,"(0.45805445313453674, 0.7089868187904358)","(0.47277602553367615, 0.7397139072418213)",1,1,2.34405517578125,2.426605224609375,"(-52.93022155761719, 28.62569236755371, 530.6194458007812)","(8.759031295776367, 25.25656509399414, 531.8828125)","(-16.112903594970703, 70.66526794433594, 15.078277587890625)","(-11.026229858398438, 65.05339050292969, 13.035719871520996)",POINT (0.4654152393341064 0.7243503630161285),,,,,,,,,,,,,,,,,,,,,,,,,,,,,1
0,13,5,408102801449,2259641867,1,1,"(0.464285671710968, 0.7092891335487366)","(0.4709794819355011, 0.7435615062713623)",1,1,2.337249755859375,2.4213104248046875,"(-53.058265686035156, 28.611957550048828, 530.660888671875)","(8.64150619506836, 25.256614685058594, 531.90869140625)","(-13.95986270904541, 70.61006164550781, 15.058181762695312)","(-11.646970748901367, 64.35066986083984, 12.779956817626953)",POINT (0.4676325768232346 0.7264253199100494),,,,,,,,,,,,,,,,,,,,,,,,,,,,,1
0,13,5,408102818116,2259658533,1,1,"(0.4632169306278229, 0.7100412249565125)","(0.4689919054508209, 0.7309166789054871)",1,1,2.366241455078125,2.4198150634765625,"(-53.1970329284668, 28.574722290039062, 530.7015991210938)","(8.505857467651367, 25.253387451171875, 531.9434814453125)","(-14.329144477844238, 70.47272491455078, 15.008190155029297)","(-12.333751678466797, 66.66008758544922, 13.620497703552246)",POINT (0.4661044180393219 0.7204789519309998),,,,,,,,,,,,,,,,,,,,,,,,,,,,,1
0,13,5,408102834783,2259675200,1,1,"(0.4599277079105377, 0.7104697823524475)","(0.46835294365882874, 0.7347831130027771)",1,1,2.385894775390625,2.403671264648437,"(-53.337646484375, 28.53053092956543, 530.6317138671875)","(8.359394073486328, 25.257070541381836, 531.899658203125)","(-15.465642929077148, 70.39442443847656, 14.979692459106445)","(-12.554512977600098, 65.95393371582031, 13.36345386505127)",POINT (0.4641403257846832 0.7226264476776123),,,,,,,,,,,,,,,,,,,,,,,,,,,,,1
0,13,5,408102851450,2259691866,1,1,"(0.45961713790893555, 0.7111694812774658)","(0.47053277492523193, 0.7393714785575867)",1,1,2.3383331298828125,2.429428100585937,"(-53.491363525390625, 28.48877716064453, 530.6787109375)","(8.220295906066895, 25.25800323486328, 531.8007202148438)","(-15.572972297668457, 70.26664733886719, 14.933188438415527)","(-11.80133056640625, 65.11592102050781, 13.058460235595703)",POINT (0.4650749564170837 0.7252704799175262),,,,,,,,,,,,,,,,,,,,,,,,,,,,,1
0,13,5,408102868117,2259708533,1,1,"(0.45795944333076477, 0.7171521186828613)","(0.4732983112335205, 0.7408447861671448)",1,1,2.392822265625,2.444091796875,"(-53.63141632080078, 28.474597930908203, 530.655029296875)","(8.082330703735352, 25.28055763244629, 531.7796630859375)","(-16.145734786987305, 69.17401885986328, 14.535470008850098)","(-10.845765113830566, 64.84685516357422, 12.960526466369629)",POINT (0.4656288772821426 0.728998452425003),,,,,,,,,,,,,,,,,,,,,,,,,,,,,1
0,13,5,408102884785,2259725200,1,1,"(0.4623904526233673, 0.7203360199928284)","(0.47797295451164246, 0.7409853339195251)",1,1,2.380355834960937,2.43011474609375,"(-53.77069091796875, 28.481687545776367, 530.6871948242188)","(7.960910797119141, 25.308712005615234, 531.7904663085938)","(-14.614709854125977, 68.5925064086914, 14.323846817016602)","(-9.230545043945312, 64.82118225097656, 12.951199531555176)",POINT (0.4701817035675049 0.7306606769561768),,,,,,,,,,,,,,,,,,,,,,,,,,,,,1
0,13,5,408102901459,2259741874,1,1,"(0.46528998017311096, 0.721615195274353)","(0.4740452170372009, 0.7423495054244995)",1,1,2.3922119140625,2.432342529296875,"(-53.88748550415039, 28.499847412109375, 530.611572265625)","(7.845738410949707, 25.346988677978516, 531.6590576171875)","(-13.612837791442871, 68.35887145996094, 14.23880672454834)","(-10.587689399719238, 64.5720443725586, 12.860489845275879)",POINT (0.4696675986051559 0.7319823503494263),,,,,,,,,,,,,,,,,,,,,,,,,,,,,1
0,13,5,408102918126,2259758540,1,1,"(0.45640531182289124, 0.7127792239189148)","(0.4686504602432251, 0.7424721717834473)",1,1,2.394393920898437,2.4428863525390625,"(-53.992530822753906, 28.526493072509766, 530.6089477539062)","(7.7507429122924805, 25.390777587890625, 531.6690673828125)","(-16.682716369628906, 69.97264862060547, 14.826166152954102)","(-12.451713562011719, 64.54962158203125, 12.852326393127441)",POINT (0.4625278860330582 0.727625697851181),,,,,,,,,,,,,,,,,,,,,,,,,,,,,1
0,13,5,408102934793,2259775207,1,1,"(0.45341888070106506, 0.7188268303871155)","(0.4710020124912262, 0.7396181225776672)",1,1,2.408432006835937,2.45489501953125,"(-54.074737548828125, 28.539844512939453, 530.5223388671875)","(7.664559841156006, 25.42220687866211, 531.56103515625)","(-17.714614868164062, 68.86813354492188, 14.424184799194336)","(-11.639179229736328, 65.07088470458984, 13.042065620422363)",POINT (0.4622104465961456 0.7292224764823914),,,,,,,,,,,,,,,,,,,,,,,,,,,,,1
0,13,5,408102951462,2259791874,1,1,"(0.4663359820842743, 0.7192165851593018)","(0.4727011024951935, 0.7392129302024841)",1,1,2.433197021484375,2.4392852783203125,"(-54.14989471435547, 28.549924850463867, 530.4700317382812)","(7.5914812088012695, 25.458209991455078, 531.5394897460938)","(-13.251431465148926, 68.79695892333984, 14.39823055267334)","(-11.052109718322754, 65.1448974609375, 13.068988800048828)",POINT (0.4695185422897339 0.7292147576808929),,,,,,,,,,,,,,,,,,,,,,,,,,,,,1
0,13,5,408102968128,2259808540,1,1,"(0.45782312750816345, 0.7185723781585693)","(0.4753970503807068, 0.7396067976951599)",1,1,2.43389892578125,2.4384002685546875,"(-54.211143493652344, 28.555572509765625, 530.4188232421875)","(7.526141166687012, 25.483272552490234, 531.4461669921875)","(-16.192827224731445, 68.91462707519531, 14.441060066223145)","(-10.12059497833252, 65.07295227050781, 13.042840957641602)",POINT (0.4666100889444351 0.7290895879268646),,,,,,,,,,,,,,,,,,,,,,,,,,,,,1
0,13,5,408102984796,2259825207,1,1,"(0.45476463437080383, 0.7186686992645264)","(0.4728991985321045, 0.7469093203544617)",1,1,2.3886871337890625,2.455184936523437,"(-54.27576446533203, 28.563570022583008, 530.400146484375)","(7.47407341003418, 25.497554779052734, 531.376708984375)","(-17.249624252319336, 68.89701080322266, 14.434687614440918)","(-10.98367977142334, 63.7392463684082, 12.557402610778809)",POINT (0.4638319164514542 0.732789009809494),,,,,,,,,,,,,,,,,,,,,,,,,,,,,1
0,13,5,408103001463,2259841874,1,1,"(0.45954930782318115, 0.7189131379127502)","(0.47098660469055176, 0.7468164563179016)",1,1,2.4272613525390625,2.47271728515625,"(-54.311363220214844, 28.55805206298828, 530.3148803710938)","(7.433856964111328, 25.510696411132812, 531.3538818359375)","(-15.596393585205078, 68.8523941040039, 14.418411254882812)","(-11.644516944885254, 63.75619125366211, 12.563584327697754)",POINT (0.4652679562568665 0.7328647971153259),,,,,,,,,,,,,,,,,,,,,,,,,,,,,1
0,13,5,408103018130,2259858540,1,1,"(0.4613448977470398, 0.7230308651924133)","(0.46798017621040344, 0.7384557723999023)",1,1,2.4178466796875,2.449325561523437,"(-54.33999252319336, 28.56019401550293, 530.254150390625)","(7.400422096252441, 25.517242431640625, 531.2843017578125)","(-14.975971221923828, 68.10032653808594, 14.144689559936523)","(-12.683324813842773, 65.28315734863281, 13.119336128234863)",POINT (0.4646625369787216 0.7307433187961578),,,,,,,,,,,,,,,,,,,,,,,,,,,,,1
0,13,5,408103034799,2259875209,1,1,"(0.4515107274055481, 0.7259122133255005)","(0.46871501207351685, 0.747661828994751)",1,1,2.434539794921875,2.4792938232421875,"(-54.335575103759766, 28.56444549560547, 530.1924438476562)","(7.39582633972168, 25.528221130371094, 531.2137451171875)","(-18.37392807006836, 67.5740737915039, 13.953179359436035)","(-12.429404258728027, 63.60179901123047, 12.50734806060791)",POINT (0.4601128697395325 0.7367870211601257),,,,,,,,,,,,,,,,,,,,,,,,,,,,,1
0,13,5,408103051467,2259891876,1,1,"(0.45657971501350403, 0.546516478061676)","(0.4908134639263153, 0.5639172196388245)",1,1,2.4415283203125,2.477523803710937,"(-54.25957489013672, 28.802268981933594, 530.324462890625)","(7.368882656097412, 25.764434814453125, 531.1829833984375)","(-16.622461318969727, 100.33834075927734, 25.878387451171875)","(-4.793838024139404, 97.16032409667969, 24.721689224243164)",POINT (0.4736965894699097 0.5552168488502502),,,,,,,,,,,,,,,,,,,,,,,,,,,,1,
0,13,5,408103068133,2259908542,1,1,"(0.46599429845809937, 0.50417560338974)","(0.48452427983283997, 0.5407774448394775)",1,1,2.399154663085937,2.4705810546875,"(-54.18734359741211, 28.93811798095703, 530.2637939453125)","(7.351675987243652, 25.89433479309082, 531.41015625)","(-13.369486808776855, 108.07135009765625, 28.692974090576172)","(-6.966902732849121, 101.3864974975586, 26.259872436523438)",POINT (0.4752592891454697 0.5224765241146088),,,,,,,,,,,,,,,,,,,,,,,,,,,,1,
0,13,5,408103084801,2259925209,1,1,"(0.46481743454933167, 0.5004802942276001)","(0.4816758632659912, 0.5154682397842407)",1,1,2.41436767578125,2.43035888671875,"(-54.17805480957031, 28.91326141357422, 530.145751953125)","(7.422901153564453, 25.85405731201172, 531.1580810546875)","(-13.776127815246582, 108.74624633789062, 28.93861198425293)","(-7.95111608505249, 106.0088882446289, 27.942304611206055)",POINT (0.4732466489076614 0.5079742670059204),,,,,,,,,,,,,,,,,,,,,,,,,,,,1,
0,13,5,408103101468,2259941876,1,1,"(0.46776440739631653, 0.485252320766449)","(0.4892231225967407, 0.5245317816734314)",1,1,2.42266845703125,2.4671173095703125,"(-54.14688491821289, 28.912578582763672, 530.0958251953125)","(7.4916534423828125, 25.845741271972656, 530.9376220703125)","(-12.757859230041504, 111.52742004394531, 29.95088768005371)","(-5.343347549438477, 104.35356140136719, 27.339811325073242)",POINT (0.4784937649965286 0.5048920512199402),,,,,,,,,,,,,,,,,,,,,,,,,,,,1,
0,13,5,408103118135,2259958542,1,1,"(0.4640587866306305, 0.4856790602207184)","(0.483340322971344, 0.5142987966537476)",1,1,2.4102935791015625,2.4749298095703125,"(-54.108245849609375, 28.92559242248535, 530.0472412109375)","(7.537358283996582, 25.845869064331055, 530.9681396484375)","(-14.038249015808105, 111.44949340820312, 29.922515869140625)","(-7.375997543334961, 106.22246551513672, 28.02004623413086)",POINT (0.4736995548009872 0.499988928437233),,,,,,,,,,,,,,,,,,,,,,,,,,,,1,
0,13,5,408103134801,2259975208,1,1,"(0.46370571851730347, 0.49077823758125305)","(0.4796150326728821, 0.5026304125785828)",1,1,2.411773681640625,2.4535675048828125,"(-54.0533447265625, 28.942935943603516, 530.0101928710938)","(7.614742279052734, 25.858184814453125, 530.8497314453125)","(-14.160242080688477, 110.5181884765625, 29.583545684814453)","(-8.663175582885742, 108.35355377197266, 28.795684814453125)",POINT (0.4716603755950928 0.4967043250799179),,,,,,,,,,,,,,,,,,,,,,,,,,,,1,
0,13,5,408103151469,2259991875,1,1,"(0.48080700635910034, 0.3142971396446228)","(0.5073022842407227, 0.3276018798351288)",1,1,2.4562530517578125,2.499847412109375,"(-53.86427688598633, 29.208641052246094, 530.095458984375)","(7.658052921295166, 26.131622314453125, 530.8323364257812)","(-8.251327514648438, 142.75013732910156, 41.314998626708984)","(0.9034596085548401, 140.3201904296875, 40.430580139160156)",POINT (0.4940546452999115 0.3209495097398758),,,,,,,,,,,,,,,,,,,,,,,,,,,,1,
0,13,5,408103168142,2260008548,1,1,"(0.50118088722229, 0.31376761198043823)","(0.5093140602111816, 0.3390507102012634)",1,1,2.456207275390625,2.48907470703125,"(-53.71891784667969, 29.30887222290039, 530.10400390625)","(7.762086868286133, 26.209674835205078, 530.6351928710938)","(-1.211635708808899, 142.8468475341797, 41.35020446777344)","(1.598586082458496, 138.22921752929688, 39.66952133178711)",POINT (0.5052474737167358 0.3264091610908508),,,,,,,,,,,,,,,,,,,,,,,,,,,,1,
0,13,5,408103184810,2260025215,1,1,"(0.4909549653530121, 0.29589152336120605)","(0.5100376009941101, 0.3358197510242462)",1,1,2.4620361328125,2.510345458984375,"(-53.70272445678711, 29.287445068359375, 530.1302490234375)","(7.8450117111206055, 26.186309814453125, 530.703369140625)","(-4.744935989379883, 146.11167907714844, 42.53850173950195)","(1.8485825061798096, 138.81930541992188, 39.88429641723633)",POINT (0.5004962831735611 0.3158556371927261),,,,,,,,,,,,,,,,,,,,,,,,,,,,1,
0,13,5,408103201476,2260041881,1,1,"(0.491159051656723, 0.2934362590312958)","(0.49961140751838684, 0.3327416777610779)",1,1,2.4619598388671875,2.4846649169921875,"(-53.643882751464844, 29.291831970214844, 530.0765991210938)","(7.935666084289551, 26.169795989990234, 530.56103515625)","(-4.674423694610596, 146.56008911132812, 42.70172882080078)","(-1.753920555114746, 139.38148498535156, 40.088924407958984)",POINT (0.4953852295875549 0.3130889683961868),,,,,,,,,,,,,,,,,,,,,,,,,,,,1,
0,13,5,408103218144,2260058548,1,1,"(0.5000820159912109, 0.29721564054489136)","(0.5024124979972839, 0.3305540382862091)",1,1,2.4523162841796875,2.5116729736328125,"(-53.58738708496094, 29.302505493164062, 530.0386962890625)","(8.013910293579102, 26.16787338256836, 530.5594482421875)","(-1.591331124305725, 145.86984252929688, 42.45048141479492)","(-0.7860813736915588, 139.78102111816406, 40.23434066772461)",POINT (0.5012472569942474 0.3138848394155502),,,,,,,,,,,,,,,,,,,,,,,,,,,,1,
0,13,5,408103234811,2260075215,1,1,"(0.4972473680973053, 0.3053734302520752)","(0.504096269607544, 0.3316744565963745)",1,1,2.447357177734375,2.483917236328125,"(-53.532127380371094, 29.320249557495117, 530.0565185546875)","(8.083199501037598, 26.174285888671875, 530.5896606445312)","(-2.570763349533081, 144.3799285888672, 41.908199310302734)","(-0.20431062579154968, 139.57640075683594, 40.15986251831055)",POINT (0.5006718188524246 0.3185239434242248),,,,,,,,,,,,,,,,,,,,,,,,,,,,1,
0,13,5,408103251478,2260091881,1,1,"(0.49182218313217163, 0.2978249192237854)","(0.5046977400779724, 0.32658302783966064)",1,1,2.434112548828125,2.520126342773437,"(-53.467063903808594, 29.334190368652344, 530.0593872070312)","(8.164325714111328, 26.182668685913086, 530.618408203125)","(-4.4453043937683105, 145.75856018066406, 42.40998077392578)","(0.003538404358550906, 140.50628662109375, 40.498313903808594)",POINT (0.498259961605072 0.312203973531723),,,,,,,,,,,,,,,,,,,,,,,,,,,,1,
0,13,5,408103268146,2260108548,1,1,"(0.4959956407546997, 0.30705204606056213)","(0.5065018534660339, 0.3200022876262665)",1,1,2.4295806884765625,2.477081298828125,"(-53.41136932373047, 29.351329803466797, 530.0689086914062)","(8.227741241455078, 26.19325065612793, 530.726806640625)","(-3.0032589435577393, 144.0733642578125, 41.7966194152832)","(0.6268901824951172, 141.70816040039062, 40.935768127441406)",POINT (0.5012487471103668 0.3135271668434143),,,,,,,,,,,,,,,,,,,,,,,,,,,,1,
0,13,5,408103284812,2260125214,1,1,"(0.49330446124076843, 0.29930010437965393)","(0.5054224133491516, 0.32993659377098083)",1,1,2.429351806640625,2.48614501953125,"(-53.359432220458984, 29.369590759277344, 530.1008911132812)","(8.29605484008789, 26.19961166381836, 530.7410888671875)","(-3.9331350326538086, 145.4891357421875, 42.31192398071289)","(0.25391098856925964, 139.893798828125, 40.275386810302734)",POINT (0.49936343729496 0.3146183490753174),,,,,,,,,,,,,,,,,,,,,,,,,,,,1,
0,13,5,408103301485,2260141886,1,1,"(0.49668654799461365, 0.30497559905052185)","(0.5061392784118652, 0.33594322204589844)",1,1,2.415130615234375,2.48828125,"(-53.29788589477539, 29.375917434692383, 530.0630493164062)","(8.358426094055176, 26.193395614624023, 530.7083740234375)","(-2.7645325660705566, 144.45257568359375, 41.93465805053711)","(0.50163334608078, 138.79676818847656, 39.8760871887207)",POINT (0.5014129132032394 0.3204594105482101),,,,,,,,,,,,,,,,,,,,,,,,,,,,1,
0,13,5,408103318152,2260158553,1,1,"(0.49704471230506897, 0.30837714672088623)","(0.5033935904502869, 0.32687970995903015)",1,1,2.435043334960937,2.490097045898437,"(-53.25244140625, 29.401107788085938, 530.1663208007812)","(8.412178039550781, 26.19176483154297, 530.7618408203125)","(-2.6407909393310547, 143.8313446044922, 41.708534240722656)","(-0.447081595659256, 140.45208740234375, 40.47859573364258)",POINT (0.5002191513776779 0.3176284283399582),,,,,,,,,,,,,,,,,,,,,,,,,,,,1,
0,13,5,408103334820,2260175220,1,1,"(0.5559351444244385, 0.3068072199821472)","(0.5623254776000977, 0.33577394485473633)",1,1,2.43353271484375,2.487167358398437,"(-52.9862060546875, 29.391651153564453, 530.1790771484375)","(8.644632339477539, 26.22630500793457, 531.0428466796875)","(17.707345962524414, 144.11807250976562, 41.81289291381836)","(19.91537094116211, 138.82766723632812, 39.88733673095703)",POINT (0.5591303110122681 0.3212905824184418),,,,,,,,,,,,,,,,,,,,,,,,,,,,1,
0,13,5,408103351486,2260191886,1,1,"(0.5571308135986328, 0.2989916205406189)","(0.5663906335830688, 0.3238394260406494)",1,1,2.446319580078125,2.477035522460937,"(-52.844810485839844, 29.424314498901367, 530.28076171875)","(8.758471488952637, 26.223201751708984, 531.1351318359375)","(18.1204891204834, 145.5454864501953, 42.332427978515625)","(21.31998062133789, 141.0073699951172, 40.68069076538086)",POINT (0.5617607235908508 0.3114155232906342),,,,,,,,,,,,,,,,,,,,,,,,,,,,1,
0,13,5,408103368154,2260208553,1,1,"(0.5590132474899292, 0.303185373544693)","(0.5640965700149536, 0.3352956473827362)",1,1,2.43328857421875,2.4774322509765625,"(-52.830894470214844, 29.412063598632812, 530.2593994140625)","(8.796319007873535, 26.204883575439453, 531.0870361328125)","(18.770915985107422, 144.77955627441406, 42.053653717041016)","(20.527326583862305, 138.91502380371094, 39.919151306152344)",POINT (0.5615549087524414 0.3192405104637146),,,,,,,,,,,,,,,,,,,,,,,,,,,,1,
0,13,5,408103384822,2260225220,1,1,"(0.5590978860855103, 0.2965853214263916)","(0.5632014274597168, 0.3373987376689911)",1,1,2.4360809326171875,2.480255126953125,"(-52.79779815673828, 29.400684356689453, 530.233642578125)","(8.845730781555176, 26.182514190673828, 530.975830078125)","(18.800148010253906, 145.98495483398438, 42.49237823486328)","(20.218040466308594, 138.53094482421875, 39.77935028076172)",POINT (0.5611496567726135 0.3169920295476914),,,,,,,,,,,,,,,,,,,,,,,,,,,,1,
0,13,5,408103401488,2260241886,1,1,"(0.5609332323074341, 0.2999352216720581)","(0.56302410364151, 0.3328927159309387)",1,1,2.421661376953125,2.4860382080078125,"(-52.78258514404297, 29.380727767944336, 530.24462890625)","(8.870119094848633, 26.154390335083008, 530.9044189453125)","(19.43430519104004, 145.37315368652344, 42.26970291137695)","(20.156776428222656, 139.35389709472656, 40.078880310058594)",POINT (0.561978667974472 0.3164139688014984),,,,,,,,,,,,,,,,,,,,,,,,,,,,1,
0,13,5,408103418156,2260258553,1,1,"(0.5594658255577087, 0.29349493980407715)","(0.5627289414405823, 0.32782265543937683)",1,1,2.4639434814453125,2.4783477783203125,"(-52.78058624267578, 29.3543701171875, 530.24560546875)","(8.867801666259766, 26.14057159423828, 530.9902954101562)","(18.92728042602539, 146.5493927001953, 42.69781494140625)","(20.05480194091797, 140.2798614501953, 40.41591262817383)",POINT (0.5610973834991455 0.310658797621727),,,,,,,,,,,,,,,,,,,,,,,,,,,,1,
0,13,5,408103434829,2260275226,1,1,"(0.5566325187683105, 0.2930912673473358)","(0.5624722242355347, 0.3267683684825897)",1,1,2.456634521484375,2.466400146484375,"(-52.81667709350586, 29.32568359375, 530.350830078125)","(8.847923278808594, 26.121864318847656, 531.013916015625)","(17.94829750061035, 146.62310791015625, 42.724666595458984)","(19.966075897216797, 140.47242736816406, 40.485992431640625)",POINT (0.5595523715019226 0.3099298179149628),,,,,,,,,,,,,,,,,,,,,,,,,,,,1,
0,13,5,408103451496,2260291892,1,1,"(0.5615748763084412, 0.29901787638664246)","(0.5676870346069336, 0.3271489441394806)",1,1,2.460433959960937,2.47509765625,"(-52.85057067871094, 29.309104919433594, 530.391357421875)","(8.816072463989258, 26.111549377441406, 531.0928955078125)","(19.65601348876953, 145.5406951904297, 42.330665588378906)","(21.767915725708008, 140.40292358398438, 40.460697174072266)",POINT (0.5646309554576874 0.3130834102630615),,,,,,,,,,,,,,,,,,,,,,,,,,,,1,
0,13,5,408103468163,2260308559,1,1,"(0.5613551735877991, 0.2914432883262634)","(0.5681827068328857, 0.33342424035072327)",1,1,2.460311889648437,2.4960479736328125,"(-52.898109436035156, 29.28790855407715, 530.3912963867188)","(8.768667221069336, 26.105045318603516, 531.13330078125)","(19.580114364624023, 146.924072265625, 42.83420181274414)","(21.9392032623291, 139.25682067871094, 40.04353332519531)",POINT (0.5647689402103424 0.3124337643384934),,,,,,,,,,,,,,,,,,,,,,,,,,,,1,
0,13,5,408103484831,2260325226,1,1,"(0.5559228658676147, 0.299864798784256)","(0.563477098941803, 0.3333939015865326)",1,1,2.4674530029296875,2.487884521484375,"(-52.95026397705078, 29.2736759185791, 530.4231567382812)","(8.719321250915527, 26.091205596923828, 530.9938354492188)","(17.70311164855957, 145.38600158691406, 42.27440643310547)","(20.31328773498535, 139.26234436035156, 40.04558181762695)",POINT (0.5596999824047089 0.3166293501853943),,,,,,,,,,,,,,,,,,,,,,,,,,,,1,
0,13,5,408103501497,2260341892,1,1,"(0.5578872561454773, 0.2956179678440094)","(0.562793493270874, 0.324883371591568)",1,1,2.4750213623046875,2.50714111328125,"(-53.01047134399414, 29.251989364624023, 530.4524536132812)","(8.66769790649414, 26.09247589111328, 531.1353759765625)","(18.381866455078125, 146.16163635253906, 42.556678771972656)","(20.07709503173828, 140.81671142578125, 40.61128234863281)",POINT (0.5603403747081757 0.3102506697177887),,,,,,,,,,,,,,,,,,,,,,,,,,,,1,
0,13,5,408103518165,2260358559,1,1,"(0.5595933198928833, 0.29605934023857117)","(0.5671062469482422, 0.3406146466732025)",1,1,2.507232666015625,2.52984619140625,"(-53.07527160644531, 29.230186462402344, 530.4661865234375)","(8.602262496948242, 26.091854095458984, 531.1452026367188)","(18.97135353088379, 146.08102416992188, 42.52734375)","(21.5672550201416, 137.94358825683594, 39.56557083129883)",POINT (0.5633497834205627 0.3183369934558868),,,,,,,,,,,,,,,,,,,,,,,,,,,,1,
0,13,5,408103534831,2260375225,1,1,"(0.47807827591896057, 0.2979067862033844)","(0.48436617851257324, 0.32653555274009705)",1,1,2.4777374267578125,2.5269775390625,"(-53.34060287475586, 29.203548431396484, 530.4302978515625)","(8.308103561401367, 26.035175323486328, 530.9517822265625)","(-9.19416332244873, 145.74362182617188, 42.4045295715332)","(-7.021529674530029, 140.5149383544922, 40.50148010253906)",POINT (0.4812222272157669 0.3122211694717407),,,,,,,,,,,,,,,,,,,,,,,,,,,,1,
0,13,5,408103551502,2260391895,1,1,"(0.48708656430244446, 0.2952783405780792)","(0.5021995902061462, 0.32622626423835754)",1,1,2.4965057373046875,2.5420379638671875,"(-53.46669006347656, 29.162975311279297, 530.4177856445312)","(8.163006782531738, 26.04974365234375, 531.1114501953125)","(-6.081559658050537, 146.22366333007812, 42.57926940917969)","(-0.8596450090408325, 140.57144165039062, 40.52204132080078)",POINT (0.4946430772542954 0.3107523024082184),,,,,,,,,,,,,,,,,,,,,,,,,,,,1,
0,13,5,408103568170,2260408562,1,1,"(0.4817960262298584, 0.29460060596466064)","(0.49349045753479004, 0.3291439414024353)",1,1,2.493637084960937,2.539337158203125,"(-53.505069732666016, 29.139097213745117, 530.4583740234375)","(8.145164489746094, 26.036697387695312, 531.2681884765625)","(-7.909587383270264, 146.34744262695312, 42.62432861328125)","(-3.8688576221466064, 140.03855895996094, 40.32806396484375)",POINT (0.4876432418823242 0.311872273683548),,,,,,,,,,,,,,,,,,,,,,,,,,,,1,
0,13,5,408103584836,2260425228,1,1,"(0.4771648049354553, 0.2924196720123291)","(0.4936494529247284, 0.3264754116535187)",1,1,2.4967498779296875,2.5358428955078125,"(-53.54973220825195, 29.123950958251953, 530.4817504882812)","(8.115175247192383, 26.021455764770508, 531.2138671875)","(-9.509805679321289, 146.74575805664062, 42.769309997558594)","(-3.8139402866363525, 140.52593994140625, 40.50547409057617)",POINT (0.4854071289300919 0.3094475418329239),,,,,,,,,,,,,,,,,,,,,,,,,,,,1,
0,13,5,408103601504,2260441895,1,1,"(0.48110175132751465, 0.29463228583335876)","(0.49168676137924194, 0.32468336820602417)",1,1,2.4718475341796875,2.529571533203125,"(-53.577911376953125, 29.11704444885254, 530.4769897460938)","(8.092265129089355, 26.00872039794922, 531.24609375)","(-8.149476051330566, 146.34165954589844, 42.62220001220703)","(-4.4920854568481445, 140.85324096679688, 40.62458038330078)",POINT (0.4863942563533783 0.3096578270196915),,,,,,,,,,,,,,,,,,,,,,,,,,,,1,
0,13,5,408103618170,2260458561,1,1,"(0.4794059693813324, 0.2971380949020386)","(0.4921743869781494, 0.32178276777267456)",1,1,2.4807586669921875,2.5290069580078125,"(-53.59706115722656, 29.11684799194336, 530.4740600585938)","(8.080610275268555, 25.99869155883789, 531.246337890625)","(-8.73540210723877, 145.88400268554688, 42.455657958984375)","(-4.323599338531494, 141.38299560546875, 40.81740188598633)",POINT (0.4857901781797409 0.3094604313373566),,,,,,,,,,,,,,,,,,,,,,,,,,,,1,
0,13,5,408103634838,2260475228,1,1,"(0.48637956380844116, 0.2987329661846161)","(0.5017225742340088, 0.3293115496635437)",1,1,2.4640350341796875,2.5397186279296875,"(-53.52812194824219, 29.117237091064453, 530.4763793945312)","(8.153460502624512, 25.963703155517578, 531.0960693359375)","(-6.325855255126953, 145.5927276611328, 42.34962463378906)","(-1.0244669914245605, 140.00794982910156, 40.31691360473633)",POINT (0.494051069021225 0.3140222579240799),,,,,,,,,,,,,,,,,,,,,,,,,,,,1,
0,13,5,408103651505,2260491895,1,1,"(0.6211792826652527, 0.30344337224960327)","(0.6344290971755981, 0.3320903182029724)",1,1,2.5150909423828125,2.5489044189453125,"(-53.082000732421875, 29.08913230895996, 530.6080322265625)","(8.551496505737305, 25.988422393798828, 531.4772338867188)","(40.2508544921875, 144.73243713378906, 42.03650665283203)","(44.829010009765625, 139.5004425048828, 40.13220977783203)",POINT (0.6278041899204254 0.3177668452262878),,,,,,,,,,,,,,,,,,,,,,,,,,,,1,
0,13,5,408103668172,2260508561,1,1,"(0.6182340979576111, 0.28728118538856506)","(0.6251399517059326, 0.32485729455947876)",1,1,2.52276611328125,2.561141967773437,"(-52.91973114013672, 29.085739135742188, 530.5160522460938)","(8.65956974029541, 25.9862003326416, 531.9929809570312)","(39.23320007324219, 147.6842498779297, 43.110870361328125)","(41.619354248046875, 140.8214569091797, 40.6130256652832)",POINT (0.6216870248317719 0.3060692399740219),,,,,,,,,,,,,,,,,,,,,,,,,,,,1,
0,13,5,408103684844,2260525232,1,1,"(0.631391704082489, 0.2986583113670349)","(0.6366837024688721, 0.31643494963645935)",1,1,2.5167388916015625,2.5326385498046875,"(-52.95935821533203, 29.048336029052734, 530.447021484375)","(8.644207000732422, 25.967761993408203, 532.0326538085938)","(43.77949905395508, 145.6063690185547, 42.35457992553711)","(45.60801315307617, 142.3596954345703, 41.172889709472656)",POINT (0.6340377032756805 0.3075466305017471),,,,,,,,,,,,,,,,,,,,,,,,,,,,1,
0,13,5,408103701511,2260541899,1,1,"(0.6282501816749573, 0.2909972071647644)","(0.6409083604812622, 0.32900238037109375)",1,1,2.4978179931640625,2.535552978515625,"(-52.958553314208984, 29.023391723632812, 530.3850708007812)","(8.65457534790039, 25.959026336669922, 532.1114501953125)","(42.69402313232422, 147.00555419921875, 42.86383819580078)","(47.06774139404297, 140.06443786621094, 40.33746337890625)",POINT (0.6345792710781097 0.3099997937679291),,,,,,,,,,,,,,,,,,,,,,,,,,,,1,
0,13,5,408103718178,2260558565,1,1,"(0.624116063117981, 0.29273751378059387)","(0.6369813084602356, 0.33294034004211426)",1,1,2.5041656494140625,2.5430145263671875,"(-52.9722900390625, 29.00558090209961, 530.3662719726562)","(8.644279479980469, 25.947086334228516, 532.127197265625)","(41.265586853027344, 146.6876983642578, 42.74818801879883)","(45.710845947265625, 139.34519958496094, 40.075721740722656)",POINT (0.6305486857891083 0.3128389269113541),,,,,,,,,,,,,,,,,,,,,,,,,,,,1,
0,13,5,408103734845,2260575232,1,1,"(0.6307672262191772, 0.2946763038635254)","(0.6354222297668457, 0.3216575086116791)",1,1,2.5154571533203125,2.53436279296875,"(-52.990665435791016, 28.99020767211914, 530.3316650390625)","(8.635116577148438, 25.949214935302734, 532.2216796875)","(43.563724517822266, 146.3336181640625, 42.619300842285156)","(45.172157287597656, 141.40585327148438, 40.82571792602539)",POINT (0.6330947279930115 0.3081669062376022),,,,,,,,,,,,,,,,,,,,,,,,,,,,1,
0,13,5,408103751513,2260591899,1,1,"(0.6262044310569763, 0.29730772972106934)","(0.6394792795181274, 0.32826367020606995)",1,1,2.515167236328125,2.537811279296875,"(-53.010955810546875, 28.976608276367188, 530.3599853515625)","(8.627412796020508, 25.94065284729004, 532.1826171875)","(41.98715591430664, 145.85302734375, 42.444358825683594)","(46.57396697998047, 140.19932556152344, 40.38660430908203)",POINT (0.6328418552875519 0.3127856999635696),,,,,,,,,,,,,,,,,,,,,,,,,,,,1,
0,13,5,408103768179,2260608565,1,1,"(0.6298880577087402, 0.30041179060935974)","(0.6381407976150513, 0.3189897835254669)",1,1,2.5125274658203125,2.5172271728515625,"(-53.02751922607422, 28.974384307861328, 530.3648071289062)","(8.62497329711914, 25.940093994140625, 532.1514892578125)","(43.25996398925781, 145.28610229492188, 42.23802185058594)","(46.11148452758789, 141.89309692382812, 41.00307083129883)",POINT (0.6340144276618958 0.3097007870674133),,,,,,,,,,,,,,,,,,,,,,,,,,,,1,
0,13,5,408103784847,2260625232,1,1,"(0.6305321455001831, 0.29625168442726135)","(0.6415680646896362, 0.32983654737472534)",1,1,2.5003662109375,2.509674072265625,"(-53.016258239746094, 28.946914672851562, 530.2709350585938)","(8.6427001953125, 25.9168701171875, 531.875732421875)","(43.48250198364258, 146.04588317871094, 42.51457214355469)","(47.295684814453125, 139.91207885742188, 40.28204345703125)",POINT (0.6360501050949097 0.3130441159009934),,,,,,,,,,,,,,,,,,,,,,,,,,,,1,
0,13,5,408103801514,2260641899,1,1,"(0.6330185532569885, 0.3038404583930969)","(0.6392818093299866, 0.3261737525463104)",1,1,2.5225067138671875,2.51129150390625,"(-53.00776672363281, 28.93351173400879, 530.2952880859375)","(8.676013946533203, 25.8873348236084, 531.6783447265625)","(44.34163284301758, 144.65989685058594, 42.01011657714844)","(46.50572204589844, 140.58103942871094, 40.52549743652344)",POINT (0.6361501812934875 0.3150071054697037),,,,,,,,,,,,,,,,,,,,,,,,,,,,1,
0,13,5,408103818187,2260658571,1,1,"(0.6276559233665466, 0.3020631670951843)","(0.6356955170631409, 0.3296004831790924)",1,1,2.5072174072265625,2.5388641357421875,"(-53.01249313354492, 28.876480102539062, 530.2631225585938)","(8.535791397094727, 25.92232894897461, 533.768798828125)","(42.48869323730469, 144.98451232910156, 42.128231048583984)","(45.26655578613281, 139.95516967773438, 40.2977409362793)",POINT (0.6316757202148438 0.3158318251371384),,,,,,,,,,,,,,,,,,,,,,,,,,,,1,
0,13,5,408103834854,2260675238,1,1,"(0.4918016493320465, 0.5528808832168579)","(0.519680917263031, 0.5885671377182007)",1,1,2.5009765625,2.5709991455078125,"(-53.28036117553711, 28.44945526123047, 530.229736328125)","(8.125009536743164, 25.369422912597656, 531.207275390625)","(-4.452394485473633, 99.17596435546875, 25.455320358276367)","(5.180609226226807, 92.65834045410156, 23.08309555053711)",POINT (0.5057412832975388 0.5707240104675293),,,,,,,,,,,,,,,,,,,,,,,,,,,,1,
0,13,5,408103851521,2260691905,1,1,"(0.4634146988391876, 0.7623804807662964)","(0.4865033030509949, 0.7902868390083313)",1,1,2.53857421875,2.570892333984375,"(-53.376014709472656, 28.066850662231445, 530.1669921875)","(7.820345878601074, 25.021211624145508, 531.5196533203125)","(-14.260802268981934, 60.913612365722656, 11.52900505065918)","(-6.283104419708252, 55.81688690185547, 9.67394733428955)",POINT (0.4749590009450912 0.7763336598873138),,,,,,,,,,,,,,,,,,,,,,,,,,,,,
0,13,5,408103868188,2260708571,1,1,"(0.4568368196487427, 0.7190170288085938)","(0.4921272099018097, 0.7476292848587036)",1,1,2.5113677978515625,2.58270263671875,"(-53.381736755371094, 28.048805236816406, 530.2129516601562)","(7.948934078216553, 24.952239990234375, 531.2904052734375)","(-16.53363037109375, 68.83338928222656, 14.411535263061523)","(-4.339908123016357, 63.60775375366211, 12.509529113769531)",POINT (0.4744820147752762 0.7333231568336487),,,,,,,,,,,,,,,,,,,,,,,,,,,,,1
0,13,5,408103884856,2260725238,1,1,"(0.44812339544296265, 0.7665058374404907)","(0.4757783114910126, 0.7976577281951904)",1,1,2.5217742919921875,2.557464599609375,"(-53.3665885925293, 28.041072845458984, 530.12841796875)","(8.020317077636719, 24.945528030395508, 531.398193359375)","(-19.54433250427246, 60.16019058227539, 11.254717826843262)","(-9.98886489868164, 54.47071838378906, 9.183941841125488)",POINT (0.4619508534669876 0.7820817828178406),,,,,,,,,,,,,,,,,,,,,,,,,,,,,
0,13,5,408103901524,2260741905,1,1,"(0.4529406726360321, 0.7659285664558411)","(0.4729360342025757, 0.789966881275177)",1,1,2.5053253173828125,2.5833282470703125,"(-53.32598114013672, 28.024574279785156, 530.023681640625)","(8.098816871643066, 24.92148780822754, 531.2633056640625)","(-17.879840850830078, 60.265621185302734, 11.293111801147461)","(-10.970947265625, 55.8753547668457, 9.695178031921387)",POINT (0.4629383534193039 0.777947723865509),,,,,,,,,,,,,,,,,,,,,,,,,,,,,
0,13,5,408103918190,2260758571,1,1,"(0.4520930051803589, 0.7586905360221863)","(0.4705004394054413, 0.7813353538513184)",1,1,2.515777587890625,2.552108764648437,"(-53.291534423828125, 28.025257110595703, 530.1322021484375)","(8.168530464172363, 24.901443481445312, 531.2695922851562)","(-18.1727352142334, 61.587554931640625, 11.774253845214844)","(-11.8125, 57.45176696777344, 10.268946647644043)",POINT (0.4612967222929001 0.7700129449367523),,,,,,,,,,,,,,,,,,,,,,,,,,,,,
0,13,5,408103934857,2260775238,1,1,"(0.45057380199432373, 0.7540267109870911)","(0.47237616777420044, 0.7919169068336487)",1,1,2.4951324462890625,2.560089111328125,"(-53.22764587402344, 28.02272605895996, 530.0626831054688)","(8.249009132385254, 24.880634307861328, 531.174072265625)","(-18.697650909423828, 62.4393310546875, 12.084274291992188)","(-11.164392471313477, 55.51919937133789, 9.565560340881348)",POINT (0.4614749848842621 0.7729718089103699),,,,,,,,,,,,,,,,,,,,,,,,,,,,,
0,13,5,408103951528,2260791908,1,1,"(0.45087680220603943, 0.754403293132782)","(0.4698934853076935, 0.7984476089477539)",1,1,2.5135040283203125,2.586166381835937,"(-53.162010192871094, 28.01932716369629, 530.0584106445312)","(8.338493347167969, 24.85711097717285, 531.2115478515625)","(-18.592966079711914, 62.37055969238281, 12.059247970581055)","(-12.022210121154785, 54.32645797729492, 9.131400108337402)",POINT (0.4603851437568665 0.7764254510402679),,,,,,,,,,,,,,,,,,,,,,,,,,,,,
0,13,5,408103968195,2260808574,1,1,"(0.45456889271736145, 0.7543946504592896)","(0.48165538907051086, 0.7905567288398743)",1,1,2.516845703125,2.5810089111328125,"(-53.09378433227539, 28.022708892822266, 530.1019287109375)","(8.426592826843262, 24.838335037231445, 531.1468505859375)","(-17.3172607421875, 62.37214279174805, 12.05982780456543)","(-7.958185195922852, 55.76762008666992, 9.65597152709961)",POINT (0.4681121408939362 0.7724756896495819),,,,,,,,,,,,,,,,,,,,,,,,,,,,,
0,13,5,408103984862,2260825241,1,1,"(0.455424427986145, 0.7544049620628357)","(0.47099369764328003, 0.7913448810577393)",1,1,2.52166748046875,2.57733154296875,"(-53.015281677246094, 28.019193649291992, 529.9883422851562)","(8.516485214233398, 24.82366371154785, 531.1134643554688)","(-17.021638870239258, 62.370269775390625, 12.059097290039062)","(-11.642064094543457, 55.62367630004883, 9.603556632995605)",POINT (0.4632090628147125 0.7728749215602875),,,,,,,,,,,,,,,,,,,,,,,,,,,,,
0,13,5,408104001529,2260841907,1,1,"(0.45596563816070557, 0.7544265985488892)","(0.4827382266521454, 0.7944482564926147)",1,1,2.539398193359375,2.6013641357421875,"(-52.942955017089844, 28.028669357299805, 530.0004272460938)","(8.59890365600586, 24.818132400512695, 531.1429443359375)","(-16.834638595581055, 62.36630630493164, 12.057690620422363)","(-7.584033489227295, 55.056884765625, 9.397279739379883)",POINT (0.4693519324064255 0.774437427520752),,,,,,,,,,,,,,,,,,,,,,,,,,,,,
0,13,5,408104018197,2260858575,1,1,"(0.4509054720401764, 0.7584600448608398)","(0.4711175262928009, 0.7978606224060059)",1,1,2.535003662109375,2.5982208251953125,"(-52.87767028808594, 28.038463592529297, 530.01171875)","(8.679762840270996, 24.80771255493164, 531.1253662109375)","(-18.58305549621582, 61.62966537475586, 11.789557456970215)","(-11.599292755126953, 54.43365478515625, 9.1704683303833)",POINT (0.4610114991664886 0.7781603336334229),,,,,,,,,,,,,,,,,,,,,,,,,,,,,
0,13,5,408104034864,2260875241,1,1,"(0.4556634724140167, 0.7488902807235718)","(0.47083669900894165, 0.7973217964172363)",1,1,2.506256103515625,2.615386962890625,"(-52.82170104980469, 28.041379928588867, 529.9736328125)","(8.743727684020996, 24.795942306518555, 531.0850830078125)","(-16.93905258178711, 63.37744903564453, 12.425688743591309)","(-11.696310043334961, 54.53205108642578, 9.206286430358887)",POINT (0.4632500857114792 0.773106038570404),,,,,,,,,,,,,,,,,,,,,,,,,,,,,
0,13,5,408104051530,2260891907,1,1,"(0.4490426778793335, 0.7613797187805176)","(0.48466524481773376, 0.8013614416122437)",1,1,2.5546875,2.6156005859375,"(-52.777671813964844, 28.038543701171875, 530.0126953125)","(8.804280281066895, 24.77908706665039, 531.130126953125)","(-19.226703643798828, 61.096412658691406, 11.595490455627441)","(-6.9182024002075195, 53.79426574707031, 8.937731742858887)",POINT (0.4668539613485336 0.7813705801963806),,,,,,,,,,,,,,,,,,,,,,,,,,,,,
0,13,5,408104068198,2260908574,1,1,"(0.4507511556148529, 0.7593867778778076)","(0.47801464796066284, 0.8008807897567749)",1,1,2.560546875,2.592498779296875,"(-52.7398567199707, 28.035959243774414, 529.9873657226562)","(8.849724769592285, 24.760128021240234, 531.1292724609375)","(-18.636381149291992, 61.460391998291016, 11.727989196777344)","(-9.21616268157959, 53.88205337524414, 8.96967887878418)",POINT (0.4643829017877579 0.7801337838172913),,,,,,,,,,,,,,,,,,,,,,,,,,,,,
0,13,5,408104084870,2260925246,1,1,"(0.45443055033683777, 0.7604902386665344)","(0.47331616282463074, 0.796336829662323)",1,1,2.572021484375,2.566558837890625,"(-52.715415954589844, 28.037513732910156, 530.0308227539062)","(8.881784439086914, 24.752613067626953, 531.1049194335938)","(-17.365049362182617, 61.25885009765625, 11.654623031616211)","(-10.839591026306152, 54.71195983886719, 9.271733283996582)",POINT (0.4638733565807342 0.7784135341644287),,,,,,,,,,,,,,,,,,,,,,,,,,,,,
0,13,5,408104101538,2260941913,1,1,"(0.46088090538978577, 0.7611989974975586)","(0.47377827763557434, 0.7983881235122681)",1,1,2.542694091796875,2.581451416015625,"(-52.69769287109375, 28.03376007080078, 530.0573120117188)","(8.911032676696777, 24.748567581176758, 531.135498046875)","(-15.136295318603516, 61.129417419433594, 11.607510566711426)","(-10.679916381835938, 54.337318420410156, 9.135385513305664)",POINT (0.46732959151268 0.7797935605049133),,,,,,,,,,,,,,,,,,,,,,,,,,,,,
0,13,5,408104118205,2260958580,1,1,"(0.44844305515289307, 0.7502066493034363)","(0.47683170437812805, 0.8058804273605347)",1,1,2.5692596435546875,2.5973358154296875,"(-52.687110900878906, 28.038291931152344, 530.1064453125)","(8.927848815917969, 24.75803565979004, 531.2134399414062)","(-19.43388557434082, 63.137020111083984, 12.338225364685059)","(-9.624887466430664, 52.96895980834961, 8.63731861114502)",POINT (0.4626373797655106 0.7780435383319855),,,,,,,,,,,,,,,,,,,,,,,,,,,,,
0,13,5,408104134872,2260975246,1,1,"(0.4589846432209015, 0.7683320045471191)","(0.46828654408454895, 0.8015732765197754)",1,1,2.586044311523437,2.6042633056640625,"(-52.68024444580078, 28.035934448242188, 530.0770874023438)","(8.939420700073242, 24.76403045654297, 531.2520141601562)","(-15.791498184204102, 59.82667541503906, 11.133325576782227)","(-12.577466011047363, 53.755592346191406, 8.923666954040527)",POINT (0.4636355936527252 0.7849526405334473),,,,,,,,,,,,,,,,,,,,,,,,,,,,,
0,13,5,408104151538,2260991912,1,1,"(0.45115768909454346, 0.7608839273452759)","(0.4729287624359131, 0.8084779381752014)",1,1,2.5889434814453125,2.6118621826171875,"(-52.68183898925781, 28.032794952392578, 530.16259765625)","(8.939867973327637, 24.757587432861328, 531.3070068359375)","(-18.495908737182617, 61.18696594238281, 11.628442764282227)","(-10.973464965820312, 52.49456024169922, 8.464638710021973)",POINT (0.4620432257652283 0.7846809327602386),,,,,,,,,,,,,,,,,,,,,,,,,,,,,
0,13,5,408104168206,2261008579,1,1,"(0.4550577998161316, 0.7598493695259094)","(0.4731489419937134, 0.7979443073272705)",1,1,2.599029541015625,2.594833374023437,"(-52.686195373535156, 28.02051544189453, 530.2009887695312)","(8.944300651550293, 24.749210357666016, 531.3224487304688)","(-17.14830780029297, 61.37589645385742, 11.697223663330078)","(-10.897372245788574, 54.41836166381836, 9.164891242980957)",POINT (0.4641033709049225 0.77889683842659),,,,,,,,,,,,,,,,,,,,,,,,,,,,,
0,13,5,408104184873,2261025246,1,1,"(0.44778716564178467, 0.7589749693870544)","(0.47707515954971313, 0.8043047189712524)",1,1,2.6115264892578125,2.61474609375,"(-52.69047164916992, 27.980453491210938, 530.2017822265625)","(8.939132690429688, 24.723228454589844, 531.3619384765625)","(-19.660505294799805, 61.53559875488281, 11.755331039428711)","(-9.540760040283203, 53.256736755371094, 8.742066383361816)",POINT (0.4624311625957489 0.7816398441791534),,,,,,,,,,,,,,,,,,,,,,,,,,,,,
0,13,5,408104201541,2261041913,1,1,"(0.46026018261909485, 0.7707234621047974)","(0.4713045656681061, 0.8031157851219177)",1,1,2.610504150390625,2.6305084228515625,"(-52.70176696777344, 27.95224952697754, 530.2559204101562)","(8.936100006103516, 24.700340270996094, 531.3856811523438)","(-15.35077953338623, 59.389896392822266, 10.974348068237305)","(-11.53464126586914, 53.473880767822266, 8.821101188659668)",POINT (0.4657823741436005 0.7869196236133575),,,,,,,,,,,,,,,,,,,,,,,,,,,,,
0,13,5,408104218213,2261058584,1,1,"(0.4537660479545593, 0.761091411113739)","(0.47154664993286133, 0.8033886551856995)",1,1,2.6159210205078125,2.618621826171875,"(-52.70344924926758, 27.913253784179688, 530.2871704101562)","(8.933500289916992, 24.675397872924805, 531.3543701171875)","(-17.59465217590332, 61.149070739746094, 11.61464786529541)","(-11.451006889343262, 53.42403030395508, 8.802976608276367)",POINT (0.4626563489437103 0.7822400331497192),,,,,,,,,,,,,,,,,,,,,,,,,,,,,
0,13,5,408104234880,2261075251,1,1,"(0.45289939641952515, 0.7741347551345825)","(0.4614817500114441, 0.8123742341995239)",1,1,2.604843139648437,2.594696044921875,"(-52.760337829589844, 27.874427795410156, 530.435302734375)","(8.870399475097656, 24.62282943725586, 531.4733276367188)","(-17.89409637451172, 58.766868591308594, 10.747628211975098)","(-14.928682327270508, 51.78293991088867, 8.205677032470703)",POINT (0.4571905732154846 0.7932544946670532),,,,,,,,,,,,,,,,,,,,,,,,,,,,,
0,13,5,408104251548,2261091918,1,1,"(0.42867621779441833, 0.8219864368438721)","(0.43151500821113586, 0.8532766699790955)",1,1,2.6016387939453125,2.613037109375,"(-52.813255310058594, 27.782466888427734, 530.31689453125)","(8.775245666503906, 24.52408218383789, 531.4682006835938)","(-26.263813018798828, 50.027408599853516, 7.566659927368164)","(-25.282949447631836, 44.312644958496094, 5.486681938171387)",POINT (0.4300956130027771 0.8376315534114838),,,,,,,,,,,,,,,,,,,,,,,,,,,,,1
0,13,5,408104268215,2261108584,1,1,"(0.42738547921180725, 0.805719256401062)","(0.4406592845916748, 0.8475611209869385)",1,1,2.596954345703125,2.6231689453125,"(-52.83917999267578, 27.75322723388672, 530.3926391601562)","(8.781445503234863, 24.502037048339844, 531.4913940429688)","(-26.70980453491211, 52.99837875366211, 8.64804458618164)","(-22.123374938964844, 45.35652542114258, 5.8666181564331055)",POINT (0.434022381901741 0.8266401886940002),,,,,,,,,,,,,,,,,,,,,,,,,,,,,1
0,13,5,408104284882,2261125251,1,1,"(0.43157759308815, 0.8093695044517517)","(0.43846771121025085, 0.8562518954277039)",1,1,2.61468505859375,2.592071533203125,"(-52.84584045410156, 27.744382858276367, 530.407470703125)","(8.774707794189453, 24.490699768066406, 531.522705078125)","(-25.26132583618164, 52.33171844482422, 8.405418395996094)","(-22.88062286376953, 43.7692756652832, 5.288902282714844)",POINT (0.4350226521492004 0.8328106999397278),,,,,,,,,,,,,,,,,,,,,,,,,,,,,1
0,13,5,408104301549,2261141917,1,1,"(0.42601141333580017, 0.8082566261291504)","(0.43533408641815186, 0.8520939946174622)",1,1,2.584381103515625,2.6005096435546875,"(-52.85980987548828, 27.7337646484375, 530.49169921875)","(8.769144058227539, 24.48048973083496, 531.5696411132812)","(-27.18458366394043, 52.534976959228516, 8.479387283325195)","(-23.96336555480957, 44.52864456176758, 5.5653204917907715)",POINT (0.430672749876976 0.8301753103733063),,,,,,,,,,,,,,,,,,,,,,,,,,,,,1
