,pid,stimulus_number,coordinates,current_time,current_time1,geometry,2.1,11.1,9.1,7.1,6.1,5.1,5.2,4.1,2.2,question,code,choices
0,32,10,"{'x': 777.542962241472, 'y': 475.3328087492989, 'elapsedTime': 25386.399999976158}",577260338840,2285475486,POINT (0.4049702928341 0.4401229710641656),,,,,,,,,,,,
0,32,10,"{'x': 777.542962241472, 'y': 475.3328087492989, 'elapsedTime': 25386.399999976158}",577260355508,2285492153,POINT (0.4049702928341 0.4401229710641656),,,,,,,,,,,,
0,32,10,"{'x': 777.542962241472, 'y': 475.3328087492989, 'elapsedTime': 25386.399999976158}",577260372174,2285508819,POINT (0.4049702928341 0.4401229710641656),,,,,,,,,,,,
0,32,10,"{'x': 777.542962241472, 'y': 475.3328087492989, 'elapsedTime': 25386.399999976158}",577260388842,2285525486,POINT (0.4049702928341 0.4401229710641656),,,,,,,,,,,,
0,32,10,"{'x': 777.542962241472, 'y': 475.3328087492989, 'elapsedTime': 25386.399999976158}",577260405509,2285542153,POINT (0.4049702928341 0.4401229710641656),,,,,,,,,,,,
0,32,10,"{'x': 777.542962241472, 'y': 475.3328087492989, 'elapsedTime': 25386.399999976158}",577260422183,2285558826,POINT (0.4049702928341 0.4401229710641656),,,,,,,,,,,,
0,32,10,"{'x': 777.542962241472, 'y': 475.3328087492989, 'elapsedTime': 25386.399999976158}",577260438850,2285575493,POINT (0.4049702928341 0.4401229710641656),,,,,,,,,,,,
0,32,10,"{'x': 777.542962241472, 'y': 475.3328087492989, 'elapsedTime': 25386.399999976158}",577260455517,2285592159,POINT (0.4049702928341 0.4401229710641656),,,,,,,,,,,,
0,32,10,"{'x': 777.542962241472, 'y': 475.3328087492989, 'elapsedTime': 25386.399999976158}",577260472185,2285608827,POINT (0.4049702928341 0.4401229710641656),,,,,,,,,,,,
0,32,10,"{'x': 777.542962241472, 'y': 475.3328087492989, 'elapsedTime': 25386.399999976158}",577260488852,2285625493,POINT (0.4049702928341 0.4401229710641656),,,,,,,,,,,,
0,32,10,"{'x': 777.542962241472, 'y': 475.3328087492989, 'elapsedTime': 25386.399999976158}",577260505519,2285642160,POINT (0.4049702928341 0.4401229710641656),,,,,,,,,,,,
0,32,10,"{'x': 777.542962241472, 'y': 475.3328087492989, 'elapsedTime': 25386.399999976158}",577260522186,2285658826,POINT (0.4049702928341 0.4401229710641656),,,,,,,,,,,,
0,32,10,"{'x': 777.542962241472, 'y': 475.3328087492989, 'elapsedTime': 25386.399999976158}",577260538853,2285675493,POINT (0.4049702928341 0.4401229710641656),,,,,,,,,,,,
0,32,10,"{'x': 777.542962241472, 'y': 475.3328087492989, 'elapsedTime': 25386.399999976158}",577260555525,2285692164,POINT (0.4049702928341 0.4401229710641656),,,,,,,,,,,,
0,32,10,"{'x': 777.542962241472, 'y': 475.3328087492989, 'elapsedTime': 25386.399999976158}",577260572191,2285708830,POINT (0.4049702928341 0.4401229710641656),,,,,,,,,,,,
0,32,10,"{'x': 777.542962241472, 'y': 475.3328087492989, 'elapsedTime': 25386.399999976158}",577260588860,2285725497,POINT (0.4049702928341 0.4401229710641656),,,,,,,,,,,,
0,32,10,"{'x': 777.542962241472, 'y': 475.3328087492989, 'elapsedTime': 25386.399999976158}",577260605526,2285742163,POINT (0.4049702928341 0.4401229710641656),,,,,,,,,,,,
0,32,10,"{'x': 777.542962241472, 'y': 475.3328087492989, 'elapsedTime': 25386.399999976158}",577260622193,2285758830,POINT (0.4049702928341 0.4401229710641656),,,,,,,,,,,,
0,32,10,"{'x': 777.542962241472, 'y': 475.3328087492989, 'elapsedTime': 25386.399999976158}",577260638861,2285775497,POINT (0.4049702928341 0.4401229710641656),,,,,,,,,,,,
0,32,10,"{'x': 777.542962241472, 'y': 475.3328087492989, 'elapsedTime': 25386.399999976158}",577260655528,2285792164,POINT (0.4049702928341 0.4401229710641656),,,,,,,,,,,,
0,32,10,"{'x': 777.542962241472, 'y': 475.3328087492989, 'elapsedTime': 25386.399999976158}",577260672195,2285808830,POINT (0.4049702928341 0.4401229710641656),,,,,,,,,,,,
0,32,10,"{'x': 777.542962241472, 'y': 475.3328087492989, 'elapsedTime': 25386.399999976158}",577260688867,2285825502,POINT (0.4049702928341 0.4401229710641656),,,,,,,,,,,,
0,32,10,"{'x': 777.542962241472, 'y': 475.3328087492989, 'elapsedTime': 25386.399999976158}",577260705534,2285842168,POINT (0.4049702928341 0.4401229710641656),,,,,,,,,,,,
0,32,10,"{'x': 777.542962241472, 'y': 475.3328087492989, 'elapsedTime': 25386.399999976158}",577260722201,2285858835,POINT (0.4049702928341 0.4401229710641656),,,,,,,,,,,,
0,32,10,"{'x': 777.542962241472, 'y': 475.3328087492989, 'elapsedTime': 25386.399999976158}",577260738869,2285875502,POINT (0.4049702928341 0.4401229710641656),,,,,,,,,,,,
0,32,10,"{'x': 777.542962241472, 'y': 475.3328087492989, 'elapsedTime': 25386.399999976158}",577260755535,2285892168,POINT (0.4049702928341 0.4401229710641656),,,,,,,,,,,,
0,32,10,"{'x': 777.542962241472, 'y': 475.3328087492989, 'elapsedTime': 25386.399999976158}",577260772203,2285908835,POINT (0.4049702928341 0.4401229710641656),,,,,,,,,,,,
0,32,10,"{'x': 777.542962241472, 'y': 475.3328087492989, 'elapsedTime': 25386.399999976158}",577260788870,2285925502,POINT (0.4049702928341 0.4401229710641656),,,,,,,,,,,,
0,32,10,"{'x': 777.542962241472, 'y': 475.3328087492989, 'elapsedTime': 25386.399999976158}",577260805537,2285942168,POINT (0.4049702928341 0.4401229710641656),,,,,,,,,,,,
0,32,10,"{'x': 777.542962241472, 'y': 475.3328087492989, 'elapsedTime': 25386.399999976158}",577260822207,2285958838,POINT (0.4049702928341 0.4401229710641656),,,,,,,,,,,,
0,32,10,"{'x': 777.542962241472, 'y': 475.3328087492989, 'elapsedTime': 25386.399999976158}",577260838874,2285975504,POINT (0.4049702928341 0.4401229710641656),,,,,,,,,,,,
0,32,10,"{'x': 777.542962241472, 'y': 475.3328087492989, 'elapsedTime': 25386.399999976158}",577260855542,2285992172,POINT (0.4049702928341 0.4401229710641656),,,,,,,,,,,,
0,32,10,"{'x': 777.542962241472, 'y': 475.3328087492989, 'elapsedTime': 25386.399999976158}",577260872209,2286008838,POINT (0.4049702928341 0.4401229710641656),,,,,,,,,,,,
0,32,10,"{'x': 777.542962241472, 'y': 475.3328087492989, 'elapsedTime': 25386.399999976158}",577260888875,2286025504,POINT (0.4049702928341 0.4401229710641656),,,,,,,,,,,,
0,32,10,"{'x': 777.542962241472, 'y': 475.3328087492989, 'elapsedTime': 25386.399999976158}",577260905544,2286042172,POINT (0.4049702928341 0.4401229710641656),,,,,,,,,,,,
0,32,10,"{'x': 777.542962241472, 'y': 475.3328087492989, 'elapsedTime': 25386.399999976158}",577260922210,2286058838,POINT (0.4049702928341 0.4401229710641656),,,,,,,,,,,,
0,32,10,"{'x': 777.542962241472, 'y': 475.3328087492989, 'elapsedTime': 25386.399999976158}",577260938878,2286075505,POINT (0.4049702928341 0.4401229710641656),,,,,,,,,,,,
0,32,10,"{'x': 777.542962241472, 'y': 475.3328087492989, 'elapsedTime': 25386.399999976158}",577260955550,2286092177,POINT (0.4049702928341 0.4401229710641656),,,,,,,,,,,,
0,32,10,"{'x': 777.542962241472, 'y': 475.3328087492989, 'elapsedTime': 25386.399999976158}",577260972217,2286108843,POINT (0.4049702928341 0.4401229710641656),,,,,,,,,,,,
0,32,10,"{'x': 777.542962241472, 'y': 475.3328087492989, 'elapsedTime': 25386.399999976158}",577260988883,2286125509,POINT (0.4049702928341 0.4401229710641656),,,,,,,,,,,,
0,32,10,"{'x': 777.542962241472, 'y': 475.3328087492989, 'elapsedTime': 25386.399999976158}",577261005552,2286142177,POINT (0.4049702928341 0.4401229710641656),,,,,,,,,,,,
0,32,10,"{'x': 777.542962241472, 'y': 475.3328087492989, 'elapsedTime': 25386.399999976158}",577261022218,2286158843,POINT (0.4049702928341 0.4401229710641656),,,,,,,,,,,,
0,32,10,"{'x': 777.542962241472, 'y': 475.3328087492989, 'elapsedTime': 25386.399999976158}",577261038887,2286175510,POINT (0.4049702928341 0.4401229710641656),,,,,,,,,,,,
0,32,10,"{'x': 777.542962241472, 'y': 475.3328087492989, 'elapsedTime': 25386.399999976158}",577261055553,2286192176,POINT (0.4049702928341 0.4401229710641656),,,,,,,,,,,,
0,32,10,"{'x': 777.542962241472, 'y': 475.3328087492989, 'elapsedTime': 25386.399999976158}",577261072221,2286208843,POINT (0.4049702928341 0.4401229710641656),,,,,,,,,,,,
0,32,10,"{'x': 777.542962241472, 'y': 475.3328087492989, 'elapsedTime': 25386.399999976158}",577261088893,2286225515,POINT (0.4049702928341 0.4401229710641656),,,,,,,,,,,,
0,32,10,"{'x': 777.542962241472, 'y': 475.3328087492989, 'elapsedTime': 25386.399999976158}",577261105561,2286242182,POINT (0.4049702928341 0.4401229710641656),,,,,,,,,,,,
0,32,10,"{'x': 777.542962241472, 'y': 475.3328087492989, 'elapsedTime': 25386.399999976158}",577261122228,2286258849,POINT (0.4049702928341 0.4401229710641656),,,,,,,,,,,,
0,32,10,"{'x': 777.542962241472, 'y': 475.3328087492989, 'elapsedTime': 25386.399999976158}",577261138894,2286275515,POINT (0.4049702928341 0.4401229710641656),,,,,,,,,,,,
0,32,10,"{'x': 777.542962241472, 'y': 475.3328087492989, 'elapsedTime': 25386.399999976158}",577261155562,2286292182,POINT (0.4049702928341 0.4401229710641656),,,,,,,,,,,,
0,32,10,"{'x': 777.542962241472, 'y': 475.3328087492989, 'elapsedTime': 25386.399999976158}",577261172229,2286308849,POINT (0.4049702928341 0.4401229710641656),,,,,,,,,,,,
0,32,10,"{'x': 777.542962241472, 'y': 475.3328087492989, 'elapsedTime': 25386.399999976158}",577261188897,2286325516,POINT (0.4049702928341 0.4401229710641656),,,,,,,,,,,,
0,32,10,"{'x': 777.542962241472, 'y': 475.3328087492989, 'elapsedTime': 25386.399999976158}",577261205563,2286342182,POINT (0.4049702928341 0.4401229710641656),,,,,,,,,,,,
0,32,10,"{'x': 777.542962241472, 'y': 475.3328087492989, 'elapsedTime': 25386.399999976158}",577261222236,2286358854,POINT (0.4049702928341 0.4401229710641656),,,,,,,,,,,,
0,32,10,"{'x': 777.542962241472, 'y': 475.3328087492989, 'elapsedTime': 25386.399999976158}",577261238903,2286375521,POINT (0.4049702928341 0.4401229710641656),,,,,,,,,,,,
0,32,10,"{'x': 777.542962241472, 'y': 475.3328087492989, 'elapsedTime': 25386.399999976158}",577261255572,2286392189,POINT (0.4049702928341 0.4401229710641656),,,,,,,,,,,,
0,32,10,"{'x': 777.542962241472, 'y': 475.3328087492989, 'elapsedTime': 25386.399999976158}",577261272239,2286408856,POINT (0.4049702928341 0.4401229710641656),,,,,,,,,,,,
0,32,10,"{'x': 777.542962241472, 'y': 475.3328087492989, 'elapsedTime': 25386.399999976158}",577261288906,2286425522,POINT (0.4049702928341 0.4401229710641656),,,,,,,,,,,,
0,32,10,"{'x': 777.542962241472, 'y': 475.3328087492989, 'elapsedTime': 25386.399999976158}",577261305573,2286442189,POINT (0.4049702928341 0.4401229710641656),,,,,,,,,,,,
0,32,10,"{'x': 777.542962241472, 'y': 475.3328087492989, 'elapsedTime': 25386.399999976158}",577261322241,2286458856,POINT (0.4049702928341 0.4401229710641656),,,,,,,,,,,,
0,32,10,"{'x': 777.542962241472, 'y': 475.3328087492989, 'elapsedTime': 25386.399999976158}",577261338913,2286475528,POINT (0.4049702928341 0.4401229710641656),,,,,,,,,,,,
0,32,10,"{'x': 777.542962241472, 'y': 475.3328087492989, 'elapsedTime': 25386.399999976158}",577261355578,2286492192,POINT (0.4049702928341 0.4401229710641656),,,,,,,,,,,,
0,32,10,"{'x': 777.542962241472, 'y': 475.3328087492989, 'elapsedTime': 25386.399999976158}",577261372244,2286508858,POINT (0.4049702928341 0.4401229710641656),,,,,,,,,,,,
0,32,10,"{'x': 777.542962241472, 'y': 475.3328087492989, 'elapsedTime': 25386.399999976158}",577261388913,2286525526,POINT (0.4049702928341 0.4401229710641656),,,,,,,,,,,,
0,32,10,"{'x': 777.542962241472, 'y': 475.3328087492989, 'elapsedTime': 25386.399999976158}",577261405579,2286542192,POINT (0.4049702928341 0.4401229710641656),,,,,,,,,,,,
0,32,10,"{'x': 777.542962241472, 'y': 475.3328087492989, 'elapsedTime': 25386.399999976158}",577261422246,2286558858,POINT (0.4049702928341 0.4401229710641656),,,,,,,,,,,,
0,32,10,"{'x': 777.542962241472, 'y': 475.3328087492989, 'elapsedTime': 25386.399999976158}",577261438914,2286575526,POINT (0.4049702928341 0.4401229710641656),,,,,,,,,,,,
0,32,10,"{'x': 777.542962241472, 'y': 475.3328087492989, 'elapsedTime': 25386.399999976158}",577261455581,2286592192,POINT (0.4049702928341 0.4401229710641656),,,,,,,,,,,,
0,32,10,"{'x': 777.542962241472, 'y': 475.3328087492989, 'elapsedTime': 25386.399999976158}",577261472252,2286608863,POINT (0.4049702928341 0.4401229710641656),,,,,,,,,,,,
0,32,10,"{'x': 777.542962241472, 'y': 475.3328087492989, 'elapsedTime': 25386.399999976158}",577261488920,2286625530,POINT (0.4049702928341 0.4401229710641656),,,,,,,,,,,,
0,32,10,"{'x': 777.542962241472, 'y': 475.3328087492989, 'elapsedTime': 25386.399999976158}",577261505586,2286642196,POINT (0.4049702928341 0.4401229710641656),,,,,,,,,,,,
0,32,10,"{'x': 777.542962241472, 'y': 475.3328087492989, 'elapsedTime': 25386.399999976158}",577261522254,2286658863,POINT (0.4049702928341 0.4401229710641656),,,,,,,,,,,,
0,32,10,"{'x': 777.542962241472, 'y': 475.3328087492989, 'elapsedTime': 25386.399999976158}",577261538920,2286675529,POINT (0.4049702928341 0.4401229710641656),,,,,,,,,,,,
0,32,10,"{'x': 777.542962241472, 'y': 475.3328087492989, 'elapsedTime': 25386.399999976158}",577261555588,2286692196,POINT (0.4049702928341 0.4401229710641656),,,,,,,,,,,,
0,32,10,"{'x': 777.542962241472, 'y': 475.3328087492989, 'elapsedTime': 25386.399999976158}",577261572255,2286708863,POINT (0.4049702928341 0.4401229710641656),,,,,,,,,,,,
0,32,10,"{'x': 777.542962241472, 'y': 475.3328087492989, 'elapsedTime': 25386.399999976158}",577261588922,2286725529,POINT (0.4049702928341 0.4401229710641656),,,,,,,,,,,,
0,32,10,"{'x': 777.542962241472, 'y': 475.3328087492989, 'elapsedTime': 25386.399999976158}",577261605595,2286742202,POINT (0.4049702928341 0.4401229710641656),,,,,,,,,,,,
0,32,10,"{'x': 777.542962241472, 'y': 475.3328087492989, 'elapsedTime': 25386.399999976158}",577261622261,2286758868,POINT (0.4049702928341 0.4401229710641656),,,,,,,,,,,,
0,32,10,"{'x': 777.542962241472, 'y': 475.3328087492989, 'elapsedTime': 25386.399999976158}",577261638929,2286775535,POINT (0.4049702928341 0.4401229710641656),,,,,,,,,,,,
0,32,10,"{'x': 777.542962241472, 'y': 475.3328087492989, 'elapsedTime': 25386.399999976158}",577261655596,2286792202,POINT (0.4049702928341 0.4401229710641656),,,,,,,,,,,,
0,32,10,"{'x': 777.542962241472, 'y': 475.3328087492989, 'elapsedTime': 25386.399999976158}",577261672263,2286808868,POINT (0.4049702928341 0.4401229710641656),,,,,,,,,,,,
0,32,10,"{'x': 777.542962241472, 'y': 475.3328087492989, 'elapsedTime': 25386.399999976158}",577261688930,2286825535,POINT (0.4049702928341 0.4401229710641656),,,,,,,,,,,,
0,32,10,"{'x': 777.542962241472, 'y': 475.3328087492989, 'elapsedTime': 25386.399999976158}",577261705598,2286842202,POINT (0.4049702928341 0.4401229710641656),,,,,,,,,,,,
0,32,10,"{'x': 499.91800991808645, 'y': 499.81136922331007, 'elapsedTime': 18.5}",577261722264,2286858868,POINT (0.2603739634990034 0.4627883048363982),,,,,,,,,,,,
0,32,10,"{'x': 499.91800991808645, 'y': 499.81136922331007, 'elapsedTime': 18.5}",577261738933,2286875536,POINT (0.2603739634990034 0.4627883048363982),,,,,,,,,,,,
0,32,10,"{'x': 499.91800991808645, 'y': 499.81136922331007, 'elapsedTime': 18.5}",577261755600,2286892203,POINT (0.2603739634990034 0.4627883048363982),,,,,,,,,,,,
0,32,10,"{'x': 499.91800991808645, 'y': 499.81136922331007, 'elapsedTime': 18.5}",577261772268,2286908870,POINT (0.2603739634990034 0.4627883048363982),,,,,,,,,,,,
0,32,10,"{'x': 500.63593686813965, 'y': 499.78907356488725, 'elapsedTime': 539.7000000476837}",577261788936,2286925538,POINT (0.2607478837854894 0.462767660708229),,,,,,,,,,,,
0,32,10,"{'x': 500.63593686813965, 'y': 499.78907356488725, 'elapsedTime': 539.7000000476837}",577261805604,2286942205,POINT (0.2607478837854894 0.462767660708229),,,,,,,,,,,,
0,32,10,"{'x': 500.63593686813965, 'y': 499.78907356488725, 'elapsedTime': 539.7000000476837}",577261822270,2286958871,POINT (0.2607478837854894 0.462767660708229),,,,,,,,,,,,
0,32,10,"{'x': 501.02819005542403, 'y': 492.2567565985152, 'elapsedTime': 597.8999999761581}",577261838936,2286975536,POINT (0.2609521823205334 0.4557932931467734),,,,,,,,,,,,
0,32,10,"{'x': 501.02819005542403, 'y': 492.2567565985152, 'elapsedTime': 597.8999999761581}",577261855603,2286992203,POINT (0.2609521823205334 0.4557932931467734),,,,,,,,,,,,
0,32,10,"{'x': 501.02819005542403, 'y': 492.2567565985152, 'elapsedTime': 597.8999999761581}",577261872276,2287008875,POINT (0.2609521823205334 0.4557932931467734),,,,,,,,,,,,
0,32,10,"{'x': 533.8231958828918, 'y': 502.02572976804936, 'elapsedTime': 660.6000000238419}",577261888943,2287025542,POINT (0.2780329145223395 0.4648386386741198),,,,,,,,,,,,
0,32,10,"{'x': 533.8231958828918, 'y': 502.02572976804936, 'elapsedTime': 660.6000000238419}",577261905613,2287042211,POINT (0.2780329145223395 0.4648386386741198),,,,,,,,,,,,
0,32,10,"{'x': 533.8231958828918, 'y': 502.02572976804936, 'elapsedTime': 660.6000000238419}",577261922280,2287058878,POINT (0.2780329145223395 0.4648386386741198),,,,,,,,,,,,
0,32,10,"{'x': 533.8231958828918, 'y': 502.02572976804936, 'elapsedTime': 660.6000000238419}",577261938947,2287075544,POINT (0.2780329145223395 0.4648386386741198),,,,,,,,,,,,
0,32,10,"{'x': 577.7102683596532, 'y': 516.2001099905941, 'elapsedTime': 714}",577261955611,2287092208,POINT (0.3008907647706527 0.4779630648061057),,,,,,,,,,,,
0,32,10,"{'x': 577.7102683596532, 'y': 516.2001099905941, 'elapsedTime': 714}",577261972282,2287108878,POINT (0.3008907647706527 0.4779630648061057),,,,,,,,,,,,
0,32,10,"{'x': 577.7102683596532, 'y': 516.2001099905941, 'elapsedTime': 714}",577261988946,2287125542,POINT (0.3008907647706527 0.4779630648061057),,,,,,,,,,,,
0,32,10,"{'x': 577.7102683596532, 'y': 516.2001099905941, 'elapsedTime': 714}",577262005619,2287142214,POINT (0.3008907647706527 0.4779630648061057),,,,,,,,,,,,
0,32,10,"{'x': 600.710422995136, 'y': 515.6297402304314, 'elapsedTime': 774.3999999761581}",577262022286,2287158881,POINT (0.3128700119766333 0.4774349446578068),,,,,,,,,,,,
0,32,10,"{'x': 600.710422995136, 'y': 515.6297402304314, 'elapsedTime': 774.3999999761581}",577262038953,2287175547,POINT (0.3128700119766333 0.4774349446578068),,,,,,,,,,,,
0,32,10,"{'x': 600.710422995136, 'y': 515.6297402304314, 'elapsedTime': 774.3999999761581}",577262055619,2287192213,POINT (0.3128700119766333 0.4774349446578068),,,,,,,,,,,,
0,32,10,"{'x': 625.3805416216396, 'y': 494.8616688909656, 'elapsedTime': 843.5}",577262072287,2287208880,POINT (0.325719032094604 0.4582052489731163),,,,,,,,,,,,
0,32,10,"{'x': 625.3805416216396, 'y': 494.8616688909656, 'elapsedTime': 843.5}",577262088954,2287225547,POINT (0.325719032094604 0.4582052489731163),,,,,,,,,,,,
0,32,10,"{'x': 625.3805416216396, 'y': 494.8616688909656, 'elapsedTime': 843.5}",577262105622,2287242214,POINT (0.325719032094604 0.4582052489731163),,,,,,,,,,,,
0,32,10,"{'x': 625.3805416216396, 'y': 494.8616688909656, 'elapsedTime': 843.5}",577262122288,2287258880,POINT (0.325719032094604 0.4582052489731163),,,,,,,,,,,,
0,32,10,"{'x': 618.3463703562637, 'y': 445.7181541622298, 'elapsedTime': 901.1000000238419}",577262138960,2287275552,POINT (0.3220554012272207 0.4127019945946572),,,,,,,,,,,,
0,32,10,"{'x': 618.3463703562637, 'y': 445.7181541622298, 'elapsedTime': 901.1000000238419}",577262155628,2287292219,POINT (0.3220554012272207 0.4127019945946572),,,,,,,,,,,,
0,32,10,"{'x': 618.3463703562637, 'y': 445.7181541622298, 'elapsedTime': 901.1000000238419}",577262172294,2287308885,POINT (0.3220554012272207 0.4127019945946572),,,,,,,,,,,,
0,32,10,"{'x': 675.493687028522, 'y': 396.9491906332996, 'elapsedTime': 956.8999999761581}",577262188962,2287325552,POINT (0.3518196286606886 0.3675455468826848),,,,,,,,,,,,
0,32,10,"{'x': 675.493687028522, 'y': 396.9491906332996, 'elapsedTime': 956.8999999761581}",577262205628,2287342218,POINT (0.3518196286606886 0.3675455468826848),,,,,,,,,,,,
0,32,10,"{'x': 675.493687028522, 'y': 396.9491906332996, 'elapsedTime': 956.8999999761581}",577262222296,2287358885,POINT (0.3518196286606886 0.3675455468826848),,,,,,,,,,,,
0,32,10,"{'x': 675.493687028522, 'y': 396.9491906332996, 'elapsedTime': 956.8999999761581}",577262238963,2287375552,POINT (0.3518196286606886 0.3675455468826848),,,,,,,,,,,,
0,32,10,"{'x': 675.493687028522, 'y': 396.9491906332996, 'elapsedTime': 956.8999999761581}",577262255636,2287392224,POINT (0.3518196286606886 0.3675455468826848),,,,,,,,,,,,
0,32,10,"{'x': 675.493687028522, 'y': 396.9491906332996, 'elapsedTime': 956.8999999761581}",577262272304,2287408892,POINT (0.3518196286606886 0.3675455468826848),,,,,,,,,,,,
0,32,10,"{'x': 609.9388238705919, 'y': 374.9926860538664, 'elapsedTime': 1019.8000000715256}",577262288970,2287425557,POINT (0.3176764707659333 0.3472154500498763),,,,,,,,,,,,
0,32,10,"{'x': 609.9388238705919, 'y': 374.9926860538664, 'elapsedTime': 1019.8000000715256}",577262305636,2287442223,POINT (0.3176764707659333 0.3472154500498763),,,,,,,,,,,,
0,32,10,"{'x': 609.9388238705919, 'y': 374.9926860538664, 'elapsedTime': 1019.8000000715256}",577262322304,2287458890,POINT (0.3176764707659333 0.3472154500498763),,,,,,,,,,,,
0,32,10,"{'x': 672.791530506001, 'y': 335.66381727163736, 'elapsedTime': 1099.8999999761581}",577262338971,2287475557,POINT (0.3504122554718755 0.3107998308070716),,,,,,,,,,,1,
0,32,10,"{'x': 672.791530506001, 'y': 335.66381727163736, 'elapsedTime': 1099.8999999761581}",577262355638,2287492223,POINT (0.3504122554718755 0.3107998308070716),,,,,,,,,,,1,
0,32,10,"{'x': 672.791530506001, 'y': 335.66381727163736, 'elapsedTime': 1099.8999999761581}",577262372305,2287508890,POINT (0.3504122554718755 0.3107998308070716),,,,,,,,,,,1,
0,32,10,"{'x': 672.791530506001, 'y': 335.66381727163736, 'elapsedTime': 1099.8999999761581}",577262388978,2287525562,POINT (0.3504122554718755 0.3107998308070716),,,,,,,,,,,1,
0,32,10,"{'x': 751.1608116642731, 'y': 341.53499378750365, 'elapsedTime': 1160.8000000715256}",577262405645,2287542229,POINT (0.3912295894084756 0.3162361053587997),,,,,,,,,,,1,
0,32,10,"{'x': 751.1608116642731, 'y': 341.53499378750365, 'elapsedTime': 1160.8000000715256}",577262422312,2287558895,POINT (0.3912295894084756 0.3162361053587997),,,,,,,,,,,1,
0,32,10,"{'x': 751.1608116642731, 'y': 341.53499378750365, 'elapsedTime': 1160.8000000715256}",577262438978,2287575561,POINT (0.3912295894084756 0.3162361053587997),,,,,,,,,,,1,
0,32,10,"{'x': 869.3426189953439, 'y': 301.10317833089084, 'elapsedTime': 1230.2000000476837}",577262455646,2287592228,POINT (0.4527826140600749 0.2787992391952693),,,,,,,,,,1,1,
0,32,10,"{'x': 869.3426189953439, 'y': 301.10317833089084, 'elapsedTime': 1230.2000000476837}",577262472313,2287608895,POINT (0.4527826140600749 0.2787992391952693),,,,,,,,,,1,1,
0,32,10,"{'x': 869.3426189953439, 'y': 301.10317833089084, 'elapsedTime': 1230.2000000476837}",577262488980,2287625561,POINT (0.4527826140600749 0.2787992391952693),,,,,,,,,,1,1,
0,32,10,"{'x': 940.0695819678675, 'y': 232.63764095760413, 'elapsedTime': 1284.3000000715256}",577262505647,2287642228,POINT (0.4896195739415977 0.2154052231088927),,,,,,,,,,,1,
0,32,10,"{'x': 940.0695819678675, 'y': 232.63764095760413, 'elapsedTime': 1284.3000000715256}",577262522319,2287658899,POINT (0.4896195739415977 0.2154052231088927),,,,,,,,,,,1,
0,32,10,"{'x': 940.0695819678675, 'y': 232.63764095760413, 'elapsedTime': 1284.3000000715256}",577262538986,2287675566,POINT (0.4896195739415977 0.2154052231088927),,,,,,,,,,,1,
0,32,10,"{'x': 940.0695819678675, 'y': 232.63764095760413, 'elapsedTime': 1284.3000000715256}",577262555653,2287692232,POINT (0.4896195739415977 0.2154052231088927),,,,,,,,,,,1,
0,32,10,"{'x': 999.5063010281629, 'y': 232.9726677262957, 'elapsedTime': 1339}",577262572320,2287708899,POINT (0.5205761984521682 0.2157154330799034),,,,,,,,,,,1,
0,32,10,"{'x': 999.5063010281629, 'y': 232.9726677262957, 'elapsedTime': 1339}",577262588988,2287725566,POINT (0.5205761984521682 0.2157154330799034),,,,,,,,,,,1,
0,32,10,"{'x': 999.5063010281629, 'y': 232.9726677262957, 'elapsedTime': 1339}",577262605655,2287742233,POINT (0.5205761984521682 0.2157154330799034),,,,,,,,,,,1,
0,32,10,"{'x': 999.5063010281629, 'y': 232.9726677262957, 'elapsedTime': 1339}",577262622321,2287758899,POINT (0.5205761984521682 0.2157154330799034),,,,,,,,,,,1,
0,32,10,"{'x': 966.5570605878427, 'y': 176.5670799878669, 'elapsedTime': 1395.5}",577262638988,2287775565,POINT (0.5034151357228347 0.1634880370258027),,,,,,,,,,1,,
0,32,10,"{'x': 966.5570605878427, 'y': 176.5670799878669, 'elapsedTime': 1395.5}",577262655661,2287792238,POINT (0.5034151357228347 0.1634880370258027),,,,,,,,,,1,,
0,32,10,"{'x': 966.5570605878427, 'y': 176.5670799878669, 'elapsedTime': 1395.5}",577262672329,2287808905,POINT (0.5034151357228347 0.1634880370258027),,,,,,,,,,1,,
0,32,10,"{'x': 989.4090177937684, 'y': 171.84522446378128, 'elapsedTime': 1458.2000000476837}",577262688996,2287825572,POINT (0.5153171967675877 0.1591159485775752),,,,,,,,,,1,,
0,32,10,"{'x': 989.4090177937684, 'y': 171.84522446378128, 'elapsedTime': 1458.2000000476837}",577262705663,2287842238,POINT (0.5153171967675877 0.1591159485775752),,,,,,,,,,1,,
0,32,10,"{'x': 989.4090177937684, 'y': 171.84522446378128, 'elapsedTime': 1458.2000000476837}",577262722330,2287858905,POINT (0.5153171967675877 0.1591159485775752),,,,,,,,,,1,,
0,32,10,"{'x': 989.4090177937684, 'y': 171.84522446378128, 'elapsedTime': 1458.2000000476837}",577262738998,2287875572,POINT (0.5153171967675877 0.1591159485775752),,,,,,,,,,1,,
0,32,10,"{'x': 989.4090177937684, 'y': 171.84522446378128, 'elapsedTime': 1458.2000000476837}",577262755664,2287892238,POINT (0.5153171967675877 0.1591159485775752),,,,,,,,,,1,,
0,32,10,"{'x': 900.1874479607714, 'y': 195.01836332257815, 'elapsedTime': 1522.1000000238419}",577262772332,2287908905,POINT (0.4688476291462351 0.1805725586320168),,,,,,,,,,1,,
0,32,10,"{'x': 900.1874479607714, 'y': 195.01836332257815, 'elapsedTime': 1522.1000000238419}",577262789001,2287925574,POINT (0.4688476291462351 0.1805725586320168),,,,,,,,,,1,,
0,32,10,"{'x': 900.1874479607714, 'y': 195.01836332257815, 'elapsedTime': 1522.1000000238419}",577262805669,2287942241,POINT (0.4688476291462351 0.1805725586320168),,,,,,,,,,1,,
0,32,10,"{'x': 819.4452379490498, 'y': 206.00595551762225, 'elapsedTime': 1583.5}",577262822336,2287958908,POINT (0.4267943947651301 0.1907462551089095),,,,,,,,,,1,,
0,32,10,"{'x': 819.4452379490498, 'y': 206.00595551762225, 'elapsedTime': 1583.5}",577262839003,2287975574,POINT (0.4267943947651301 0.1907462551089095),,,,,,,,,,1,,
0,32,10,"{'x': 819.4452379490498, 'y': 206.00595551762225, 'elapsedTime': 1583.5}",577262855670,2287992241,POINT (0.4267943947651301 0.1907462551089095),,,,,,,,,,1,,
0,32,10,"{'x': 819.4452379490498, 'y': 206.00595551762225, 'elapsedTime': 1583.5}",577262872336,2288008906,POINT (0.4267943947651301 0.1907462551089095),,,,,,,,,,1,,
0,32,10,"{'x': 735.8113993112864, 'y': 273.0731238144715, 'elapsedTime': 1645.7000000476837}",577262889004,2288025574,POINT (0.3832351038079617 0.2528454850133995),,,,,,,,,,1,1,
0,32,10,"{'x': 735.8113993112864, 'y': 273.0731238144715, 'elapsedTime': 1645.7000000476837}",577262905672,2288042241,POINT (0.3832351038079617 0.2528454850133995),,,,,,,,,,1,1,
0,32,10,"{'x': 735.8113993112864, 'y': 273.0731238144715, 'elapsedTime': 1645.7000000476837}",577262922343,2288058912,POINT (0.3832351038079617 0.2528454850133995),,,,,,,,,,1,1,
0,32,10,"{'x': 794.7421226944804, 'y': 400.1088898952037, 'elapsedTime': 1712.5}",577262939010,2288075578,POINT (0.4139281889033752 0.3704711943474108),,,,,,,,,,,,
0,32,10,"{'x': 794.7421226944804, 'y': 400.1088898952037, 'elapsedTime': 1712.5}",577262955677,2288092245,POINT (0.4139281889033752 0.3704711943474108),,,,,,,,,,,,
0,32,10,"{'x': 794.7421226944804, 'y': 400.1088898952037, 'elapsedTime': 1712.5}",577262972344,2288108911,POINT (0.4139281889033752 0.3704711943474108),,,,,,,,,,,,
0,32,10,"{'x': 794.7421226944804, 'y': 400.1088898952037, 'elapsedTime': 1712.5}",577262989011,2288125578,POINT (0.4139281889033752 0.3704711943474108),,,,,,,,,,,,
0,32,10,"{'x': 794.7421226944804, 'y': 400.1088898952037, 'elapsedTime': 1712.5}",577263005679,2288142245,POINT (0.4139281889033752 0.3704711943474108),,,,,,,,,,,,
0,32,10,"{'x': 794.7421226944804, 'y': 400.1088898952037, 'elapsedTime': 1712.5}",577263022346,2288158912,POINT (0.4139281889033752 0.3704711943474108),,,,,,,,,,,,
0,32,10,"{'x': 794.7421226944804, 'y': 400.1088898952037, 'elapsedTime': 1712.5}",577263039013,2288175578,POINT (0.4139281889033752 0.3704711943474108),,,,,,,,,,,,
0,32,10,"{'x': 794.7421226944804, 'y': 400.1088898952037, 'elapsedTime': 1712.5}",577263055686,2288192251,POINT (0.4139281889033752 0.3704711943474108),,,,,,,,,,,,
0,32,10,"{'x': 794.7421226944804, 'y': 400.1088898952037, 'elapsedTime': 1712.5}",577263072354,2288208918,POINT (0.4139281889033752 0.3704711943474108),,,,,,,,,,,,
0,32,10,"{'x': 716.7437506856375, 'y': 453.12627418790964, 'elapsedTime': 1771.5}",577263089020,2288225584,POINT (0.3733040368154362 0.4195613649888052),,,,,,,,,,,,
0,32,10,"{'x': 716.7437506856375, 'y': 453.12627418790964, 'elapsedTime': 1771.5}",577263105688,2288242251,POINT (0.3733040368154362 0.4195613649888052),,,,,,,,,,,,
0,32,10,"{'x': 716.7437506856375, 'y': 453.12627418790964, 'elapsedTime': 1771.5}",577263122354,2288258917,POINT (0.3733040368154362 0.4195613649888052),,,,,,,,,,,,
0,32,10,"{'x': 716.7437506856375, 'y': 453.12627418790964, 'elapsedTime': 1771.5}",577263139021,2288275584,POINT (0.3733040368154362 0.4195613649888052),,,,,,,,,,,,
0,32,10,"{'x': 769.2798553650141, 'y': 433.59510683283986, 'elapsedTime': 1918.2000000476837}",577263155689,2288292251,POINT (0.4006665913359448 0.401476950771148),,,,,,,,,,,,
0,32,10,"{'x': 769.2798553650141, 'y': 433.59510683283986, 'elapsedTime': 1918.2000000476837}",577263172361,2288308923,POINT (0.4006665913359448 0.401476950771148),,,,,,,,,,,,
0,32,10,"{'x': 769.2798553650141, 'y': 433.59510683283986, 'elapsedTime': 1918.2000000476837}",577263189030,2288325591,POINT (0.4006665913359448 0.401476950771148),,,,,,,,,,,,
0,32,10,"{'x': 657.8225609903354, 'y': 365.5563159480906, 'elapsedTime': 1976.8999999761581}",577263205696,2288342257,POINT (0.3426159171824664 0.3384780703223062),,,,,,,,,,,,
0,32,10,"{'x': 657.8225609903354, 'y': 365.5563159480906, 'elapsedTime': 1976.8999999761581}",577263222363,2288358923,POINT (0.3426159171824664 0.3384780703223062),,,,,,,,,,,,
0,32,10,"{'x': 657.8225609903354, 'y': 365.5563159480906, 'elapsedTime': 1976.8999999761581}",577263239030,2288375590,POINT (0.3426159171824664 0.3384780703223062),,,,,,,,,,,,
0,32,10,"{'x': 657.8225609903354, 'y': 365.5563159480906, 'elapsedTime': 1976.8999999761581}",577263255698,2288392257,POINT (0.3426159171824664 0.3384780703223062),,,,,,,,,,,,
0,32,10,"{'x': 647.2114450064047, 'y': 300.71910474473935, 'elapsedTime': 2032.2000000476837}",577263272364,2288408923,POINT (0.3370892942741691 0.2784436155043883),,,,,,,,,,1,1,
0,32,10,"{'x': 647.2114450064047, 'y': 300.71910474473935, 'elapsedTime': 2032.2000000476837}",577263289032,2288425590,POINT (0.3370892942741691 0.2784436155043883),,,,,,,,,,1,1,
0,32,10,"{'x': 647.2114450064047, 'y': 300.71910474473935, 'elapsedTime': 2032.2000000476837}",577263305702,2288442260,POINT (0.3370892942741691 0.2784436155043883),,,,,,,,,,1,1,
0,32,10,"{'x': 689.7319385709109, 'y': 310.36373005100086, 'elapsedTime': 2089.7000000476837}",577263322370,2288458927,POINT (0.3592353846723494 0.2873738241212971),,,,,,,,,,1,1,
0,32,10,"{'x': 689.7319385709109, 'y': 310.36373005100086, 'elapsedTime': 2089.7000000476837}",577263339036,2288475593,POINT (0.3592353846723494 0.2873738241212971),,,,,,,,,,1,1,
0,32,10,"{'x': 689.7319385709109, 'y': 310.36373005100086, 'elapsedTime': 2089.7000000476837}",577263355704,2288492260,POINT (0.3592353846723494 0.2873738241212971),,,,,,,,,,1,1,
0,32,10,"{'x': 689.7319385709109, 'y': 310.36373005100086, 'elapsedTime': 2089.7000000476837}",577263372373,2288508929,POINT (0.3592353846723494 0.2873738241212971),,,,,,,,,,1,1,
0,32,10,"{'x': 752.0058541503263, 'y': 341.26204039485526, 'elapsedTime': 2151}",577263389040,2288525595,POINT (0.391669715703295 0.3159833707359771),,,,,,,,,,,1,
0,32,10,"{'x': 752.0058541503263, 'y': 341.26204039485526, 'elapsedTime': 2151}",577263405705,2288542260,POINT (0.391669715703295 0.3159833707359771),,,,,,,,,,,1,
0,32,10,"{'x': 752.0058541503263, 'y': 341.26204039485526, 'elapsedTime': 2151}",577263422372,2288558926,POINT (0.391669715703295 0.3159833707359771),,,,,,,,,,,1,
0,32,10,"{'x': 715.7618704152471, 'y': 302.6257238531953, 'elapsedTime': 2208.100000023842}",577263439045,2288575599,POINT (0.3727926408412746 0.2802090035677734),,,,,,,,,,1,1,
0,32,10,"{'x': 715.7618704152471, 'y': 302.6257238531953, 'elapsedTime': 2208.100000023842}",577263455713,2288592266,POINT (0.3727926408412746 0.2802090035677734),,,,,,,,,,1,1,
0,32,10,"{'x': 715.7618704152471, 'y': 302.6257238531953, 'elapsedTime': 2208.100000023842}",577263472379,2288608932,POINT (0.3727926408412746 0.2802090035677734),,,,,,,,,,1,1,
0,32,10,"{'x': 715.7618704152471, 'y': 302.6257238531953, 'elapsedTime': 2208.100000023842}",577263489047,2288625599,POINT (0.3727926408412746 0.2802090035677734),,,,,,,,,,1,1,
0,32,10,"{'x': 676.0848759127653, 'y': 270.1452158937257, 'elapsedTime': 2268.100000023842}",577263505713,2288642265,POINT (0.3521275395378986 0.2501344591608571),,,,,,,,,,,1,
0,32,10,"{'x': 676.0848759127653, 'y': 270.1452158937257, 'elapsedTime': 2268.100000023842}",577263522382,2288658933,POINT (0.3521275395378986 0.2501344591608571),,,,,,,,,,,1,
0,32,10,"{'x': 676.0848759127653, 'y': 270.1452158937257, 'elapsedTime': 2268.100000023842}",577263539048,2288675599,POINT (0.3521275395378986 0.2501344591608571),,,,,,,,,,,1,
0,32,10,"{'x': 669.989138941506, 'y': 235.7347414108348, 'elapsedTime': 2329.2000000476837}",577263555716,2288692266,POINT (0.3489526765320344 0.2182729087137359),,,,,,,,,,,1,
0,32,10,"{'x': 669.989138941506, 'y': 235.7347414108348, 'elapsedTime': 2329.2000000476837}",577263572386,2288708936,POINT (0.3489526765320344 0.2182729087137359),,,,,,,,,,,1,
0,32,10,"{'x': 669.989138941506, 'y': 235.7347414108348, 'elapsedTime': 2329.2000000476837}",577263589053,2288725602,POINT (0.3489526765320344 0.2182729087137359),,,,,,,,,,,1,
0,32,10,"{'x': 669.989138941506, 'y': 235.7347414108348, 'elapsedTime': 2329.2000000476837}",577263605720,2288742269,POINT (0.3489526765320344 0.2182729087137359),,,,,,,,,,,1,
0,32,10,"{'x': 699.8656704129987, 'y': 188.90316644970085, 'elapsedTime': 2383.7000000476837}",577263622387,2288758936,POINT (0.3645133700067701 0.1749103393052786),,,,,,,,,,1,,
0,32,10,"{'x': 699.8656704129987, 'y': 188.90316644970085, 'elapsedTime': 2383.7000000476837}",577263639054,2288775602,POINT (0.3645133700067701 0.1749103393052786),,,,,,,,,,1,,
0,32,10,"{'x': 699.8656704129987, 'y': 188.90316644970085, 'elapsedTime': 2383.7000000476837}",577263655720,2288792268,POINT (0.3645133700067701 0.1749103393052786),,,,,,,,,,1,,
0,32,10,"{'x': 637.2711706498761, 'y': 214.38078650334597, 'elapsedTime': 2437.2000000476837}",577263672388,2288808935,POINT (0.3319120680468105 0.1985007282438388),,,,,,,,,,,,
0,32,10,"{'x': 637.2711706498761, 'y': 214.38078650334597, 'elapsedTime': 2437.2000000476837}",577263689055,2288825602,POINT (0.3319120680468105 0.1985007282438388),,,,,,,,,,,,
0,32,10,"{'x': 637.2711706498761, 'y': 214.38078650334597, 'elapsedTime': 2437.2000000476837}",577263705727,2288842273,POINT (0.3319120680468105 0.1985007282438388),,,,,,,,,,,,
0,32,10,"{'x': 673.8938237649623, 'y': 200.10312839544366, 'elapsedTime': 2493.3000000715256}",577263722394,2288858940,POINT (0.3509863665442512 0.1852806744402256),,,,,,,,,,,,
0,32,10,"{'x': 673.8938237649623, 'y': 200.10312839544366, 'elapsedTime': 2493.3000000715256}",577263739062,2288875607,POINT (0.3509863665442512 0.1852806744402256),,,,,,,,,,,,
0,32,10,"{'x': 673.8938237649623, 'y': 200.10312839544366, 'elapsedTime': 2493.3000000715256}",577263755728,2288892273,POINT (0.3509863665442512 0.1852806744402256),,,,,,,,,,,,
0,32,10,"{'x': 677.5771973004228, 'y': 206.77608246531142, 'elapsedTime': 2548.399999976158}",577263772396,2288908940,POINT (0.3529047902606369 0.1914593356160291),,,,,,,,,,,,
0,32,10,"{'x': 677.5771973004228, 'y': 206.77608246531142, 'elapsedTime': 2548.399999976158}",577263789063,2288925607,POINT (0.3529047902606369 0.1914593356160291),,,,,,,,,,,,
0,32,10,"{'x': 677.5771973004228, 'y': 206.77608246531142, 'elapsedTime': 2548.399999976158}",577263805730,2288942273,POINT (0.3529047902606369 0.1914593356160291),,,,,,,,,,,,
0,32,10,"{'x': 677.5771973004228, 'y': 206.77608246531142, 'elapsedTime': 2548.399999976158}",577263822397,2288958940,POINT (0.3529047902606369 0.1914593356160291),,,,,,,,,,,,
0,32,10,"{'x': 678.3459703737467, 'y': 194.1434831564405, 'elapsedTime': 2603.399999976158}",577263839068,2288975610,POINT (0.3533051929029931 0.1797624844041116),,,,,,,,,,1,,
0,32,10,"{'x': 678.3459703737467, 'y': 194.1434831564405, 'elapsedTime': 2603.399999976158}",577263855735,2288992277,POINT (0.3533051929029931 0.1797624844041116),,,,,,,,,,1,,
0,32,10,"{'x': 678.3459703737467, 'y': 194.1434831564405, 'elapsedTime': 2603.399999976158}",577263872402,2289008943,POINT (0.3533051929029931 0.1797624844041116),,,,,,,,,,1,,
0,32,10,"{'x': 678.3459703737467, 'y': 194.1434831564405, 'elapsedTime': 2603.399999976158}",577263889069,2289025610,POINT (0.3533051929029931 0.1797624844041116),,,,,,,,,,1,,
0,32,10,"{'x': 673.8793087259634, 'y': 234.14164615601783, 'elapsedTime': 2665}",577263905737,2289042277,POINT (0.3509788066281059 0.2167978205148313),,,,,,,,,,,1,
0,32,10,"{'x': 673.8793087259634, 'y': 234.14164615601783, 'elapsedTime': 2665}",577263922403,2289058943,POINT (0.3509788066281059 0.2167978205148313),,,,,,,,,,,1,
0,32,10,"{'x': 673.8793087259634, 'y': 234.14164615601783, 'elapsedTime': 2665}",577263939071,2289075610,POINT (0.3509788066281059 0.2167978205148313),,,,,,,,,,,1,
0,32,10,"{'x': 731.1070499919958, 'y': 263.4564176251918, 'elapsedTime': 2721.399999976158}",577263955738,2289092277,POINT (0.3807849218708312 0.2439411274307332),,,,,,,,,,,1,
0,32,10,"{'x': 731.1070499919958, 'y': 263.4564176251918, 'elapsedTime': 2721.399999976158}",577263972411,2289108949,POINT (0.3807849218708312 0.2439411274307332),,,,,,,,,,,1,
0,32,10,"{'x': 731.1070499919958, 'y': 263.4564176251918, 'elapsedTime': 2721.399999976158}",577263989078,2289125616,POINT (0.3807849218708312 0.2439411274307332),,,,,,,,,,,1,
0,32,10,"{'x': 731.1070499919958, 'y': 263.4564176251918, 'elapsedTime': 2721.399999976158}",577264005745,2289142282,POINT (0.3807849218708312 0.2439411274307332),,,,,,,,,,,1,
0,32,10,"{'x': 731.1070499919958, 'y': 263.4564176251918, 'elapsedTime': 2721.399999976158}",577264022412,2289158949,POINT (0.3807849218708312 0.2439411274307332),,,,,,,,,,,1,
0,32,10,"{'x': 731.1070499919958, 'y': 263.4564176251918, 'elapsedTime': 2721.399999976158}",577264039080,2289175616,POINT (0.3807849218708312 0.2439411274307332),,,,,,,,,,,1,
0,32,10,"{'x': 731.1070499919958, 'y': 263.4564176251918, 'elapsedTime': 2721.399999976158}",577264055747,2289192283,POINT (0.3807849218708312 0.2439411274307332),,,,,,,,,,,1,
0,32,10,"{'x': 731.1070499919958, 'y': 263.4564176251918, 'elapsedTime': 2721.399999976158}",577264072414,2289208949,POINT (0.3807849218708312 0.2439411274307332),,,,,,,,,,,1,
0,32,10,"{'x': 731.1070499919958, 'y': 263.4564176251918, 'elapsedTime': 2721.399999976158}",577264089081,2289225616,POINT (0.3807849218708312 0.2439411274307332),,,,,,,,,,,1,
0,32,10,"{'x': 753.6566254965996, 'y': 366.0768739711165, 'elapsedTime': 2778.5}",577264105751,2289242285,POINT (0.3925294924461457 0.3389600684917746),,,,,,,,,,,,
0,32,10,"{'x': 753.6566254965996, 'y': 366.0768739711165, 'elapsedTime': 2778.5}",577264122417,2289258951,POINT (0.3925294924461457 0.3389600684917746),,,,,,,,,,,,
0,32,10,"{'x': 686.5589017134047, 'y': 358.7936066507484, 'elapsedTime': 2917.3000000715256}",577264139084,2289275618,POINT (0.3575827613090649 0.3322163024543967),,,,,,,,,,,,
0,32,10,"{'x': 686.5589017134047, 'y': 358.7936066507484, 'elapsedTime': 2917.3000000715256}",577264155752,2289292285,POINT (0.3575827613090649 0.3322163024543967),,,,,,,,,,,,
0,32,10,"{'x': 686.5589017134047, 'y': 358.7936066507484, 'elapsedTime': 2917.3000000715256}",577264172418,2289308951,POINT (0.3575827613090649 0.3322163024543967),,,,,,,,,,,,
0,32,10,"{'x': 686.5589017134047, 'y': 358.7936066507484, 'elapsedTime': 2917.3000000715256}",577264189086,2289325618,POINT (0.3575827613090649 0.3322163024543967),,,,,,,,,,,,
0,32,10,"{'x': 564.6983931738778, 'y': 349.563915200698, 'elapsedTime': 2968.600000023842}",577264205753,2289342285,POINT (0.294113746444728 0.3236702918524981),,,,,,,,,,,,
0,32,10,"{'x': 564.6983931738778, 'y': 349.563915200698, 'elapsedTime': 2968.600000023842}",577264222427,2289358958,POINT (0.294113746444728 0.3236702918524981),,,,,,,,,,,,
0,32,10,"{'x': 564.6983931738778, 'y': 349.563915200698, 'elapsedTime': 2968.600000023842}",577264239094,2289375625,POINT (0.294113746444728 0.3236702918524981),,,,,,,,,,,,
0,32,10,"{'x': 509.58336445729367, 'y': 356.1163360287051, 'elapsedTime': 3019.100000023842}",577264255761,2289392291,POINT (0.2654080023215071 0.3297373481747269),,,,,,,,,,,,
0,32,10,"{'x': 509.58336445729367, 'y': 356.1163360287051, 'elapsedTime': 3019.100000023842}",577264272428,2289408958,POINT (0.2654080023215071 0.3297373481747269),,,,,,,,,,,,
0,32,10,"{'x': 509.58336445729367, 'y': 356.1163360287051, 'elapsedTime': 3019.100000023842}",577264289096,2289425625,POINT (0.2654080023215071 0.3297373481747269),,,,,,,,,,,,
0,32,10,"{'x': 509.58336445729367, 'y': 356.1163360287051, 'elapsedTime': 3019.100000023842}",577264305762,2289442291,POINT (0.2654080023215071 0.3297373481747269),,,,,,,,,,,,
0,32,10,"{'x': 610.5828171943563, 'y': 362.3453202459857, 'elapsedTime': 3081.100000023842}",577264322430,2289458958,POINT (0.3180118839553939 0.3355049261536905),,,,,,,,,,,,
0,32,10,"{'x': 610.5828171943563, 'y': 362.3453202459857, 'elapsedTime': 3081.100000023842}",577264339097,2289475625,POINT (0.3180118839553939 0.3355049261536905),,,,,,,,,,,,
0,32,10,"{'x': 610.5828171943563, 'y': 362.3453202459857, 'elapsedTime': 3081.100000023842}",577264355769,2289492296,POINT (0.3180118839553939 0.3355049261536905),,,,,,,,,,,,
0,32,10,"{'x': 554.3591054324417, 'y': 350.04545184647156, 'elapsedTime': 3140.8000000715256}",577264372436,2289508963,POINT (0.2887287007460634 0.3241161591171033),,,,,,,,,,,,
0,32,10,"{'x': 554.3591054324417, 'y': 350.04545184647156, 'elapsedTime': 3140.8000000715256}",577264389104,2289525630,POINT (0.2887287007460634 0.3241161591171033),,,,,,,,,,,,
0,32,10,"{'x': 554.3591054324417, 'y': 350.04545184647156, 'elapsedTime': 3140.8000000715256}",577264405770,2289542296,POINT (0.2887287007460634 0.3241161591171033),,,,,,,,,,,,
0,32,10,"{'x': 554.3591054324417, 'y': 350.04545184647156, 'elapsedTime': 3140.8000000715256}",577264422438,2289558963,POINT (0.2887287007460634 0.3241161591171033),,,,,,,,,,,,
0,32,10,"{'x': 548.9412793123771, 'y': 320.7480620781949, 'elapsedTime': 3197.600000023842}",577264439105,2289575630,POINT (0.2859069163085298 0.296988946368699),,,,,,,,,,,,
0,32,10,"{'x': 548.9412793123771, 'y': 320.7480620781949, 'elapsedTime': 3197.600000023842}",577264455772,2289592296,POINT (0.2859069163085298 0.296988946368699),,,,,,,,,,,,
0,32,10,"{'x': 548.9412793123771, 'y': 320.7480620781949, 'elapsedTime': 3197.600000023842}",577264472439,2289608963,POINT (0.2859069163085298 0.296988946368699),,,,,,,,,,,,
0,32,10,"{'x': 548.9412793123771, 'y': 320.7480620781949, 'elapsedTime': 3197.600000023842}",577264489112,2289625635,POINT (0.2859069163085298 0.296988946368699),,,,,,,,,,,,
0,32,10,"{'x': 538.0828633083235, 'y': 246.48433996987467, 'elapsedTime': 3263.3000000715256}",577264505778,2289642301,POINT (0.2802514913064185 0.2282262407128469),,,,,,,,,,,1,
0,32,10,"{'x': 538.0828633083235, 'y': 246.48433996987467, 'elapsedTime': 3263.3000000715256}",577264522446,2289658968,POINT (0.2802514913064185 0.2282262407128469),,,,,,,,,,,1,
0,32,10,"{'x': 538.0828633083235, 'y': 246.48433996987467, 'elapsedTime': 3263.3000000715256}",577264539113,2289675635,POINT (0.2802514913064185 0.2282262407128469),,,,,,,,,,,1,
0,32,10,"{'x': 589.1890613139277, 'y': 257.08190505970305, 'elapsedTime': 3328.5}",577264555780,2289692301,POINT (0.3068693027676707 0.2380388009812065),,,,,,,,,,,1,
0,32,10,"{'x': 589.1890613139277, 'y': 257.08190505970305, 'elapsedTime': 3328.5}",577264572447,2289708968,POINT (0.3068693027676707 0.2380388009812065),,,,,,,,,,,1,
0,32,10,"{'x': 589.1890613139277, 'y': 257.08190505970305, 'elapsedTime': 3328.5}",577264589114,2289725634,POINT (0.3068693027676707 0.2380388009812065),,,,,,,,,,,1,
0,32,10,"{'x': 551.6024492857844, 'y': 237.18214159416968, 'elapsedTime': 3382.8000000715256}",577264605781,2289742301,POINT (0.287292942336346 0.2196130940686756),,,,,,,,,,,1,
0,32,10,"{'x': 551.6024492857844, 'y': 237.18214159416968, 'elapsedTime': 3382.8000000715256}",577264622452,2289758972,POINT (0.287292942336346 0.2196130940686756),,,,,,,,,,,1,
0,32,10,"{'x': 551.6024492857844, 'y': 237.18214159416968, 'elapsedTime': 3382.8000000715256}",577264639120,2289775639,POINT (0.287292942336346 0.2196130940686756),,,,,,,,,,,1,
0,32,10,"{'x': 551.6024492857844, 'y': 237.18214159416968, 'elapsedTime': 3382.8000000715256}",577264655786,2289792305,POINT (0.287292942336346 0.2196130940686756),,,,,,,,,,,1,
0,32,10,"{'x': 551.6024492857844, 'y': 237.18214159416968, 'elapsedTime': 3382.8000000715256}",577264672453,2289808971,POINT (0.287292942336346 0.2196130940686756),,,,,,,,,,,1,
0,32,10,"{'x': 648.2305986016087, 'y': 352.74440953736007, 'elapsedTime': 3431.399999976158}",577264689118,2289825636,POINT (0.3376201034383379 0.3266151940160741),,,,,,,,,,,,
0,32,10,"{'x': 648.2305986016087, 'y': 352.74440953736007, 'elapsedTime': 3431.399999976158}",577264705786,2289842303,POINT (0.3376201034383379 0.3266151940160741),,,,,,,,,,,,
0,32,10,"{'x': 648.2305986016087, 'y': 352.74440953736007, 'elapsedTime': 3431.399999976158}",577264722453,2289858970,POINT (0.3376201034383379 0.3266151940160741),,,,,,,,,,,,
0,32,10,"{'x': 657.2225146751043, 'y': 415.6421984544234, 'elapsedTime': 3510.3000000715256}",577264739121,2289875637,POINT (0.3423033930599502 0.3848538874577995),,,,,,,,,,,,
0,32,10,"{'x': 657.2225146751043, 'y': 415.6421984544234, 'elapsedTime': 3510.3000000715256}",577264755794,2289892310,POINT (0.3423033930599502 0.3848538874577995),,,,,,,,,,,,
0,32,10,"{'x': 657.2225146751043, 'y': 415.6421984544234, 'elapsedTime': 3510.3000000715256}",577264772462,2289908977,POINT (0.3423033930599502 0.3848538874577995),,,,,,,,,,,,
0,32,10,"{'x': 687.5660887393001, 'y': 403.1290636561505, 'elapsedTime': 3560.399999976158}",577264789128,2289925643,POINT (0.3581073378850521 0.3732676515334727),,,,,,,,,,,,
0,32,10,"{'x': 687.5660887393001, 'y': 403.1290636561505, 'elapsedTime': 3560.399999976158}",577264805796,2289942310,POINT (0.3581073378850521 0.3732676515334727),,,,,,,,,,,,
0,32,10,"{'x': 687.5660887393001, 'y': 403.1290636561505, 'elapsedTime': 3560.399999976158}",577264822463,2289958977,POINT (0.3581073378850521 0.3732676515334727),,,,,,,,,,,,
0,32,10,"{'x': 624.5419957107781, 'y': 371.93442422231715, 'elapsedTime': 3610.600000023842}",577264839131,2289975644,POINT (0.3252822894326969 0.3443837261317752),,,,,,,,,,,,
0,32,10,"{'x': 624.5419957107781, 'y': 371.93442422231715, 'elapsedTime': 3610.600000023842}",577264855797,2289992310,POINT (0.3252822894326969 0.3443837261317752),,,,,,,,,,,,
0,32,10,"{'x': 624.5419957107781, 'y': 371.93442422231715, 'elapsedTime': 3610.600000023842}",577264872464,2290008976,POINT (0.3252822894326969 0.3443837261317752),,,,,,,,,,,,
0,32,10,"{'x': 624.5419957107781, 'y': 371.93442422231715, 'elapsedTime': 3610.600000023842}",577264889138,2290025650,POINT (0.3252822894326969 0.3443837261317752),,,,,,,,,,,,
0,32,10,"{'x': 613.6781616742385, 'y': 328.7725485653318, 'elapsedTime': 3666.7000000476837}",577264905805,2290042316,POINT (0.3196240425386659 0.3044190264493813),,,,,,,,,,,,
0,32,10,"{'x': 613.6781616742385, 'y': 328.7725485653318, 'elapsedTime': 3666.7000000476837}",577264922472,2290058983,POINT (0.3196240425386659 0.3044190264493813),,,,,,,,,,,,
0,32,10,"{'x': 613.6781616742385, 'y': 328.7725485653318, 'elapsedTime': 3666.7000000476837}",577264939139,2290075649,POINT (0.3196240425386659 0.3044190264493813),,,,,,,,,,,,
0,32,10,"{'x': 627.4737288431777, 'y': 340.0487451856985, 'elapsedTime': 3722.399999976158}",577264955806,2290092316,POINT (0.3268092337724884 0.3148599492460171),,,,,,,,,,,,
0,32,10,"{'x': 627.4737288431777, 'y': 340.0487451856985, 'elapsedTime': 3722.399999976158}",577264972473,2290108982,POINT (0.3268092337724884 0.3148599492460171),,,,,,,,,,,,
0,32,10,"{'x': 627.4737288431777, 'y': 340.0487451856985, 'elapsedTime': 3722.399999976158}",577264989140,2290125649,POINT (0.3268092337724884 0.3148599492460171),,,,,,,,,,,,
0,32,10,"{'x': 627.4737288431777, 'y': 340.0487451856985, 'elapsedTime': 3722.399999976158}",577265005808,2290142316,POINT (0.3268092337724884 0.3148599492460171),,,,,,,,,,,,
0,32,10,"{'x': 755.328530350992, 'y': 476.6962163469599, 'elapsedTime': 3777.8000000715256}",577265022478,2290158986,POINT (0.393400276224475 0.4413853855064444),,,,,,,,,,,,
0,32,10,"{'x': 755.328530350992, 'y': 476.6962163469599, 'elapsedTime': 3777.8000000715256}",577265039145,2290175652,POINT (0.393400276224475 0.4413853855064444),,,,,,,,,,,,
0,32,10,"{'x': 755.328530350992, 'y': 476.6962163469599, 'elapsedTime': 3777.8000000715256}",577265055812,2290192319,POINT (0.393400276224475 0.4413853855064444),,,,,,,,,,,,
0,32,10,"{'x': 863.4122155930435, 'y': 595.3882732260083, 'elapsedTime': 3828.899999976158}",577265072480,2290208986,POINT (0.4496938622880435 0.55128543817223),,,,,,,,,,,1,
0,32,10,"{'x': 863.4122155930435, 'y': 595.3882732260083, 'elapsedTime': 3828.899999976158}",577265089146,2290225652,POINT (0.4496938622880435 0.55128543817223),,,,,,,,,,,1,
0,32,10,"{'x': 863.4122155930435, 'y': 595.3882732260083, 'elapsedTime': 3828.899999976158}",577265105813,2290242319,POINT (0.4496938622880435 0.55128543817223),,,,,,,,,,,1,
0,32,10,"{'x': 863.4122155930435, 'y': 595.3882732260083, 'elapsedTime': 3828.899999976158}",577265122481,2290258986,POINT (0.4496938622880435 0.55128543817223),,,,,,,,,,,1,
0,32,10,"{'x': 871.662961764568, 'y': 579.0013287595116, 'elapsedTime': 3903.399999976158}",577265139153,2290275658,POINT (0.4539911259190458 0.5361123414439922),,,,,,,,,,,1,
0,32,10,"{'x': 871.662961764568, 'y': 579.0013287595116, 'elapsedTime': 3903.399999976158}",577265155820,2290292324,POINT (0.4539911259190458 0.5361123414439922),,,,,,,,,,,1,
0,32,10,"{'x': 871.662961764568, 'y': 579.0013287595116, 'elapsedTime': 3903.399999976158}",577265172488,2290308992,POINT (0.4539911259190458 0.5361123414439922),,,,,,,,,,,1,
0,32,10,"{'x': 802.193716299459, 'y': 555.2795257383555, 'elapsedTime': 3966.7000000476837}",577265189155,2290325658,POINT (0.4178092272393015 0.5141477090169958),,,,,,,,,,,1,
0,32,10,"{'x': 802.193716299459, 'y': 555.2795257383555, 'elapsedTime': 3966.7000000476837}",577265205822,2290342325,POINT (0.4178092272393015 0.5141477090169958),,,,,,,,,,,1,
0,32,10,"{'x': 802.193716299459, 'y': 555.2795257383555, 'elapsedTime': 3966.7000000476837}",577265222490,2290358992,POINT (0.4178092272393015 0.5141477090169958),,,,,,,,,,,1,
0,32,10,"{'x': 791.1394375073074, 'y': 458.4236831323243, 'elapsedTime': 4016.8000000715256}",577265239156,2290375658,POINT (0.4120517903683893 0.4244663732706707),,,,,,,,,,,,
0,32,10,"{'x': 791.1394375073074, 'y': 458.4236831323243, 'elapsedTime': 4016.8000000715256}",577265255823,2290392324,POINT (0.4120517903683893 0.4244663732706707),,,,,,,,,,,,
0,32,10,"{'x': 791.1394375073074, 'y': 458.4236831323243, 'elapsedTime': 4016.8000000715256}",577265272492,2290408993,POINT (0.4120517903683893 0.4244663732706707),,,,,,,,,,,,
0,32,10,"{'x': 791.1394375073074, 'y': 458.4236831323243, 'elapsedTime': 4016.8000000715256}",577265289160,2290425660,POINT (0.4120517903683893 0.4244663732706707),,,,,,,,,,,,
0,32,10,"{'x': 809.6943232797914, 'y': 387.69331255117595, 'elapsedTime': 4069.8000000715256}",577265305826,2290442326,POINT (0.4217157933748914 0.358975289399237),,,,,,,,,,,,
0,32,10,"{'x': 809.6943232797914, 'y': 387.69331255117595, 'elapsedTime': 4069.8000000715256}",577265322494,2290458993,POINT (0.4217157933748914 0.358975289399237),,,,,,,,,,,,
0,32,10,"{'x': 809.6943232797914, 'y': 387.69331255117595, 'elapsedTime': 4069.8000000715256}",577265339161,2290475660,POINT (0.4217157933748914 0.358975289399237),,,,,,,,,,,,
0,32,10,"{'x': 770.0995777119641, 'y': 317.86087036594887, 'elapsedTime': 4126.300000071526}",577265355829,2290492327,POINT (0.4010935300583147 0.2943156207092119),,,,,,,,,,1,1,
0,32,10,"{'x': 770.0995777119641, 'y': 317.86087036594887, 'elapsedTime': 4126.300000071526}",577265372495,2290508993,POINT (0.4010935300583147 0.2943156207092119),,,,,,,,,,1,1,
0,32,10,"{'x': 770.0995777119641, 'y': 317.86087036594887, 'elapsedTime': 4126.300000071526}",577265389163,2290525660,POINT (0.4010935300583147 0.2943156207092119),,,,,,,,,,1,1,
0,32,10,"{'x': 831.1706608977145, 'y': 355.7697178754233, 'elapsedTime': 4181.899999976158}",577265405836,2290542333,POINT (0.4329013858842263 0.3294164054402067),,,,,,,,,,,1,
0,32,10,"{'x': 831.1706608977145, 'y': 355.7697178754233, 'elapsedTime': 4181.899999976158}",577265422503,2290558999,POINT (0.4329013858842263 0.3294164054402067),,,,,,,,,,,1,
0,32,10,"{'x': 831.1706608977145, 'y': 355.7697178754233, 'elapsedTime': 4181.899999976158}",577265439170,2290575666,POINT (0.4329013858842263 0.3294164054402067),,,,,,,,,,,1,
0,32,10,"{'x': 831.1706608977145, 'y': 355.7697178754233, 'elapsedTime': 4181.899999976158}",577265455837,2290592332,POINT (0.4329013858842263 0.3294164054402067),,,,,,,,,,,1,
0,32,10,"{'x': 786.0549579480528, 'y': 339.47516099871814, 'elapsedTime': 4235.100000023842}",577265472504,2290608999,POINT (0.4094036239312775 0.3143288527765909),,,,,,,,,,,1,
0,32,10,"{'x': 786.0549579480528, 'y': 339.47516099871814, 'elapsedTime': 4235.100000023842}",577265489172,2290625666,POINT (0.4094036239312775 0.3143288527765909),,,,,,,,,,,1,
0,32,10,"{'x': 786.0549579480528, 'y': 339.47516099871814, 'elapsedTime': 4235.100000023842}",577265505839,2290642333,POINT (0.4094036239312775 0.3143288527765909),,,,,,,,,,,1,
0,32,10,"{'x': 715.1393818538543, 'y': 293.43419775950804, 'elapsedTime': 4290.5}",577265522506,2290658999,POINT (0.3724684280488824 0.2716983312588037),,,,,,,,,,1,1,
0,32,10,"{'x': 715.1393818538543, 'y': 293.43419775950804, 'elapsedTime': 4290.5}",577265539177,2290675670,POINT (0.3724684280488824 0.2716983312588037),,,,,,,,,,1,1,
0,32,10,"{'x': 715.1393818538543, 'y': 293.43419775950804, 'elapsedTime': 4290.5}",577265555846,2290692338,POINT (0.3724684280488824 0.2716983312588037),,,,,,,,,,1,1,
0,32,10,"{'x': 665.4086577624103, 'y': 227.98156107947577, 'elapsedTime': 4342.899999976158}",577265572512,2290709004,POINT (0.3465670092512553 0.2110940380365516),,,,,,,,,,,,
0,32,10,"{'x': 665.4086577624103, 'y': 227.98156107947577, 'elapsedTime': 4342.899999976158}",577265589180,2290725671,POINT (0.3465670092512553 0.2110940380365516),,,,,,,,,,,,
0,32,10,"{'x': 665.4086577624103, 'y': 227.98156107947577, 'elapsedTime': 4342.899999976158}",577265605847,2290742338,POINT (0.3465670092512553 0.2110940380365516),,,,,,,,,,,,
0,32,10,"{'x': 592.8157782294852, 'y': 215.98791799575721, 'elapsedTime': 4397.600000023842}",577265622513,2290759004,POINT (0.3087582178278569 0.1999888129590344),,,,,,,,,,,,
0,32,10,"{'x': 592.8157782294852, 'y': 215.98791799575721, 'elapsedTime': 4397.600000023842}",577265639181,2290775671,POINT (0.3087582178278569 0.1999888129590344),,,,,,,,,,,,
0,32,10,"{'x': 592.8157782294852, 'y': 215.98791799575721, 'elapsedTime': 4397.600000023842}",577265655848,2290792338,POINT (0.3087582178278569 0.1999888129590344),,,,,,,,,,,,
0,32,10,"{'x': 592.8157782294852, 'y': 215.98791799575721, 'elapsedTime': 4397.600000023842}",577265672517,2290809006,POINT (0.3087582178278569 0.1999888129590344),,,,,,,,,,,,
0,32,10,"{'x': 517.2086959088269, 'y': 218.60940317938395, 'elapsedTime': 4450.100000023842}",577265689184,2290825673,POINT (0.2693795291191807 0.2024161140549851),,,,,,,,,,,,
0,32,10,"{'x': 517.2086959088269, 'y': 218.60940317938395, 'elapsedTime': 4450.100000023842}",577265705852,2290842340,POINT (0.2693795291191807 0.2024161140549851),,,,,,,,,,,,
0,32,10,"{'x': 517.2086959088269, 'y': 218.60940317938395, 'elapsedTime': 4450.100000023842}",577265722518,2290859006,POINT (0.2693795291191807 0.2024161140549851),,,,,,,,,,,,
0,32,10,"{'x': 552.8386013583047, 'y': 190.80123809720482, 'elapsedTime': 4503.300000071526}",577265739186,2290875673,POINT (0.2879367715407837 0.1766678130529674),,,,,,,,,,,,
0,32,10,"{'x': 552.8386013583047, 'y': 190.80123809720482, 'elapsedTime': 4503.300000071526}",577265755852,2290892339,POINT (0.2879367715407837 0.1766678130529674),,,,,,,,,,,,
0,32,10,"{'x': 552.8386013583047, 'y': 190.80123809720482, 'elapsedTime': 4503.300000071526}",577265772520,2290909006,POINT (0.2879367715407837 0.1766678130529674),,,,,,,,,,,,
0,32,10,"{'x': 562.2204731017031, 'y': 187.22847720845695, 'elapsedTime': 4557}",577265789187,2290925673,POINT (0.2928231630738037 0.1733597011189416),,,,,,,,,,,,
0,32,10,"{'x': 562.2204731017031, 'y': 187.22847720845695, 'elapsedTime': 4557}",577265805860,2290942345,POINT (0.2928231630738037 0.1733597011189416),,,,,,,,,,,,
0,32,10,"{'x': 562.2204731017031, 'y': 187.22847720845695, 'elapsedTime': 4557}",577265822527,2290959012,POINT (0.2928231630738037 0.1733597011189416),,,,,,,,,,,,
0,32,10,"{'x': 562.2204731017031, 'y': 187.22847720845695, 'elapsedTime': 4557}",577265839195,2290975679,POINT (0.2928231630738037 0.1733597011189416),,,,,,,,,,,,
0,32,10,"{'x': 562.2204731017031, 'y': 187.22847720845695, 'elapsedTime': 4557}",577265855861,2290992345,POINT (0.2928231630738037 0.1733597011189416),,,,,,,,,,,,
0,32,10,"{'x': 562.2204731017031, 'y': 187.22847720845695, 'elapsedTime': 4557}",577265872529,2291009012,POINT (0.2928231630738037 0.1733597011189416),,,,,,,,,,,,
0,32,10,"{'x': 686.6196833363431, 'y': 183.48625249673572, 'elapsedTime': 4631}",577265889195,2291025678,POINT (0.3576144184043454 0.1698946782377183),,,,,,,,,,1,,
0,32,10,"{'x': 686.6196833363431, 'y': 183.48625249673572, 'elapsedTime': 4631}",577265905863,2291042345,POINT (0.3576144184043454 0.1698946782377183),,,,,,,,,,1,,
0,32,10,"{'x': 686.6196833363431, 'y': 183.48625249673572, 'elapsedTime': 4631}",577265922530,2291059012,POINT (0.3576144184043454 0.1698946782377183),,,,,,,,,,1,,
0,32,10,"{'x': 621.4307110996637, 'y': 177.49918268697508, 'elapsedTime': 4718.600000023842}",577265939204,2291075685,POINT (0.3236618286977415 0.1643510950805325),,,,,,,,,,1,,
0,32,10,"{'x': 621.4307110996637, 'y': 177.49918268697508, 'elapsedTime': 4718.600000023842}",577265955872,2291092353,POINT (0.3236618286977415 0.1643510950805325),,,,,,,,,,1,,
0,32,10,"{'x': 621.4307110996637, 'y': 177.49918268697508, 'elapsedTime': 4718.600000023842}",577265972538,2291109018,POINT (0.3236618286977415 0.1643510950805325),,,,,,,,,,1,,
0,32,10,"{'x': 722.2131090849347, 'y': 342.37987814823214, 'elapsedTime': 4762.600000023842}",577265989206,2291125686,POINT (0.3761526609817368 0.3170184056928075),,,,,,,,,,,1,
0,32,10,"{'x': 722.2131090849347, 'y': 342.37987814823214, 'elapsedTime': 4762.600000023842}",577266005872,2291142351,POINT (0.3761526609817368 0.3170184056928075),,,,,,,,,,,1,
0,32,10,"{'x': 722.2131090849347, 'y': 342.37987814823214, 'elapsedTime': 4762.600000023842}",577266022539,2291159018,POINT (0.3761526609817368 0.3170184056928075),,,,,,,,,,,1,
0,32,10,"{'x': 722.2131090849347, 'y': 342.37987814823214, 'elapsedTime': 4762.600000023842}",577266039206,2291175684,POINT (0.3761526609817368 0.3170184056928075),,,,,,,,,,,1,
0,32,10,"{'x': 781.5417923658456, 'y': 454.2302218774913, 'elapsedTime': 4805.899999976158}",577266055879,2291192357,POINT (0.4070530168572112 0.4205835387754549),,,,,,,,,,,,
0,32,10,"{'x': 781.5417923658456, 'y': 454.2302218774913, 'elapsedTime': 4805.899999976158}",577266072546,2291209023,POINT (0.4070530168572112 0.4205835387754549),,,,,,,,,,,,
0,32,10,"{'x': 781.5417923658456, 'y': 454.2302218774913, 'elapsedTime': 4805.899999976158}",577266089214,2291225691,POINT (0.4070530168572112 0.4205835387754549),,,,,,,,,,,,
0,32,10,"{'x': 781.5417923658456, 'y': 454.2302218774913, 'elapsedTime': 4805.899999976158}",577266105880,2291242357,POINT (0.4070530168572112 0.4205835387754549),,,,,,,,,,,,
0,32,10,"{'x': 781.5417923658456, 'y': 454.2302218774913, 'elapsedTime': 4805.899999976158}",577266122548,2291259024,POINT (0.4070530168572112 0.4205835387754549),,,,,,,,,,,,
0,32,10,"{'x': 771.1168739785843, 'y': 436.58154837924974, 'elapsedTime': 4871.200000047684}",577266139215,2291275691,POINT (0.401623371863846 0.4042421744252312),,,,,,,,,,,,
0,32,10,"{'x': 771.1168739785843, 'y': 436.58154837924974, 'elapsedTime': 4871.200000047684}",577266155882,2291292357,POINT (0.401623371863846 0.4042421744252312),,,,,,,,,,,,
0,32,10,"{'x': 771.1168739785843, 'y': 436.58154837924974, 'elapsedTime': 4871.200000047684}",577266172549,2291309024,POINT (0.401623371863846 0.4042421744252312),,,,,,,,,,,,
0,32,10,"{'x': 771.1168739785843, 'y': 436.58154837924974, 'elapsedTime': 4871.200000047684}",577266189219,2291325693,POINT (0.401623371863846 0.4042421744252312),,,,,,,,,,,,
0,32,10,"{'x': 771.4993777112774, 'y': 401.40404170802907, 'elapsedTime': 4958.300000071526}",577266205885,2291342359,POINT (0.4018225925579569 0.3716704089889158),,,,,,,,,,,,
0,32,10,"{'x': 771.4993777112774, 'y': 401.40404170802907, 'elapsedTime': 4958.300000071526}",577266222553,2291359026,POINT (0.4018225925579569 0.3716704089889158),,,,,,,,,,,,
0,32,10,"{'x': 771.4993777112774, 'y': 401.40404170802907, 'elapsedTime': 4958.300000071526}",577266239219,2291375692,POINT (0.4018225925579569 0.3716704089889158),,,,,,,,,,,,
0,32,10,"{'x': 832.3247175763984, 'y': 402.61670459825507, 'elapsedTime': 5018.800000071526}",577266255887,2291392359,POINT (0.4335024570710408 0.3727932449983843),,,,,,,,,,,,
0,32,10,"{'x': 832.3247175763984, 'y': 402.61670459825507, 'elapsedTime': 5018.800000071526}",577266272553,2291409025,POINT (0.4335024570710408 0.3727932449983843),,,,,,,,,,,,
0,32,10,"{'x': 832.3247175763984, 'y': 402.61670459825507, 'elapsedTime': 5018.800000071526}",577266289221,2291425692,POINT (0.4335024570710408 0.3727932449983843),,,,,,,,,,,,
0,32,10,"{'x': 808.3962962773378, 'y': 359.296136800115, 'elapsedTime': 5068.399999976158}",577266305888,2291442359,POINT (0.4210397376444467 0.3326816081482546),,,,,,,,,,,1,
0,32,10,"{'x': 808.3962962773378, 'y': 359.296136800115, 'elapsedTime': 5068.399999976158}",577266322559,2291459029,POINT (0.4210397376444467 0.3326816081482546),,,,,,,,,,,1,
0,32,10,"{'x': 750.8479007213862, 'y': 312.339383532632, 'elapsedTime': 5112.100000023842}",577266339226,2291475696,POINT (0.3910666149590553 0.2892031329005852),,,,,,,,,,1,1,
0,32,10,"{'x': 750.8479007213862, 'y': 312.339383532632, 'elapsedTime': 5112.100000023842}",577266355894,2291492363,POINT (0.3910666149590553 0.2892031329005852),,,,,,,,,,1,1,
0,32,10,"{'x': 750.8479007213862, 'y': 312.339383532632, 'elapsedTime': 5112.100000023842}",577266372560,2291509029,POINT (0.3910666149590553 0.2892031329005852),,,,,,,,,,1,1,
0,32,10,"{'x': 748.4160279895505, 'y': 291.2163796927925, 'elapsedTime': 5155.800000071526}",577266389228,2291525696,POINT (0.3898000145778909 0.2696447960118449),,,,,,,,,,1,1,
0,32,10,"{'x': 748.4160279895505, 'y': 291.2163796927925, 'elapsedTime': 5155.800000071526}",577266405895,2291542363,POINT (0.3898000145778909 0.2696447960118449),,,,,,,,,,1,1,
0,32,10,"{'x': 748.4160279895505, 'y': 291.2163796927925, 'elapsedTime': 5155.800000071526}",577266422562,2291559029,POINT (0.3898000145778909 0.2696447960118449),,,,,,,,,,1,1,
0,32,10,"{'x': 761.5704139444799, 'y': 324.5650515359081, 'elapsedTime': 5202.899999976158}",577266439230,2291575697,POINT (0.39665125726275 0.3005231958665816),,,,,,,,,,,1,
0,32,10,"{'x': 761.5704139444799, 'y': 324.5650515359081, 'elapsedTime': 5202.899999976158}",577266455904,2291592370,POINT (0.39665125726275 0.3005231958665816),,,,,,,,,,,1,
0,32,10,"{'x': 761.5704139444799, 'y': 324.5650515359081, 'elapsedTime': 5202.899999976158}",577266472571,2291609037,POINT (0.39665125726275 0.3005231958665816),,,,,,,,,,,1,
0,32,10,"{'x': 764.2316257940143, 'y': 312.6298696065357, 'elapsedTime': 5258.800000071526}",577266489239,2291625703,POINT (0.3980373051010491 0.289472101487533),,,,,,,,,,1,1,
0,32,10,"{'x': 764.2316257940143, 'y': 312.6298696065357, 'elapsedTime': 5258.800000071526}",577266505906,2291642370,POINT (0.3980373051010491 0.289472101487533),,,,,,,,,,1,1,
0,32,10,"{'x': 817.1841734772564, 'y': 258.63443471777373, 'elapsedTime': 5308.399999976158}",577266522574,2291659037,POINT (0.4256167570194044 0.2394763284423831),,,,,,,,,,1,1,
0,32,10,"{'x': 817.1841734772564, 'y': 258.63443471777373, 'elapsedTime': 5308.399999976158}",577266539240,2291675703,POINT (0.4256167570194044 0.2394763284423831),,,,,,,,,,1,1,
0,32,10,"{'x': 817.1841734772564, 'y': 258.63443471777373, 'elapsedTime': 5308.399999976158}",577266555908,2291692370,POINT (0.4256167570194044 0.2394763284423831),,,,,,,,,,1,1,
0,32,10,"{'x': 817.1841734772564, 'y': 258.63443471777373, 'elapsedTime': 5308.399999976158}",577266572575,2291709037,POINT (0.4256167570194044 0.2394763284423831),,,,,,,,,,1,1,
0,32,10,"{'x': 801.9232697298538, 'y': 320.8699998199695, 'elapsedTime': 5351.800000071526}",577266589245,2291725706,POINT (0.4176683696509655 0.297101851685157),,,,,,,,,,,1,
0,32,10,"{'x': 801.9232697298538, 'y': 320.8699998199695, 'elapsedTime': 5351.800000071526}",577266605912,2291742373,POINT (0.4176683696509655 0.297101851685157),,,,,,,,,,,1,
0,32,10,"{'x': 801.9232697298538, 'y': 320.8699998199695, 'elapsedTime': 5351.800000071526}",577266622578,2291759039,POINT (0.4176683696509655 0.297101851685157),,,,,,,,,,,1,
0,32,10,"{'x': 720.5026628677667, 'y': 292.2412806128013, 'elapsedTime': 5413.800000071526}",577266639246,2291775706,POINT (0.3752618035769618 0.2705937783451864),,,,,,,,,,1,1,
0,32,10,"{'x': 720.5026628677667, 'y': 292.2412806128013, 'elapsedTime': 5413.800000071526}",577266655912,2291792372,POINT (0.3752618035769618 0.2705937783451864),,,,,,,,,,1,1,
0,32,10,"{'x': 720.5026628677667, 'y': 292.2412806128013, 'elapsedTime': 5413.800000071526}",577266672581,2291809040,POINT (0.3752618035769618 0.2705937783451864),,,,,,,,,,1,1,
0,32,10,"{'x': 712.3104571558594, 'y': 289.3075343836505, 'elapsedTime': 5464.300000071526}",577266689247,2291825706,POINT (0.3709950297686768 0.2678773466515282),,,,,,,,,,1,1,
0,32,10,"{'x': 712.3104571558594, 'y': 289.3075343836505, 'elapsedTime': 5464.300000071526}",577266705915,2291842373,POINT (0.3709950297686768 0.2678773466515282),,,,,,,,,,1,1,
0,32,10,"{'x': 726.5061944490683, 'y': 238.04376479490668, 'elapsedTime': 5507.300000071526}",577266722587,2291859045,POINT (0.3783886429422231 0.2204108933286173),,,,,,,,,,,1,
0,32,10,"{'x': 726.5061944490683, 'y': 238.04376479490668, 'elapsedTime': 5507.300000071526}",577266739254,2291875711,POINT (0.3783886429422231 0.2204108933286173),,,,,,,,,,,1,
0,32,10,"{'x': 726.5061944490683, 'y': 238.04376479490668, 'elapsedTime': 5507.300000071526}",577266755920,2291892377,POINT (0.3783886429422231 0.2204108933286173),,,,,,,,,,,1,
0,32,10,"{'x': 726.5061944490683, 'y': 238.04376479490668, 'elapsedTime': 5507.300000071526}",577266772589,2291909045,POINT (0.3783886429422231 0.2204108933286173),,,,,,,,,,,1,
0,32,10,"{'x': 636.2242415631721, 'y': 294.34054227356467, 'elapsedTime': 5553.100000023842}",577266789256,2291925711,POINT (0.3313667924808188 0.2725375391421895),,,,,,,,,,1,1,
0,32,10,"{'x': 636.2242415631721, 'y': 294.34054227356467, 'elapsedTime': 5553.100000023842}",577266805923,2291942378,POINT (0.3313667924808188 0.2725375391421895),,,,,,,,,,1,1,
0,32,10,"{'x': 609.0966364283877, 'y': 270.6598306294079, 'elapsedTime': 5601.700000047684}",577266822591,2291959045,POINT (0.3172378314731186 0.2506109542864888),,,,,,,,,,,1,
0,32,10,"{'x': 609.0966364283877, 'y': 270.6598306294079, 'elapsedTime': 5601.700000047684}",577266839258,2291975711,POINT (0.3172378314731186 0.2506109542864888),,,,,,,,,,,1,
0,32,10,"{'x': 609.0966364283877, 'y': 270.6598306294079, 'elapsedTime': 5601.700000047684}",577266855931,2291992384,POINT (0.3172378314731186 0.2506109542864888),,,,,,,,,,,1,
0,32,10,"{'x': 541.5902663233189, 'y': 311.8582987028717, 'elapsedTime': 5647.399999976158}",577266872598,2292009050,POINT (0.282078263710062 0.2887576839841405),,,,,,,,,,1,,
0,32,10,"{'x': 541.5902663233189, 'y': 311.8582987028717, 'elapsedTime': 5647.399999976158}",577266889265,2292025717,POINT (0.282078263710062 0.2887576839841405),,,,,,,,,,1,,
0,32,10,"{'x': 541.5902663233189, 'y': 311.8582987028717, 'elapsedTime': 5647.399999976158}",577266905933,2292042384,POINT (0.282078263710062 0.2887576839841405),,,,,,,,,,1,,
0,32,10,"{'x': 559.0192704867204, 'y': 376.142620344982, 'elapsedTime': 5696.899999976158}",577266922599,2292059050,POINT (0.2911558700451669 0.3482802040231315),,,,,,,,,,,,
0,32,10,"{'x': 559.0192704867204, 'y': 376.142620344982, 'elapsedTime': 5696.899999976158}",577266939267,2292075717,POINT (0.2911558700451669 0.3482802040231315),,,,,,,,,,,,
0,32,10,"{'x': 559.0192704867204, 'y': 376.142620344982, 'elapsedTime': 5696.899999976158}",577266955933,2292092383,POINT (0.2911558700451669 0.3482802040231315),,,,,,,,,,,,
0,32,10,"{'x': 608.6517638479638, 'y': 340.7203939075615, 'elapsedTime': 5742.800000071526}",577266972601,2292109050,POINT (0.3170061270041478 0.3154818462107051),,,,,,,,,,,,
0,32,10,"{'x': 608.6517638479638, 'y': 340.7203939075615, 'elapsedTime': 5742.800000071526}",577266989272,2292125721,POINT (0.3170061270041478 0.3154818462107051),,,,,,,,,,,,
0,32,10,"{'x': 608.6517638479638, 'y': 340.7203939075615, 'elapsedTime': 5742.800000071526}",577267005940,2292142388,POINT (0.3170061270041478 0.3154818462107051),,,,,,,,,,,,
0,32,10,"{'x': 620.0192402401765, 'y': 371.03677033540214, 'elapsedTime': 5790.899999976158}",577267022606,2292159054,POINT (0.3229266876250919 0.3435525651253724),,,,,,,,,,,,
0,32,10,"{'x': 620.0192402401765, 'y': 371.03677033540214, 'elapsedTime': 5790.899999976158}",577267039274,2292175721,POINT (0.3229266876250919 0.3435525651253724),,,,,,,,,,,,
0,32,10,"{'x': 620.0192402401765, 'y': 371.03677033540214, 'elapsedTime': 5790.899999976158}",577267055940,2292192387,POINT (0.3229266876250919 0.3435525651253724),,,,,,,,,,,,
0,32,10,"{'x': 757.8689373397982, 'y': 504.3637118528447, 'elapsedTime': 5849.700000047684}",577267072608,2292209054,POINT (0.3947234048644782 0.4670034369007821),,,,,,,,,,,,
0,32,10,"{'x': 757.8689373397982, 'y': 504.3637118528447, 'elapsedTime': 5849.700000047684}",577267089275,2292225721,POINT (0.3947234048644782 0.4670034369007821),,,,,,,,,,,,
0,32,10,"{'x': 757.8689373397982, 'y': 504.3637118528447, 'elapsedTime': 5849.700000047684}",577267105947,2292242393,POINT (0.3947234048644782 0.4670034369007821),,,,,,,,,,,,
0,32,10,"{'x': 730.9616543774932, 'y': 509.6858356538521, 'elapsedTime': 5893.600000023842}",577267122615,2292259059,POINT (0.3807091949882777 0.4719313293091224),,,,,,,,,,,,
0,32,10,"{'x': 730.9616543774932, 'y': 509.6858356538521, 'elapsedTime': 5893.600000023842}",577267139282,2292275726,POINT (0.3807091949882777 0.4719313293091224),,,,,,,,,,,,
0,32,10,"{'x': 708.3964269353597, 'y': 515.3181985286658, 'elapsedTime': 5938.600000023842}",577267155950,2292292393,POINT (0.3689564723621665 0.477146480119135),,,,,,,,,,,,
0,32,10,"{'x': 708.3964269353597, 'y': 515.3181985286658, 'elapsedTime': 5938.600000023842}",577267172616,2292309059,POINT (0.3689564723621665 0.477146480119135),,,,,,,,,,,,
0,32,10,"{'x': 708.3964269353597, 'y': 515.3181985286658, 'elapsedTime': 5938.600000023842}",577267189283,2292325725,POINT (0.3689564723621665 0.477146480119135),,,,,,,,,,,,
0,32,10,"{'x': 708.3964269353597, 'y': 515.3181985286658, 'elapsedTime': 5938.600000023842}",577267205950,2292342392,POINT (0.3689564723621665 0.477146480119135),,,,,,,,,,,,
0,32,10,"{'x': 662.5052193933988, 'y': 465.84277098588234, 'elapsedTime': 5984}",577267222618,2292359059,POINT (0.3450548017673952 0.4313358990610022),,,,,,,,,,,,
0,32,10,"{'x': 662.5052193933988, 'y': 465.84277098588234, 'elapsedTime': 5984}",577267239289,2292375730,POINT (0.3450548017673952 0.4313358990610022),,,,,,,,,,,,
0,32,10,"{'x': 662.5052193933988, 'y': 465.84277098588234, 'elapsedTime': 5984}",577267255956,2292392396,POINT (0.3450548017673952 0.4313358990610022),,,,,,,,,,,,
0,32,10,"{'x': 614.6017628826913, 'y': 436.05263399333467, 'elapsedTime': 6035.600000023842}",577267272623,2292409063,POINT (0.320105084834735 0.4037524388827173),,,,,,,,,,,,
0,32,10,"{'x': 614.6017628826913, 'y': 436.05263399333467, 'elapsedTime': 6035.600000023842}",577267289291,2292425730,POINT (0.320105084834735 0.4037524388827173),,,,,,,,,,,,
0,32,10,"{'x': 597.7736494204707, 'y': 341.7519351660643, 'elapsedTime': 6089.399999976158}",577267305957,2292442396,POINT (0.3113404424064952 0.3164369770056151),,,,,,,,,,,,
0,32,10,"{'x': 597.7736494204707, 'y': 341.7519351660643, 'elapsedTime': 6089.399999976158}",577267322625,2292459063,POINT (0.3113404424064952 0.3164369770056151),,,,,,,,,,,,
0,32,10,"{'x': 597.7736494204707, 'y': 341.7519351660643, 'elapsedTime': 6089.399999976158}",577267339292,2292475730,POINT (0.3113404424064952 0.3164369770056151),,,,,,,,,,,,
0,32,10,"{'x': 583.5192985601102, 'y': 311.0741307546959, 'elapsedTime': 6134.800000071526}",577267355959,2292492396,POINT (0.3039163013333907 0.2880316025506444),,,,,,,,,,1,1,
0,32,10,"{'x': 583.5192985601102, 'y': 311.0741307546959, 'elapsedTime': 6134.800000071526}",577267372631,2292509068,POINT (0.3039163013333907 0.2880316025506444),,,,,,,,,,1,1,
0,32,10,"{'x': 583.5192985601102, 'y': 311.0741307546959, 'elapsedTime': 6134.800000071526}",577267389298,2292525734,POINT (0.3039163013333907 0.2880316025506444),,,,,,,,,,1,1,
0,32,10,"{'x': 560.5789907175886, 'y': 348.7161085872852, 'elapsedTime': 6179.800000071526}",577267405965,2292542401,POINT (0.2919682243320774 0.3228852857289678),,,,,,,,,,,,
0,32,10,"{'x': 560.5789907175886, 'y': 348.7161085872852, 'elapsedTime': 6179.800000071526}",577267422633,2292559068,POINT (0.2919682243320774 0.3228852857289678),,,,,,,,,,,,
0,32,10,"{'x': 560.5789907175886, 'y': 348.7161085872852, 'elapsedTime': 6179.800000071526}",577267439299,2292575734,POINT (0.2919682243320774 0.3228852857289678),,,,,,,,,,,,
0,32,10,"{'x': 607.7831706690308, 'y': 344.7977419763124, 'elapsedTime': 6224.5}",577267455967,2292592401,POINT (0.3165537347234536 0.3192571684965856),,,,,,,,,,,,
0,32,10,"{'x': 607.7831706690308, 'y': 344.7977419763124, 'elapsedTime': 6224.5}",577267472635,2292609068,POINT (0.3165537347234536 0.3192571684965856),,,,,,,,,,,,
0,32,10,"{'x': 607.7831706690308, 'y': 344.7977419763124, 'elapsedTime': 6224.5}",577267489301,2292625734,POINT (0.3165537347234536 0.3192571684965856),,,,,,,,,,,,
0,32,10,"{'x': 607.7831706690308, 'y': 344.7977419763124, 'elapsedTime': 6224.5}",577267505973,2292642405,POINT (0.3165537347234536 0.3192571684965856),,,,,,,,,,,,
0,32,10,"{'x': 632.3667951025403, 'y': 311.7508292021191, 'elapsedTime': 6267}",577267522639,2292659071,POINT (0.3293577057825731 0.2886581751871473),,,,,,,,,,1,1,
0,32,10,"{'x': 632.3667951025403, 'y': 311.7508292021191, 'elapsedTime': 6267}",577267539307,2292675738,POINT (0.3293577057825731 0.2886581751871473),,,,,,,,,,1,1,
0,32,10,"{'x': 632.3667951025403, 'y': 311.7508292021191, 'elapsedTime': 6267}",577267555974,2292692404,POINT (0.3293577057825731 0.2886581751871473),,,,,,,,,,1,1,
0,32,10,"{'x': 599.5346147284171, 'y': 248.4151251080372, 'elapsedTime': 6340.600000023842}",577267572641,2292709071,POINT (0.3122576118377172 0.2300140047296641),,,,,,,,,,,1,
0,32,10,"{'x': 599.5346147284171, 'y': 248.4151251080372, 'elapsedTime': 6340.600000023842}",577267589309,2292725738,POINT (0.3122576118377172 0.2300140047296641),,,,,,,,,,,1,
0,32,10,"{'x': 644.0866314692514, 'y': 222.87452761087198, 'elapsedTime': 6388.200000047684}",577267605975,2292742404,POINT (0.3354617872235684 0.2063653033434),,,,,,,,,,,,
0,32,10,"{'x': 644.0866314692514, 'y': 222.87452761087198, 'elapsedTime': 6388.200000047684}",577267622642,2292759071,POINT (0.3354617872235684 0.2063653033434),,,,,,,,,,,,
0,32,10,"{'x': 644.0866314692514, 'y': 222.87452761087198, 'elapsedTime': 6388.200000047684}",577267639316,2292775744,POINT (0.3354617872235684 0.2063653033434),,,,,,,,,,,,
0,32,10,"{'x': 604.2275855101348, 'y': 176.45552305148942, 'elapsedTime': 6431.399999976158}",577267655983,2292792411,POINT (0.3147018674531952 0.1633847435661939),,,,,,,,,,1,,
0,32,10,"{'x': 604.2275855101348, 'y': 176.45552305148942, 'elapsedTime': 6431.399999976158}",577267672651,2292809078,POINT (0.3147018674531952 0.1633847435661939),,,,,,,,,,1,,
0,32,10,"{'x': 572.9146869882909, 'y': 194.8635205326398, 'elapsedTime': 6476.5}",577267689317,2292825744,POINT (0.2983930661397348 0.1804291856783702),,,,,,,,,,,,
0,32,10,"{'x': 572.9146869882909, 'y': 194.8635205326398, 'elapsedTime': 6476.5}",577267705985,2292842411,POINT (0.2983930661397348 0.1804291856783702),,,,,,,,,,,,
0,32,10,"{'x': 572.9146869882909, 'y': 194.8635205326398, 'elapsedTime': 6476.5}",577267722651,2292859077,POINT (0.2983930661397348 0.1804291856783702),,,,,,,,,,,,
0,32,10,"{'x': 555.6078893256373, 'y': 194.25185310784732, 'elapsedTime': 6520.200000047684}",577267739319,2292875744,POINT (0.2893791090237694 0.1798628269517105),,,,,,,,,,,,
0,32,10,"{'x': 555.6078893256373, 'y': 194.25185310784732, 'elapsedTime': 6520.200000047684}",577267755986,2292892411,POINT (0.2893791090237694 0.1798628269517105),,,,,,,,,,,,
0,32,10,"{'x': 555.6078893256373, 'y': 194.25185310784732, 'elapsedTime': 6520.200000047684}",577267772655,2292909079,POINT (0.2893791090237694 0.1798628269517105),,,,,,,,,,,,
0,32,10,"{'x': 491.26297543279134, 'y': 255.5487813165134, 'elapsedTime': 6562.899999976158}",577267789324,2292925747,POINT (0.2558661330379122 0.2366192419597346),,,,,,,,,,,1,
0,32,10,"{'x': 491.26297543279134, 'y': 255.5487813165134, 'elapsedTime': 6562.899999976158}",577267805991,2292942413,POINT (0.2558661330379122 0.2366192419597346),,,,,,,,,,,1,
0,32,10,"{'x': 491.26297543279134, 'y': 255.5487813165134, 'elapsedTime': 6562.899999976158}",577267822657,2292959079,POINT (0.2558661330379122 0.2366192419597346),,,,,,,,,,,1,
0,32,10,"{'x': 464.8248022127705, 'y': 309.52417450264113, 'elapsedTime': 6608.300000071526}",577267839326,2292975747,POINT (0.2420962511524846 0.2865964578728158),,,,,,,,,,1,,
0,32,10,"{'x': 464.8248022127705, 'y': 309.52417450264113, 'elapsedTime': 6608.300000071526}",577267855992,2292992413,POINT (0.2420962511524846 0.2865964578728158),,,,,,,,,,1,,
0,32,10,"{'x': 464.8248022127705, 'y': 309.52417450264113, 'elapsedTime': 6608.300000071526}",577267872660,2293009080,POINT (0.2420962511524846 0.2865964578728158),,,,,,,,,,1,,
0,32,10,"{'x': 432.0211672847738, 'y': 343.9552679609312, 'elapsedTime': 6659.300000071526}",577267889326,2293025746,POINT (0.2250110246274864 0.3184770999638252),,,,,,,,,,,,
0,32,10,"{'x': 432.0211672847738, 'y': 343.9552679609312, 'elapsedTime': 6659.300000071526}",577267906001,2293042420,POINT (0.2250110246274864 0.3184770999638252),,,,,,,,,,,,
0,32,10,"{'x': 432.0211672847738, 'y': 343.9552679609312, 'elapsedTime': 6659.300000071526}",577267922668,2293059087,POINT (0.2250110246274864 0.3184770999638252),,,,,,,,,,,,
0,32,10,"{'x': 510.1619782467188, 'y': 353.48086857841366, 'elapsedTime': 6702.399999976158}",577267939335,2293075753,POINT (0.265709363670166 0.3272971005355682),,,,,,,,,,,,
0,32,10,"{'x': 510.1619782467188, 'y': 353.48086857841366, 'elapsedTime': 6702.399999976158}",577267956002,2293092420,POINT (0.265709363670166 0.3272971005355682),,,,,,,,,,,,
0,32,10,"{'x': 510.1619782467188, 'y': 353.48086857841366, 'elapsedTime': 6702.399999976158}",577267972669,2293109086,POINT (0.265709363670166 0.3272971005355682),,,,,,,,,,,,
0,32,10,"{'x': 601.4506381272515, 'y': 362.5484875149366, 'elapsedTime': 6757.700000047684}",577267989336,2293125753,POINT (0.3132555406912768 0.3356930439953117),,,,,,,,,,,,
0,32,10,"{'x': 601.4506381272515, 'y': 362.5484875149366, 'elapsedTime': 6757.700000047684}",577268006004,2293142420,POINT (0.3132555406912768 0.3356930439953117),,,,,,,,,,,,
0,32,10,"{'x': 601.4506381272515, 'y': 362.5484875149366, 'elapsedTime': 6757.700000047684}",577268022675,2293159091,POINT (0.3132555406912768 0.3356930439953117),,,,,,,,,,,,
0,32,10,"{'x': 677.3723870192914, 'y': 375.1615743049369, 'elapsedTime': 6799.300000071526}",577268039342,2293175757,POINT (0.3527981182392142 0.3473718280601267),,,,,,,,,,,,
0,32,10,"{'x': 677.3723870192914, 'y': 375.1615743049369, 'elapsedTime': 6799.300000071526}",577268056009,2293192424,POINT (0.3527981182392142 0.3473718280601267),,,,,,,,,,,,
0,32,10,"{'x': 823.644524729248, 'y': 469.3217898695676, 'elapsedTime': 6852.200000047684}",577268072676,2293209090,POINT (0.4289815232964834 0.4345572128421922),,,,,,,,,,,,
0,32,10,"{'x': 823.644524729248, 'y': 469.3217898695676, 'elapsedTime': 6852.200000047684}",577268089343,2293225757,POINT (0.4289815232964834 0.4345572128421922),,,,,,,,,,,,
0,32,10,"{'x': 823.644524729248, 'y': 469.3217898695676, 'elapsedTime': 6852.200000047684}",577268106010,2293242424,POINT (0.4289815232964834 0.4345572128421922),,,,,,,,,,,,
0,32,10,"{'x': 923.6290523230317, 'y': 514.1936743509268, 'elapsedTime': 6893.399999976158}",577268122678,2293259090,POINT (0.4810567980849124 0.476105254028636),,,,,,,,,,,1,
0,32,10,"{'x': 923.6290523230317, 'y': 514.1936743509268, 'elapsedTime': 6893.399999976158}",577268139345,2293275757,POINT (0.4810567980849124 0.476105254028636),,,,,,,,,,,1,
0,32,10,"{'x': 879.5123528972036, 'y': 540.3488329678867, 'elapsedTime': 6937.200000047684}",577268156018,2293292429,POINT (0.4580793504672936 0.500322993488784),,,,,,,,,,,1,
0,32,10,"{'x': 879.5123528972036, 'y': 540.3488329678867, 'elapsedTime': 6937.200000047684}",577268172685,2293309096,POINT (0.4580793504672936 0.500322993488784),,,,,,,,,,,1,
0,32,10,"{'x': 879.5123528972036, 'y': 540.3488329678867, 'elapsedTime': 6937.200000047684}",577268189352,2293325762,POINT (0.4580793504672936 0.500322993488784),,,,,,,,,,,1,
0,32,10,"{'x': 835.9112958574328, 'y': 563.3088396250489, 'elapsedTime': 6982.100000023842}",577268206019,2293342429,POINT (0.4353704665924129 0.5215822589120823),,,,,,,,,,,1,
0,32,10,"{'x': 835.9112958574328, 'y': 563.3088396250489, 'elapsedTime': 6982.100000023842}",577268222687,2293359096,POINT (0.4353704665924129 0.5215822589120823),,,,,,,,,,,1,
0,32,10,"{'x': 835.9112958574328, 'y': 563.3088396250489, 'elapsedTime': 6982.100000023842}",577268239353,2293375762,POINT (0.4353704665924129 0.5215822589120823),,,,,,,,,,,1,
0,32,10,"{'x': 797.4407933923744, 'y': 505.29862586827153, 'elapsedTime': 7027}",577268256021,2293392429,POINT (0.4153337465585283 0.4678690980261773),,,,,,,,,,,,
0,32,10,"{'x': 797.4407933923744, 'y': 505.29862586827153, 'elapsedTime': 7027}",577268272687,2293409095,POINT (0.4153337465585283 0.4678690980261773),,,,,,,,,,,,
0,32,10,"{'x': 797.4407933923744, 'y': 505.29862586827153, 'elapsedTime': 7027}",577268289360,2293425767,POINT (0.4153337465585283 0.4678690980261773),,,,,,,,,,,,
0,32,10,"{'x': 826.4068974675955, 'y': 505.4512273814966, 'elapsedTime': 7072.100000023842}",577268306026,2293442433,POINT (0.430420259097706 0.468010395723608),,,,,,,,,,,1,
0,32,10,"{'x': 826.4068974675955, 'y': 505.4512273814966, 'elapsedTime': 7072.100000023842}",577268322695,2293459101,POINT (0.430420259097706 0.468010395723608),,,,,,,,,,,1,
0,32,10,"{'x': 729.4663659659655, 'y': 404.9248818768146, 'elapsedTime': 7120}",577268339361,2293475767,POINT (0.379930398940607 0.3749304461822358),,,,,,,,,,,,
0,32,10,"{'x': 729.4663659659655, 'y': 404.9248818768146, 'elapsedTime': 7120}",577268356029,2293492434,POINT (0.379930398940607 0.3749304461822358),,,,,,,,,,,,
0,32,10,"{'x': 729.4663659659655, 'y': 404.9248818768146, 'elapsedTime': 7120}",577268372696,2293509101,POINT (0.379930398940607 0.3749304461822358),,,,,,,,,,,,
0,32,10,"{'x': 743.7642915032444, 'y': 373.9751776681382, 'elapsedTime': 7165.399999976158}",577268389363,2293525767,POINT (0.3873772351579398 0.3462733126556835),,,,,,,,,,,,
0,32,10,"{'x': 743.7642915032444, 'y': 373.9751776681382, 'elapsedTime': 7165.399999976158}",577268406029,2293542433,POINT (0.3873772351579398 0.3462733126556835),,,,,,,,,,,,
0,32,10,"{'x': 743.7642915032444, 'y': 373.9751776681382, 'elapsedTime': 7165.399999976158}",577268422702,2293559105,POINT (0.3873772351579398 0.3462733126556835),,,,,,,,,,,,
0,32,10,"{'x': 716.0687623647884, 'y': 359.82881663977224, 'elapsedTime': 7216.200000047684}",577268439368,2293575771,POINT (0.3729524803983273 0.3331748302220113),,,,,,,,,,,,
0,32,10,"{'x': 716.0687623647884, 'y': 359.82881663977224, 'elapsedTime': 7216.200000047684}",577268456036,2293592437,POINT (0.3729524803983273 0.3331748302220113),,,,,,,,,,,,
0,32,10,"{'x': 716.0687623647884, 'y': 359.82881663977224, 'elapsedTime': 7216.200000047684}",577268472703,2293609104,POINT (0.3729524803983273 0.3331748302220113),,,,,,,,,,,,
0,32,10,"{'x': 700.5620204403191, 'y': 305.42989326853757, 'elapsedTime': 7261.600000023842}",577268489371,2293625771,POINT (0.3648760523126662 0.2828054567301274),,,,,,,,,,1,1,
0,32,10,"{'x': 700.5620204403191, 'y': 305.42989326853757, 'elapsedTime': 7261.600000023842}",577268506038,2293642438,POINT (0.3648760523126662 0.2828054567301274),,,,,,,,,,1,1,
0,32,10,"{'x': 700.5620204403191, 'y': 305.42989326853757, 'elapsedTime': 7261.600000023842}",577268522705,2293659104,POINT (0.3648760523126662 0.2828054567301274),,,,,,,,,,1,1,
0,32,10,"{'x': 700.5620204403191, 'y': 305.42989326853757, 'elapsedTime': 7261.600000023842}",577268539372,2293675771,POINT (0.3648760523126662 0.2828054567301274),,,,,,,,,,1,1,
0,32,10,"{'x': 717.8821733676477, 'y': 332.05009443332403, 'elapsedTime': 7308.100000023842}",577268556042,2293692440,POINT (0.3738969652956499 0.3074537911419667),,,,,,,,,,,1,
0,32,10,"{'x': 717.8821733676477, 'y': 332.05009443332403, 'elapsedTime': 7308.100000023842}",577268572709,2293709107,POINT (0.3738969652956499 0.3074537911419667),,,,,,,,,,,1,
0,32,10,"{'x': 717.8821733676477, 'y': 332.05009443332403, 'elapsedTime': 7308.100000023842}",577268589377,2293725774,POINT (0.3738969652956499 0.3074537911419667),,,,,,,,,,,1,
0,32,10,"{'x': 774.3014355713266, 'y': 332.7588820800377, 'elapsedTime': 7373.800000071526}",577268606044,2293742441,POINT (0.4032819976933993 0.3081100760000349),,,,,,,,,,,1,
0,32,10,"{'x': 774.3014355713266, 'y': 332.7588820800377, 'elapsedTime': 7373.800000071526}",577268622711,2293759107,POINT (0.4032819976933993 0.3081100760000349),,,,,,,,,,,1,
0,32,10,"{'x': 774.3014355713266, 'y': 332.7588820800377, 'elapsedTime': 7373.800000071526}",577268639378,2293775774,POINT (0.4032819976933993 0.3081100760000349),,,,,,,,,,,1,
0,32,10,"{'x': 747.3663316529457, 'y': 263.0690261862769, 'elapsedTime': 7421.100000023842}",577268656046,2293792441,POINT (0.3892532977359092 0.2435824316539601),,,,,,,,,,,1,
0,32,10,"{'x': 747.3663316529457, 'y': 263.0690261862769, 'elapsedTime': 7421.100000023842}",577268672712,2293809107,POINT (0.3892532977359092 0.2435824316539601),,,,,,,,,,,1,
0,32,10,"{'x': 747.3663316529457, 'y': 263.0690261862769, 'elapsedTime': 7421.100000023842}",577268689385,2293825779,POINT (0.3892532977359092 0.2435824316539601),,,,,,,,,,,1,
0,32,10,"{'x': 752.7528155084942, 'y': 284.88748912210286, 'elapsedTime': 7475.600000023842}",577268706051,2293842445,POINT (0.3920587580773408 0.2637847121500952),,,,,,,,,,1,1,
0,32,10,"{'x': 800.0587819141963, 'y': 275.8637772448106, 'elapsedTime': 7519.5}",577268722719,2293859112,POINT (0.4166972822469772 0.2554294233748246),,,,,,,,,,1,1,
0,32,10,"{'x': 800.0587819141963, 'y': 275.8637772448106, 'elapsedTime': 7519.5}",577268739386,2293875779,POINT (0.4166972822469772 0.2554294233748246),,,,,,,,,,1,1,
0,32,10,"{'x': 800.0587819141963, 'y': 275.8637772448106, 'elapsedTime': 7519.5}",577268756053,2293892446,POINT (0.4166972822469772 0.2554294233748246),,,,,,,,,,1,1,
0,32,10,"{'x': 800.0587819141963, 'y': 275.8637772448106, 'elapsedTime': 7519.5}",577268772720,2293909112,POINT (0.4166972822469772 0.2554294233748246),,,,,,,,,,1,1,
0,32,10,"{'x': 800.0587819141963, 'y': 275.8637772448106, 'elapsedTime': 7519.5}",577268789387,2293925778,POINT (0.4166972822469772 0.2554294233748246),,,,,,,,,,1,1,
0,32,10,"{'x': 800.0587819141963, 'y': 275.8637772448106, 'elapsedTime': 7519.5}",577268806056,2293942446,POINT (0.4166972822469772 0.2554294233748246),,,,,,,,,,1,1,
0,32,10,"{'x': 754.6917945803127, 'y': 269.78600092111316, 'elapsedTime': 7572.399999976158}",577268822728,2293959118,POINT (0.3930686430105795 0.2498018527047344),,,,,,,,,,1,1,
0,32,10,"{'x': 754.6917945803127, 'y': 269.78600092111316, 'elapsedTime': 7572.399999976158}",577268839396,2293975785,POINT (0.3930686430105795 0.2498018527047344),,,,,,,,,,1,1,
0,32,10,"{'x': 767.4525331640922, 'y': 288.67212131186784, 'elapsedTime': 7636.200000047684}",577268856062,2293992451,POINT (0.3997148610229647 0.2672890012146925),,,,,,,,,,1,1,
0,32,10,"{'x': 767.4525331640922, 'y': 288.67212131186784, 'elapsedTime': 7636.200000047684}",577268872730,2294009118,POINT (0.3997148610229647 0.2672890012146925),,,,,,,,,,1,1,
0,32,10,"{'x': 767.4525331640922, 'y': 288.67212131186784, 'elapsedTime': 7636.200000047684}",577268889397,2294025785,POINT (0.3997148610229647 0.2672890012146925),,,,,,,,,,1,1,
0,32,10,"{'x': 745.7489637143643, 'y': 319.2658485010016, 'elapsedTime': 7683.5}",577268906065,2294042452,POINT (0.3884109186012314 0.2956165263898163),,,,,,,,,,1,1,
0,32,10,"{'x': 745.7489637143643, 'y': 319.2658485010016, 'elapsedTime': 7683.5}",577268922731,2294059118,POINT (0.3884109186012314 0.2956165263898163),,,,,,,,,,1,1,
0,32,10,"{'x': 786.1512262781538, 'y': 326.0724992658739, 'elapsedTime': 7733.600000023842}",577268939404,2294075790,POINT (0.4094537636865384 0.3019189808017351),,,,,,,,,,,1,
0,32,10,"{'x': 786.1512262781538, 'y': 326.0724992658739, 'elapsedTime': 7733.600000023842}",577268956070,2294092456,POINT (0.4094537636865384 0.3019189808017351),,,,,,,,,,,1,
0,32,10,"{'x': 786.1512262781538, 'y': 326.0724992658739, 'elapsedTime': 7733.600000023842}",577268972738,2294109123,POINT (0.4094537636865384 0.3019189808017351),,,,,,,,,,,1,
0,32,10,"{'x': 786.1512262781538, 'y': 326.0724992658739, 'elapsedTime': 7733.600000023842}",577268989405,2294125790,POINT (0.4094537636865384 0.3019189808017351),,,,,,,,,,,1,
0,32,10,"{'x': 781.3512767041535, 'y': 329.0481033912644, 'elapsedTime': 7776.399999976158}",577269006072,2294142456,POINT (0.40695378995008 0.3046741698067263),,,,,,,,,,,1,
0,32,10,"{'x': 781.3512767041535, 'y': 329.0481033912644, 'elapsedTime': 7776.399999976158}",577269022739,2294159123,POINT (0.40695378995008 0.3046741698067263),,,,,,,,,,,1,
0,32,10,"{'x': 814.8960100069778, 'y': 357.16963206435423, 'elapsedTime': 7820.5}",577269039406,2294175789,POINT (0.4244250052119676 0.3307126222818095),,,,,,,,,,,1,
0,32,10,"{'x': 814.8960100069778, 'y': 357.16963206435423, 'elapsedTime': 7820.5}",577269056073,2294192456,POINT (0.4244250052119676 0.3307126222818095),,,,,,,,,,,1,
0,32,10,"{'x': 814.8960100069778, 'y': 357.16963206435423, 'elapsedTime': 7820.5}",577269072745,2294209127,POINT (0.4244250052119676 0.3307126222818095),,,,,,,,,,,1,
0,32,10,"{'x': 825.4588414458774, 'y': 393.2771935557915, 'elapsedTime': 7864.600000023842}",577269089411,2294225793,POINT (0.4299264799197278 0.3641455495886958),,,,,,,,,,,,
0,32,10,"{'x': 825.4588414458774, 'y': 393.2771935557915, 'elapsedTime': 7864.600000023842}",577269106080,2294242461,POINT (0.4299264799197278 0.3641455495886958),,,,,,,,,,,,
0,32,10,"{'x': 825.4588414458774, 'y': 393.2771935557915, 'elapsedTime': 7864.600000023842}",577269122747,2294259127,POINT (0.4299264799197278 0.3641455495886958),,,,,,,,,,,,
0,32,10,"{'x': 769.9168192954832, 'y': 417.39148273485324, 'elapsedTime': 7910.5}",577269139414,2294275794,POINT (0.4009983433830641 0.3864735951248641),,,,,,,,,,,,
0,32,10,"{'x': 769.9168192954832, 'y': 417.39148273485324, 'elapsedTime': 7910.5}",577269156081,2294292460,POINT (0.4009983433830641 0.3864735951248641),,,,,,,,,,,,
0,32,10,"{'x': 820.4121650797199, 'y': 442.82358061305695, 'elapsedTime': 7953.700000047684}",577269172748,2294309127,POINT (0.4272980026456875 0.4100218339009786),,,,,,,,,,,,
0,32,10,"{'x': 820.4121650797199, 'y': 442.82358061305695, 'elapsedTime': 7953.700000047684}",577269189416,2294325794,POINT (0.4272980026456875 0.4100218339009786),,,,,,,,,,,,
0,32,10,"{'x': 820.4121650797199, 'y': 442.82358061305695, 'elapsedTime': 7953.700000047684}",577269206087,2294342465,POINT (0.4272980026456875 0.4100218339009786),,,,,,,,,,,,
0,32,10,"{'x': 820.4121650797199, 'y': 442.82358061305695, 'elapsedTime': 7953.700000047684}",577269222754,2294359131,POINT (0.4272980026456875 0.4100218339009786),,,,,,,,,,,,
0,32,10,"{'x': 771.0722239723987, 'y': 409.7202845621636, 'elapsedTime': 7998.600000023842}",577269239420,2294375797,POINT (0.401600116652291 0.3793706338538552),,,,,,,,,,,,
0,32,10,"{'x': 771.0722239723987, 'y': 409.7202845621636, 'elapsedTime': 7998.600000023842}",577269256088,2294392464,POINT (0.401600116652291 0.3793706338538552),,,,,,,,,,,,
0,32,10,"{'x': 771.0722239723987, 'y': 409.7202845621636, 'elapsedTime': 7998.600000023842}",577269272756,2294409131,POINT (0.401600116652291 0.3793706338538552),,,,,,,,,,,,
0,32,10,"{'x': 720.5291405789851, 'y': 423.20572523192783, 'elapsedTime': 8052.600000023842}",577269289422,2294425797,POINT (0.3752755940515548 0.3918571529925258),,,,,,,,,,,,
0,32,10,"{'x': 720.5291405789851, 'y': 423.20572523192783, 'elapsedTime': 8052.600000023842}",577269306090,2294442464,POINT (0.3752755940515548 0.3918571529925258),,,,,,,,,,,,
0,32,10,"{'x': 720.5291405789851, 'y': 423.20572523192783, 'elapsedTime': 8052.600000023842}",577269322757,2294459131,POINT (0.3752755940515548 0.3918571529925258),,,,,,,,,,,,
0,32,10,"{'x': 680.3810564936869, 'y': 379.2057184881261, 'elapsedTime': 8114.800000071526}",577269339429,2294475802,POINT (0.3543651335904619 0.3511164060075241),,,,,,,,,,,,
0,32,10,"{'x': 680.3810564936869, 'y': 379.2057184881261, 'elapsedTime': 8114.800000071526}",577269356096,2294492469,POINT (0.3543651335904619 0.3511164060075241),,,,,,,,,,,,
0,32,10,"{'x': 680.3810564936869, 'y': 379.2057184881261, 'elapsedTime': 8114.800000071526}",577269372765,2294509137,POINT (0.3543651335904619 0.3511164060075241),,,,,,,,,,,,
0,32,10,"{'x': 616.132144432533, 'y': 351.6578538892469, 'elapsedTime': 8157.899999976158}",577269389432,2294525804,POINT (0.3209021585586109 0.3256091239715249),,,,,,,,,,,,
0,32,10,"{'x': 616.132144432533, 'y': 351.6578538892469, 'elapsedTime': 8157.899999976158}",577269406098,2294542469,POINT (0.3209021585586109 0.3256091239715249),,,,,,,,,,,,
0,32,10,"{'x': 648.1268109255129, 'y': 387.65406610802773, 'elapsedTime': 8202.100000023842}",577269422766,2294559137,POINT (0.337566047357038 0.3589389501000257),,,,,,,,,,,,
0,32,10,"{'x': 648.1268109255129, 'y': 387.65406610802773, 'elapsedTime': 8202.100000023842}",577269439433,2294575803,POINT (0.337566047357038 0.3589389501000257),,,,,,,,,,,,
0,32,10,"{'x': 648.1268109255129, 'y': 387.65406610802773, 'elapsedTime': 8202.100000023842}",577269456100,2294592469,POINT (0.337566047357038 0.3589389501000257),,,,,,,,,,,,
0,32,10,"{'x': 615.174599379181, 'y': 370.30199126370763, 'elapsedTime': 8245.600000023842}",577269472773,2294609142,POINT (0.3204034371766568 0.3428722141330626),,,,,,,,,,,,
0,32,10,"{'x': 615.174599379181, 'y': 370.30199126370763, 'elapsedTime': 8245.600000023842}",577269489440,2294625808,POINT (0.3204034371766568 0.3428722141330626),,,,,,,,,,,,
0,32,10,"{'x': 642.5757541878756, 'y': 345.9170964949259, 'elapsedTime': 8290.200000047684}",577269506107,2294642475,POINT (0.3346748719728519 0.3202936078656721),,,,,,,,,,,,
0,32,10,"{'x': 642.5757541878756, 'y': 345.9170964949259, 'elapsedTime': 8290.200000047684}",577269522775,2294659142,POINT (0.3346748719728519 0.3202936078656721),,,,,,,,,,,,
0,32,10,"{'x': 642.5757541878756, 'y': 345.9170964949259, 'elapsedTime': 8290.200000047684}",577269539442,2294675809,POINT (0.3346748719728519 0.3202936078656721),,,,,,,,,,,,
0,32,10,"{'x': 697.7955486201677, 'y': 303.3168425813813, 'elapsedTime': 8336.100000023842}",577269556109,2294692475,POINT (0.363435181573004 0.2808489283160938),,,,,,,,,,1,1,
0,32,10,"{'x': 697.7955486201677, 'y': 303.3168425813813, 'elapsedTime': 8336.100000023842}",577269572776,2294709142,POINT (0.363435181573004 0.2808489283160938),,,,,,,,,,1,1,
0,32,10,"{'x': 697.7955486201677, 'y': 303.3168425813813, 'elapsedTime': 8336.100000023842}",577269589443,2294725808,POINT (0.363435181573004 0.2808489283160938),,,,,,,,,,1,1,
0,32,10,"{'x': 685.3650393635115, 'y': 270.4918774916887, 'elapsedTime': 8386.399999976158}",577269606113,2294742478,POINT (0.3569609580018289 0.250455442121934),,,,,,,,,,,1,
0,32,10,"{'x': 685.3650393635115, 'y': 270.4918774916887, 'elapsedTime': 8386.399999976158}",577269622781,2294759145,POINT (0.3569609580018289 0.250455442121934),,,,,,,,,,,1,
0,32,10,"{'x': 685.3650393635115, 'y': 270.4918774916887, 'elapsedTime': 8386.399999976158}",577269639447,2294775811,POINT (0.3569609580018289 0.250455442121934),,,,,,,,,,,1,
0,32,10,"{'x': 680.5442736700054, 'y': 209.4555188778981, 'elapsedTime': 8431.600000023842}",577269656115,2294792478,POINT (0.3544501425364611 0.193940295257313),,,,,,,,,,,,
0,32,10,"{'x': 680.5442736700054, 'y': 209.4555188778981, 'elapsedTime': 8431.600000023842}",577269672782,2294809145,POINT (0.3544501425364611 0.193940295257313),,,,,,,,,,,,
0,32,10,"{'x': 680.5442736700054, 'y': 209.4555188778981, 'elapsedTime': 8431.600000023842}",577269689449,2294825811,POINT (0.3544501425364611 0.193940295257313),,,,,,,,,,,,
0,32,10,"{'x': 752.8089909234678, 'y': 232.91157392892256, 'elapsedTime': 8478.200000047684}",577269706116,2294842478,POINT (0.3920880161059728 0.2156588647490024),,,,,,,,,,,1,
0,32,10,"{'x': 752.8089909234678, 'y': 232.91157392892256, 'elapsedTime': 8478.200000047684}",577269722784,2294859145,POINT (0.3920880161059728 0.2156588647490024),,,,,,,,,,,1,
0,32,10,"{'x': 812.6585882555765, 'y': 243.6702561157774, 'elapsedTime': 8522}",577269739457,2294875818,POINT (0.4232596813831128 0.2256206075146087),,,,,,,,,,,1,
0,32,10,"{'x': 812.6585882555765, 'y': 243.6702561157774, 'elapsedTime': 8522}",577269756124,2294892484,POINT (0.4232596813831128 0.2256206075146087),,,,,,,,,,,1,
0,32,10,"{'x': 812.6585882555765, 'y': 243.6702561157774, 'elapsedTime': 8522}",577269772791,2294909151,POINT (0.4232596813831128 0.2256206075146087),,,,,,,,,,,1,
0,32,10,"{'x': 925.8628512460562, 'y': 249.6894269266779, 'elapsedTime': 8566.399999976158}",577269789458,2294925817,POINT (0.4822202350239876 0.231193913820998),,,,,,,,,,1,1,
0,32,10,"{'x': 925.8628512460562, 'y': 249.6894269266779, 'elapsedTime': 8566.399999976158}",577269806126,2294942484,POINT (0.4822202350239876 0.231193913820998),,,,,,,,,,1,1,
0,32,10,"{'x': 925.8628512460562, 'y': 249.6894269266779, 'elapsedTime': 8566.399999976158}",577269822793,2294959151,POINT (0.4822202350239876 0.231193913820998),,,,,,,,,,1,1,
0,32,10,"{'x': 950.081554447282, 'y': 274.0277855707789, 'elapsedTime': 8614.5}",577269839460,2294975817,POINT (0.4948341429412927 0.2537294310840546),,,,,,,,,,1,1,
0,32,10,"{'x': 950.081554447282, 'y': 274.0277855707789, 'elapsedTime': 8614.5}",577269856127,2294992484,POINT (0.4948341429412927 0.2537294310840546),,,,,,,,,,1,1,
0,32,10,"{'x': 950.081554447282, 'y': 274.0277855707789, 'elapsedTime': 8614.5}",577269872799,2295009155,POINT (0.4948341429412927 0.2537294310840546),,,,,,,,,,1,1,
0,32,10,"{'x': 982.869272277298, 'y': 303.7151968198872, 'elapsedTime': 8658.399999976158}",577269889466,2295025821,POINT (0.5119110793110927 0.2812177748332288),,,,,,,,,,1,1,
0,32,10,"{'x': 982.869272277298, 'y': 303.7151968198872, 'elapsedTime': 8658.399999976158}",577269906133,2295042488,POINT (0.5119110793110927 0.2812177748332288),,,,,,,,,,1,1,
0,32,10,"{'x': 982.869272277298, 'y': 303.7151968198872, 'elapsedTime': 8658.399999976158}",577269922801,2295059155,POINT (0.5119110793110927 0.2812177748332288),,,,,,,,,,1,1,
0,32,10,"{'x': 983.2793570351296, 'y': 300.5002641104968, 'elapsedTime': 8713.899999976158}",577269939467,2295075821,POINT (0.5121246651224634 0.278240985287497),,,,,,,,,,1,1,
0,32,10,"{'x': 983.2793570351296, 'y': 300.5002641104968, 'elapsedTime': 8713.899999976158}",577269956135,2295092488,POINT (0.5121246651224634 0.278240985287497),,,,,,,,,,1,1,
0,32,10,"{'x': 983.2793570351296, 'y': 300.5002641104968, 'elapsedTime': 8713.899999976158}",577269972802,2295109155,POINT (0.5121246651224634 0.278240985287497),,,,,,,,,,1,1,
0,32,10,"{'x': 1022.8636255538192, 'y': 292.84099551053436, 'elapsedTime': 8762}",577269989472,2295125824,POINT (0.5327414716426142 0.2711490699171614),,,,,,,,,,1,1,
0,32,10,"{'x': 1022.8636255538192, 'y': 292.84099551053436, 'elapsedTime': 8762}",577270006139,2295142491,POINT (0.5327414716426142 0.2711490699171614),,,,,,,,,,1,1,
0,32,10,"{'x': 1022.8636255538192, 'y': 292.84099551053436, 'elapsedTime': 8762}",577270022807,2295159158,POINT (0.5327414716426142 0.2711490699171614),,,,,,,,,,1,1,
0,32,10,"{'x': 1075.0606817009011, 'y': 344.0433772063388, 'elapsedTime': 8804.100000023842}",577270039473,2295175824,POINT (0.559927438385886 0.3185586825984618),,,,,,,,,,,1,
0,32,10,"{'x': 1075.0606817009011, 'y': 344.0433772063388, 'elapsedTime': 8804.100000023842}",577270056141,2295192491,POINT (0.559927438385886 0.3185586825984618),,,,,,,,,,,1,
0,32,10,"{'x': 1075.0606817009011, 'y': 344.0433772063388, 'elapsedTime': 8804.100000023842}",577270072808,2295209158,POINT (0.559927438385886 0.3185586825984618),,,,,,,,,,,1,
0,32,10,"{'x': 1015.5243584398827, 'y': 392.8243727204791, 'elapsedTime': 8851.600000023842}",577270089475,2295225824,POINT (0.528918936687439 0.3637262710374807),,,,,,,,,,,1,
0,32,10,"{'x': 1015.5243584398827, 'y': 392.8243727204791, 'elapsedTime': 8851.600000023842}",577270106142,2295242491,POINT (0.528918936687439 0.3637262710374807),,,,,,,,,,,1,
0,32,10,"{'x': 1015.5243584398827, 'y': 392.8243727204791, 'elapsedTime': 8851.600000023842}",577270122816,2295259164,POINT (0.528918936687439 0.3637262710374807),,,,,,,,,,,1,
0,32,10,"{'x': 1002.7165177326451, 'y': 400.72670241525884, 'elapsedTime': 8915.300000071526}",577270139482,2295275830,POINT (0.522248186319086 0.3710432429770915),,,,,,,,,,,1,
0,32,10,"{'x': 1002.7165177326451, 'y': 400.72670241525884, 'elapsedTime': 8915.300000071526}",577270156150,2295292497,POINT (0.522248186319086 0.3710432429770915),,,,,,,,,,,1,
0,32,10,"{'x': 1002.7165177326451, 'y': 400.72670241525884, 'elapsedTime': 8915.300000071526}",577270172816,2295309163,POINT (0.522248186319086 0.3710432429770915),,,,,,,,,,,1,
0,32,10,"{'x': 1046.8803372293198, 'y': 389.40908307440594, 'elapsedTime': 8960.5}",577270189485,2295325830,POINT (0.5452501756402708 0.3605639658096351),,,,,,,,,,,1,
0,32,10,"{'x': 1046.8803372293198, 'y': 389.40908307440594, 'elapsedTime': 8960.5}",577270206152,2295342497,POINT (0.5452501756402708 0.3605639658096351),,,,,,,,,,,1,
0,32,10,"{'x': 1052.8396101625701, 'y': 411.3198429224322, 'elapsedTime': 9006.600000023842}",577270222819,2295359163,POINT (0.5483539636263386 0.3808517064096594),,,,,,,,,,,1,
0,32,10,"{'x': 1052.8396101625701, 'y': 411.3198429224322, 'elapsedTime': 9006.600000023842}",577270239486,2295375830,POINT (0.5483539636263386 0.3808517064096594),,,,,,,,,,,1,
0,32,10,"{'x': 1052.8396101625701, 'y': 411.3198429224322, 'elapsedTime': 9006.600000023842}",577270256160,2295392503,POINT (0.5483539636263386 0.3808517064096594),,,,,,,,,,,1,
0,32,10,"{'x': 1050.9252072272316, 'y': 459.2703667535114, 'elapsedTime': 9052.399999976158}",577270272826,2295409169,POINT (0.5473568787641832 0.4252503395865846),,,,,,,,,,,1,
0,32,10,"{'x': 1050.9252072272316, 'y': 459.2703667535114, 'elapsedTime': 9052.399999976158}",577270289493,2295425836,POINT (0.5473568787641832 0.4252503395865846),,,,,,,,,,,1,
0,32,10,"{'x': 1050.9252072272316, 'y': 459.2703667535114, 'elapsedTime': 9052.399999976158}",577270306161,2295442503,POINT (0.5473568787641832 0.4252503395865846),,,,,,,,,,,1,
0,32,10,"{'x': 1041.9972669877177, 'y': 393.82980436828376, 'elapsedTime': 9095.5}",577270322827,2295459169,POINT (0.5427069098894363 0.3646572262669294),,,,,,,,,,,1,
0,32,10,"{'x': 1041.9972669877177, 'y': 393.82980436828376, 'elapsedTime': 9095.5}",577270339495,2295475836,POINT (0.5427069098894363 0.3646572262669294),,,,,,,,,,,1,
0,32,10,"{'x': 964.8603399584957, 'y': 393.3849661831596, 'elapsedTime': 9138.899999976158}",577270356161,2295492502,POINT (0.5025314270617165 0.3642453390584811),,,,,,,,,,,1,
0,32,10,"{'x': 964.8603399584957, 'y': 393.3849661831596, 'elapsedTime': 9138.899999976158}",577270372829,2295509169,POINT (0.5025314270617165 0.3642453390584811),,,,,,,,,,,1,
0,32,10,"{'x': 964.8603399584957, 'y': 393.3849661831596, 'elapsedTime': 9138.899999976158}",577270389500,2295525840,POINT (0.5025314270617165 0.3642453390584811),,,,,,,,,,,1,
0,32,10,"{'x': 898.1679422281512, 'y': 392.52606416250467, 'elapsedTime': 9183.600000023842}",577270406167,2295542506,POINT (0.4677958032438288 0.3634500594097265),,,,,,,,,,,1,
0,32,10,"{'x': 898.1679422281512, 'y': 392.52606416250467, 'elapsedTime': 9183.600000023842}",577270422834,2295559173,POINT (0.4677958032438288 0.3634500594097265),,,,,,,,,,,1,
0,32,10,"{'x': 898.1679422281512, 'y': 392.52606416250467, 'elapsedTime': 9183.600000023842}",577270439501,2295575839,POINT (0.4677958032438288 0.3634500594097265),,,,,,,,,,,1,
0,32,10,"{'x': 945.473377036916, 'y': 527.2315409755103, 'elapsedTime': 9231.800000071526}",577270456170,2295592507,POINT (0.4924340505400604 0.4881773527551021),,,,,,,,,,,1,
0,32,10,"{'x': 945.473377036916, 'y': 527.2315409755103, 'elapsedTime': 9231.800000071526}",577270472836,2295609173,POINT (0.4924340505400604 0.4881773527551021),,,,,,,,,,,1,
0,32,10,"{'x': 943.4083017223513, 'y': 580.6948868753527, 'elapsedTime': 9274.100000023842}",577270489503,2295625839,POINT (0.4913584904803913 0.5376804508105117),,,,,,,,,,,1,
0,32,10,"{'x': 943.4083017223513, 'y': 580.6948868753527, 'elapsedTime': 9274.100000023842}",577270506172,2295642507,POINT (0.4913584904803913 0.5376804508105117),,,,,,,,,,,1,
0,32,10,"{'x': 943.4083017223513, 'y': 580.6948868753527, 'elapsedTime': 9274.100000023842}",577270522842,2295659177,POINT (0.4913584904803913 0.5376804508105117),,,,,,,,,,,1,
0,32,10,"{'x': 837.8985661136575, 'y': 576.9987042179228, 'elapsedTime': 9317.5}",577270539510,2295675844,POINT (0.4364055031841966 0.5342580594610395),,,,,,,,,,,1,
0,32,10,"{'x': 837.8985661136575, 'y': 576.9987042179228, 'elapsedTime': 9317.5}",577270556177,2295692511,POINT (0.4364055031841966 0.5342580594610395),,,,,,,,,,,1,
0,32,10,"{'x': 837.8985661136575, 'y': 576.9987042179228, 'elapsedTime': 9317.5}",577270572844,2295709177,POINT (0.4364055031841966 0.5342580594610395),,,,,,,,,,,1,
0,32,10,"{'x': 747.8079833753649, 'y': 512.4172359417496, 'elapsedTime': 9372.200000047684}",577270589511,2295725844,POINT (0.3894833246746692 0.4744604036497682),,,,,,,,,,,,
0,32,10,"{'x': 747.8079833753649, 'y': 512.4172359417496, 'elapsedTime': 9372.200000047684}",577270606178,2295742510,POINT (0.3894833246746692 0.4744604036497682),,,,,,,,,,,,
0,32,10,"{'x': 747.8079833753649, 'y': 512.4172359417496, 'elapsedTime': 9372.200000047684}",577270622845,2295759177,POINT (0.3894833246746692 0.4744604036497682),,,,,,,,,,,,
0,32,10,"{'x': 678.8340713434933, 'y': 536.8925100596109, 'elapsedTime': 9418.700000047684}",577270639512,2295775843,POINT (0.3535594121580694 0.4971226944996398),,,,,,,,,,,,
0,32,10,"{'x': 678.8340713434933, 'y': 536.8925100596109, 'elapsedTime': 9418.700000047684}",577270656185,2295792516,POINT (0.3535594121580694 0.4971226944996398),,,,,,,,,,,,
0,32,10,"{'x': 678.8340713434933, 'y': 536.8925100596109, 'elapsedTime': 9418.700000047684}",577270672852,2295809182,POINT (0.3535594121580694 0.4971226944996398),,,,,,,,,,,,
0,32,10,"{'x': 551.283240384867, 'y': 450.63160000626215, 'elapsedTime': 9471.100000023842}",577270689518,2295825848,POINT (0.2871266877004516 0.4172514814872798),,,,,,,,,,,,
0,32,10,"{'x': 551.283240384867, 'y': 450.63160000626215, 'elapsedTime': 9471.100000023842}",577270706187,2295842516,POINT (0.2871266877004516 0.4172514814872798),,,,,,,,,,,,
0,32,10,"{'x': 551.283240384867, 'y': 450.63160000626215, 'elapsedTime': 9471.100000023842}",577270722853,2295859182,POINT (0.2871266877004516 0.4172514814872798),,,,,,,,,,,,
0,32,10,"{'x': 507.2984089647897, 'y': 469.4199862596106, 'elapsedTime': 9518.800000071526}",577270739521,2295875849,POINT (0.2642179213358279 0.4346481354255654),,,,,,,,,,,,
0,32,10,"{'x': 507.2984089647897, 'y': 469.4199862596106, 'elapsedTime': 9518.800000071526}",577270756187,2295892515,POINT (0.2642179213358279 0.4346481354255654),,,,,,,,,,,,
0,32,10,"{'x': 507.2984089647897, 'y': 469.4199862596106, 'elapsedTime': 9518.800000071526}",577270772855,2295909182,POINT (0.2642179213358279 0.4346481354255654),,,,,,,,,,,,
0,32,10,"{'x': 507.2984089647897, 'y': 469.4199862596106, 'elapsedTime': 9518.800000071526}",577270789527,2295925854,POINT (0.2642179213358279 0.4346481354255654),,,,,,,,,,,,
0,32,10,"{'x': 420.485321138117, 'y': 458.51201975792463, 'elapsedTime': 9562.800000071526}",577270806195,2295942520,POINT (0.2190027714261026 0.4245481664425228),,,,,,,,,,,,
0,32,10,"{'x': 420.485321138117, 'y': 458.51201975792463, 'elapsedTime': 9562.800000071526}",577270822862,2295959187,POINT (0.2190027714261026 0.4245481664425228),,,,,,,,,,,,
0,32,10,"{'x': 407.88125696945485, 'y': 420.15839629342724, 'elapsedTime': 9612.100000023842}",577270839529,2295975853,POINT (0.2124381546715911 0.3890355521235437),,,,,,,,,,,,
0,32,10,"{'x': 407.88125696945485, 'y': 420.15839629342724, 'elapsedTime': 9612.100000023842}",577270856196,2295992520,POINT (0.2124381546715911 0.3890355521235437),,,,,,,,,,,,
0,32,10,"{'x': 407.88125696945485, 'y': 420.15839629342724, 'elapsedTime': 9612.100000023842}",577270872864,2296009187,POINT (0.2124381546715911 0.3890355521235437),,,,,,,,,,,,
0,32,10,"{'x': 457.17308963326235, 'y': 380.6481803331908, 'elapsedTime': 9667}",577270889531,2296025854,POINT (0.2381109841839908 0.3524520188270285),,,,,,,,,,,,
0,32,10,"{'x': 457.17308963326235, 'y': 380.6481803331908, 'elapsedTime': 9667}",577270906202,2296042524,POINT (0.2381109841839908 0.3524520188270285),,,,,,,,,,,,
0,32,10,"{'x': 560.9891445332796, 'y': 446.77911755214666, 'elapsedTime': 9709.700000047684}",577270922866,2296059188,POINT (0.2921818461110831 0.4136843681038395),,,,,,,,,,,,
0,32,10,"{'x': 560.9891445332796, 'y': 446.77911755214666, 'elapsedTime': 9709.700000047684}",577270939534,2296075855,POINT (0.2921818461110831 0.4136843681038395),,,,,,,,,,,,
0,32,10,"{'x': 560.9891445332796, 'y': 446.77911755214666, 'elapsedTime': 9709.700000047684}",577270956201,2296092522,POINT (0.2921818461110831 0.4136843681038395),,,,,,,,,,,,
0,32,10,"{'x': 624.9675600452206, 'y': 478.94244291978436, 'elapsedTime': 9752.600000023842}",577270972869,2296109189,POINT (0.3255039375235524 0.4434652249257263),,,,,,,,,,,,
0,32,10,"{'x': 624.9675600452206, 'y': 478.94244291978436, 'elapsedTime': 9752.600000023842}",577270989535,2296125855,POINT (0.3255039375235524 0.4434652249257263),,,,,,,,,,,,
0,32,10,"{'x': 624.9675600452206, 'y': 478.94244291978436, 'elapsedTime': 9752.600000023842}",577271006203,2296142522,POINT (0.3255039375235524 0.4434652249257263),,,,,,,,,,,,
0,32,10,"{'x': 624.9675600452206, 'y': 478.94244291978436, 'elapsedTime': 9752.600000023842}",577271022870,2296159189,POINT (0.3255039375235524 0.4434652249257263),,,,,,,,,,,,
0,32,10,"{'x': 606.1711604448763, 'y': 493.2103596462192, 'elapsedTime': 9797.200000047684}",577271039543,2296175861,POINT (0.3157141460650397 0.4566762589316844),,,,,,,,,,,,
0,32,10,"{'x': 606.1711604448763, 'y': 493.2103596462192, 'elapsedTime': 9797.200000047684}",577271056210,2296192528,POINT (0.3157141460650397 0.4566762589316844),,,,,,,,,,,,
0,32,10,"{'x': 486.6621533947979, 'y': 482.2972705860811, 'elapsedTime': 9853.700000047684}",577271072877,2296209195,POINT (0.2534698715597906 0.4465715468389639),,,,,,,,,,,,
0,32,10,"{'x': 486.6621533947979, 'y': 482.2972705860811, 'elapsedTime': 9853.700000047684}",577271089546,2296225863,POINT (0.2534698715597906 0.4465715468389639),,,,,,,,,,,,
0,32,10,"{'x': 486.6621533947979, 'y': 482.2972705860811, 'elapsedTime': 9853.700000047684}",577271106211,2296242528,POINT (0.2534698715597906 0.4465715468389639),,,,,,,,,,,,
0,32,10,"{'x': 496.98060100430774, 'y': 388.3120556293054, 'elapsedTime': 9897.700000047684}",577271122880,2296259195,POINT (0.2588440630230769 0.3595481996567643),,,,,,,,,,,,
0,32,10,"{'x': 496.98060100430774, 'y': 388.3120556293054, 'elapsedTime': 9897.700000047684}",577271139546,2296275861,POINT (0.2588440630230769 0.3595481996567643),,,,,,,,,,,,
0,32,10,"{'x': 496.98060100430774, 'y': 388.3120556293054, 'elapsedTime': 9897.700000047684}",577271156214,2296292528,POINT (0.2588440630230769 0.3595481996567643),,,,,,,,,,,,
0,32,10,"{'x': 496.98060100430774, 'y': 388.3120556293054, 'elapsedTime': 9897.700000047684}",577271172883,2296309197,POINT (0.2588440630230769 0.3595481996567643),,,,,,,,,,,,
0,32,10,"{'x': 496.98060100430774, 'y': 388.3120556293054, 'elapsedTime': 9897.700000047684}",577271189551,2296325864,POINT (0.2588440630230769 0.3595481996567643),,,,,,,,,,,,
0,32,10,"{'x': 517.8104451337058, 'y': 360.0973098705707, 'elapsedTime': 9944.100000023842}",577271206218,2296342531,POINT (0.2696929401738051 0.3334234350653433),,,,,,,,,,,,
0,32,10,"{'x': 517.8104451337058, 'y': 360.0973098705707, 'elapsedTime': 9944.100000023842}",577271222886,2296359198,POINT (0.2696929401738051 0.3334234350653433),,,,,,,,,,,,
0,32,10,"{'x': 515.3725500695283, 'y': 361.43969048311664, 'elapsedTime': 10019.899999976158}",577271239552,2296375864,POINT (0.2684232031612126 0.3346663800769599),,,,,,,,,,,,
0,32,10,"{'x': 515.3725500695283, 'y': 361.43969048311664, 'elapsedTime': 10019.899999976158}",577271256220,2296392531,POINT (0.2684232031612126 0.3346663800769599),,,,,,,,,,,,
0,32,10,"{'x': 515.3725500695283, 'y': 361.43969048311664, 'elapsedTime': 10019.899999976158}",577271272888,2296409199,POINT (0.2684232031612126 0.3346663800769599),,,,,,,,,,,,
0,32,10,"{'x': 484.9340599375605, 'y': 339.25352488756965, 'elapsedTime': 10065.200000047684}",577271289554,2296425864,POINT (0.2525698228841461 0.3141236341551571),,,,,,,,,,,,
0,32,10,"{'x': 484.9340599375605, 'y': 339.25352488756965, 'elapsedTime': 10065.200000047684}",577271306228,2296442538,POINT (0.2525698228841461 0.3141236341551571),,,,,,,,,,,,
0,32,10,"{'x': 484.9340599375605, 'y': 339.25352488756965, 'elapsedTime': 10065.200000047684}",577271322894,2296459203,POINT (0.2525698228841461 0.3141236341551571),,,,,,,,,,,,
0,32,10,"{'x': 497.8149889050676, 'y': 331.0971725227537, 'elapsedTime': 10108.399999976158}",577271339560,2296475869,POINT (0.2592786400547227 0.3065714560395867),,,,,,,,,,,,
0,32,10,"{'x': 497.8149889050676, 'y': 331.0971725227537, 'elapsedTime': 10108.399999976158}",577271356228,2296492536,POINT (0.2592786400547227 0.3065714560395867),,,,,,,,,,,,
0,32,10,"{'x': 545.5186362556497, 'y': 260.1949538907238, 'elapsedTime': 10157.100000023842}",577271372897,2296509205,POINT (0.2841242897164842 0.240921253602522),,,,,,,,,,,1,
0,32,10,"{'x': 545.5186362556497, 'y': 260.1949538907238, 'elapsedTime': 10157.100000023842}",577271389564,2296525871,POINT (0.2841242897164842 0.240921253602522),,,,,,,,,,,1,
0,32,10,"{'x': 545.5186362556497, 'y': 260.1949538907238, 'elapsedTime': 10157.100000023842}",577271406231,2296542538,POINT (0.2841242897164842 0.240921253602522),,,,,,,,,,,1,
0,32,10,"{'x': 570.3072492833362, 'y': 211.50983986299673, 'elapsedTime': 10200.600000023842}",577271422897,2296559203,POINT (0.2970350256684043 0.1958424443175896),,,,,,,,,,,,
0,32,10,"{'x': 570.3072492833362, 'y': 211.50983986299673, 'elapsedTime': 10200.600000023842}",577271439569,2296575875,POINT (0.2970350256684043 0.1958424443175896),,,,,,,,,,,,
0,32,10,"{'x': 570.3072492833362, 'y': 211.50983986299673, 'elapsedTime': 10200.600000023842}",577271456237,2296592542,POINT (0.2970350256684043 0.1958424443175896),,,,,,,,,,,,
0,32,10,"{'x': 570.3072492833362, 'y': 211.50983986299673, 'elapsedTime': 10200.600000023842}",577271472903,2296609208,POINT (0.2970350256684043 0.1958424443175896),,,,,,,,,,,,
0,32,10,"{'x': 601.3554154926062, 'y': 206.25765370433146, 'elapsedTime': 10249.200000047684}",577271489573,2296625877,POINT (0.3132059455690657 0.1909793089854921),,,,,,,,,,,,
0,32,10,"{'x': 601.3554154926062, 'y': 206.25765370433146, 'elapsedTime': 10249.200000047684}",577271506239,2296642543,POINT (0.3132059455690657 0.1909793089854921),,,,,,,,,,,,
0,32,10,"{'x': 601.3554154926062, 'y': 206.25765370433146, 'elapsedTime': 10249.200000047684}",577271522908,2296659211,POINT (0.3132059455690657 0.1909793089854921),,,,,,,,,,,,
0,32,10,"{'x': 710.0603224907901, 'y': 224.52019797769293, 'elapsedTime': 10301.700000047684}",577271539574,2296675877,POINT (0.3698230846306199 0.2078890722015675),,,,,,,,,,,,
0,32,10,"{'x': 710.0603224907901, 'y': 224.52019797769293, 'elapsedTime': 10301.700000047684}",577271556241,2296692543,POINT (0.3698230846306199 0.2078890722015675),,,,,,,,,,,,
0,32,10,"{'x': 710.0603224907901, 'y': 224.52019797769293, 'elapsedTime': 10301.700000047684}",577271572910,2296709212,POINT (0.3698230846306199 0.2078890722015675),,,,,,,,,,,,
0,32,10,"{'x': 735.128846429335, 'y': 249.60677256885822, 'elapsedTime': 10351.700000047684}",577271589577,2296725878,POINT (0.3828796075152787 0.2311173820082021),,,,,,,,,,,1,
0,32,10,"{'x': 735.128846429335, 'y': 249.60677256885822, 'elapsedTime': 10351.700000047684}",577271606244,2296742545,POINT (0.3828796075152787 0.2311173820082021),,,,,,,,,,,1,
0,32,10,"{'x': 659.12399068542, 'y': 311.21435808434467, 'elapsedTime': 10401.399999976158}",577271622912,2296759212,POINT (0.3432937451486563 0.2881614426706895),,,,,,,,,,1,1,
0,32,10,"{'x': 659.12399068542, 'y': 311.21435808434467, 'elapsedTime': 10401.399999976158}",577271639578,2296775878,POINT (0.3432937451486563 0.2881614426706895),,,,,,,,,,1,1,
0,32,10,"{'x': 694.7678880858311, 'y': 372.8085502303501, 'elapsedTime': 10444.399999976158}",577271656244,2296792543,POINT (0.3618582750447038 0.345193102065139),,,,,,,,,,,,
0,32,10,"{'x': 694.7678880858311, 'y': 372.8085502303501, 'elapsedTime': 10444.399999976158}",577271672910,2296809209,POINT (0.3618582750447038 0.345193102065139),,,,,,,,,,,,
0,32,10,"{'x': 694.7678880858311, 'y': 372.8085502303501, 'elapsedTime': 10444.399999976158}",577271689578,2296825876,POINT (0.3618582750447038 0.345193102065139),,,,,,,,,,,,
0,32,10,"{'x': 694.7678880858311, 'y': 372.8085502303501, 'elapsedTime': 10444.399999976158}",577271706252,2296842550,POINT (0.3618582750447038 0.345193102065139),,,,,,,,,,,,
0,32,10,"{'x': 694.0452521208683, 'y': 322.47001658438586, 'elapsedTime': 10486.700000047684}",577271722922,2296859219,POINT (0.3614819021462856 0.2985833486892462),,,,,,,,,,,1,
0,32,10,"{'x': 694.0452521208683, 'y': 322.47001658438586, 'elapsedTime': 10486.700000047684}",577271739589,2296875886,POINT (0.3614819021462856 0.2985833486892462),,,,,,,,,,,1,
0,32,10,"{'x': 694.0452521208683, 'y': 322.47001658438586, 'elapsedTime': 10486.700000047684}",577271756256,2296892552,POINT (0.3614819021462856 0.2985833486892462),,,,,,,,,,,1,
0,32,10,"{'x': 642.3154987961727, 'y': 173.0743661782446, 'elapsedTime': 10534.399999976158}",577271772923,2296909219,POINT (0.3345393222896733 0.1602540427576339),,,,,,,,,,1,,
0,32,10,"{'x': 642.3154987961727, 'y': 173.0743661782446, 'elapsedTime': 10534.399999976158}",577271789591,2296925886,POINT (0.3345393222896733 0.1602540427576339),,,,,,,,,,1,,
0,32,10,"{'x': 642.3154987961727, 'y': 173.0743661782446, 'elapsedTime': 10534.399999976158}",577271806257,2296942552,POINT (0.3345393222896733 0.1602540427576339),,,,,,,,,,1,,
0,32,10,"{'x': 730.133505956507, 'y': 22.678408424605692, 'elapsedTime': 10588.200000047684}",577271822925,2296959219,POINT (0.3802778676856807 0.0209985263190793),,,,,,,,,,,,
0,32,10,"{'x': 730.133505956507, 'y': 22.678408424605692, 'elapsedTime': 10588.200000047684}",577271839596,2296975890,POINT (0.3802778676856807 0.0209985263190793),,,,,,,,,,,,
0,32,10,"{'x': 730.133505956507, 'y': 22.678408424605692, 'elapsedTime': 10588.200000047684}",577271856263,2296992557,POINT (0.3802778676856807 0.0209985263190793),,,,,,,,,,,,
0,32,10,"{'x': 787.3981272051874, 'y': -121.57337849352889, 'elapsedTime': 10641.100000023842}",577271872930,2297009223,POINT (0.4101031912527018 -0.1125679430495638),,,,,,,,,,,,
0,32,10,"{'x': 787.3981272051874, 'y': -121.57337849352889, 'elapsedTime': 10641.100000023842}",577271889597,2297025890,POINT (0.4101031912527018 -0.1125679430495638),,,,,,,,,,,,
0,32,10,"{'x': 787.3981272051874, 'y': -121.57337849352889, 'elapsedTime': 10641.100000023842}",577271906265,2297042557,POINT (0.4101031912527018 -0.1125679430495638),,,,,,,,,,,,
0,32,10,"{'x': 836.5883716199938, 'y': 75.79916974636049, 'elapsedTime': 10695.600000023842}",577271922931,2297059223,POINT (0.4357231102187468 0.0701844164318153),,,,,,,,,,,,
0,32,10,"{'x': 836.5883716199938, 'y': 75.79916974636049, 'elapsedTime': 10695.600000023842}",577271939599,2297075890,POINT (0.4357231102187468 0.0701844164318153),,,,,,,,,,,,
0,32,10,"{'x': 836.5883716199938, 'y': 75.79916974636049, 'elapsedTime': 10695.600000023842}",577271956269,2297092560,POINT (0.4357231102187468 0.0701844164318153),,,,,,,,,,,,
0,32,10,"{'x': 840.4964043151284, 'y': 263.2871520895017, 'elapsedTime': 10737.899999976158}",577271972935,2297109225,POINT (0.4377585439141294 0.243784400082872),,,,,,,,,,1,1,
0,32,10,"{'x': 840.4964043151284, 'y': 263.2871520895017, 'elapsedTime': 10737.899999976158}",577271989604,2297125894,POINT (0.4377585439141294 0.243784400082872),,,,,,,,,,1,1,
0,32,10,"{'x': 840.4964043151284, 'y': 263.2871520895017, 'elapsedTime': 10737.899999976158}",577272006272,2297142561,POINT (0.4377585439141294 0.243784400082872),,,,,,,,,,1,1,
0,32,10,"{'x': 840.4964043151284, 'y': 263.2871520895017, 'elapsedTime': 10737.899999976158}",577272022938,2297159227,POINT (0.4377585439141294 0.243784400082872),,,,,,,,,,1,1,
0,32,10,"{'x': 746.8020416090943, 'y': 323.95542376826097, 'elapsedTime': 10782.800000071526}",577272039605,2297175893,POINT (0.3889593966714033 0.2999587257113527),,,,,,,,,,,1,
0,32,10,"{'x': 746.8020416090943, 'y': 323.95542376826097, 'elapsedTime': 10782.800000071526}",577272056272,2297192560,POINT (0.3889593966714033 0.2999587257113527),,,,,,,,,,,1,
0,32,10,"{'x': 746.8020416090943, 'y': 323.95542376826097, 'elapsedTime': 10782.800000071526}",577272072940,2297209227,POINT (0.3889593966714033 0.2999587257113527),,,,,,,,,,,1,
0,32,10,"{'x': 706.0701573094263, 'y': 357.08524011150155, 'elapsedTime': 10857}",577272089611,2297225898,POINT (0.3677448735986595 0.3306344815847236),,,,,,,,,,,,
0,32,10,"{'x': 706.0701573094263, 'y': 357.08524011150155, 'elapsedTime': 10857}",577272106278,2297242564,POINT (0.3677448735986595 0.3306344815847236),,,,,,,,,,,,
0,32,10,"{'x': 717.8117163839752, 'y': 328.30633001498853, 'elapsedTime': 10901.100000023842}",577272122945,2297259231,POINT (0.3738602689499871 0.3039873426064709),,,,,,,,,,,1,
0,32,10,"{'x': 717.8117163839752, 'y': 328.30633001498853, 'elapsedTime': 10901.100000023842}",577272139613,2297275898,POINT (0.3738602689499871 0.3039873426064709),,,,,,,,,,,1,
0,32,10,"{'x': 717.8117163839752, 'y': 328.30633001498853, 'elapsedTime': 10901.100000023842}",577272156279,2297292564,POINT (0.3738602689499871 0.3039873426064709),,,,,,,,,,,1,
0,32,10,"{'x': 678.0832383565083, 'y': 328.5994772582396, 'elapsedTime': 10950.200000047684}",577272172947,2297309231,POINT (0.3531683533106814 0.3042587752391107),,,,,,,,,,,1,
0,32,10,"{'x': 678.0832383565083, 'y': 328.5994772582396, 'elapsedTime': 10950.200000047684}",577272189614,2297325898,POINT (0.3531683533106814 0.3042587752391107),,,,,,,,,,,1,
0,32,10,"{'x': 678.0832383565083, 'y': 328.5994772582396, 'elapsedTime': 10950.200000047684}",577272206281,2297342564,POINT (0.3531683533106814 0.3042587752391107),,,,,,,,,,,1,
0,32,10,"{'x': 692.5078316218473, 'y': 370.95476197476046, 'elapsedTime': 10992.399999976158}",577272222954,2297359237,POINT (0.3606811623030455 0.3434766314581115),,,,,,,,,,,,
0,32,10,"{'x': 692.5078316218473, 'y': 370.95476197476046, 'elapsedTime': 10992.399999976158}",577272239621,2297375903,POINT (0.3606811623030455 0.3434766314581115),,,,,,,,,,,,
0,32,10,"{'x': 672.7595552890407, 'y': 333.0969396182394, 'elapsedTime': 11037.700000047684}",577272256288,2297392570,POINT (0.350395601713042 0.3084230922391105),,,,,,,,,,,1,
0,32,10,"{'x': 672.7595552890407, 'y': 333.0969396182394, 'elapsedTime': 11037.700000047684}",577272272956,2297409237,POINT (0.350395601713042 0.3084230922391105),,,,,,,,,,,1,
0,32,10,"{'x': 695.323933798049, 'y': 345.62745682485587, 'elapsedTime': 11079.899999976158}",577272289623,2297425904,POINT (0.3621478821864839 0.3200254229859776),,,,,,,,,,,,
0,32,10,"{'x': 695.323933798049, 'y': 345.62745682485587, 'elapsedTime': 11079.899999976158}",577272306290,2297442570,POINT (0.3621478821864839 0.3200254229859776),,,,,,,,,,,,
0,32,10,"{'x': 695.323933798049, 'y': 345.62745682485587, 'elapsedTime': 11079.899999976158}",577272322957,2297459237,POINT (0.3621478821864839 0.3200254229859776),,,,,,,,,,,,
0,32,10,"{'x': 695.323933798049, 'y': 345.62745682485587, 'elapsedTime': 11079.899999976158}",577272339624,2297475903,POINT (0.3621478821864839 0.3200254229859776),,,,,,,,,,,,
0,32,10,"{'x': 718.0194302392989, 'y': 292.77651433262827, 'elapsedTime': 11124.600000023842}",577272356296,2297492575,POINT (0.3739684532496348 0.271089365122804),,,,,,,,,,1,1,
0,32,10,"{'x': 718.0194302392989, 'y': 292.77651433262827, 'elapsedTime': 11124.600000023842}",577272372964,2297509242,POINT (0.3739684532496348 0.271089365122804),,,,,,,,,,1,1,
0,32,10,"{'x': 718.3631747896329, 'y': 305.19609923379755, 'elapsedTime': 11173}",577272389631,2297525909,POINT (0.3741474868696005 0.2825889807720348),,,,,,,,,,1,1,
0,32,10,"{'x': 718.3631747896329, 'y': 305.19609923379755, 'elapsedTime': 11173}",577272406298,2297542575,POINT (0.3741474868696005 0.2825889807720348),,,,,,,,,,1,1,
0,32,10,"{'x': 718.3631747896329, 'y': 305.19609923379755, 'elapsedTime': 11173}",577272422965,2297559242,POINT (0.3741474868696005 0.2825889807720348),,,,,,,,,,1,1,
0,32,10,"{'x': 745.362217093434, 'y': 296.93987052148395, 'elapsedTime': 11216.600000023842}",577272439632,2297575908,POINT (0.3882094880694968 0.2749443245569296),,,,,,,,,,1,1,
0,32,10,"{'x': 745.362217093434, 'y': 296.93987052148395, 'elapsedTime': 11216.600000023842}",577272456299,2297592575,POINT (0.3882094880694968 0.2749443245569296),,,,,,,,,,1,1,
0,32,10,"{'x': 703.1863400866789, 'y': 324.0233329132318, 'elapsedTime': 11262}",577272472967,2297609242,POINT (0.3662428854618119 0.3000216045492887),,,,,,,,,,,1,
0,32,10,"{'x': 703.1863400866789, 'y': 324.0233329132318, 'elapsedTime': 11262}",577272489640,2297625915,POINT (0.3662428854618119 0.3000216045492887),,,,,,,,,,,1,
0,32,10,"{'x': 703.1863400866789, 'y': 324.0233329132318, 'elapsedTime': 11262}",577272506308,2297642582,POINT (0.3662428854618119 0.3000216045492887),,,,,,,,,,,1,
0,32,10,"{'x': 695.7427678797851, 'y': 301.48913604133963, 'elapsedTime': 11303.899999976158}",577272522974,2297659248,POINT (0.3623660249373881 0.2791566074456848),,,,,,,,,,1,1,
0,32,10,"{'x': 695.7427678797851, 'y': 301.48913604133963, 'elapsedTime': 11303.899999976158}",577272539643,2297675916,POINT (0.3623660249373881 0.2791566074456848),,,,,,,,,,1,1,
0,32,10,"{'x': 695.7427678797851, 'y': 301.48913604133963, 'elapsedTime': 11303.899999976158}",577272556309,2297692582,POINT (0.3623660249373881 0.2791566074456848),,,,,,,,,,1,1,
0,32,10,"{'x': 675.1888500533672, 'y': 310.12731170951463, 'elapsedTime': 11347.300000071526}",577272572977,2297709249,POINT (0.3516608594027954 0.2871549182495506),,,,,,,,,,1,1,
0,32,10,"{'x': 675.1888500533672, 'y': 310.12731170951463, 'elapsedTime': 11347.300000071526}",577272589643,2297725915,POINT (0.3516608594027954 0.2871549182495506),,,,,,,,,,1,1,
0,32,10,"{'x': 675.1888500533672, 'y': 310.12731170951463, 'elapsedTime': 11347.300000071526}",577272606310,2297742582,POINT (0.3516608594027954 0.2871549182495506),,,,,,,,,,1,1,
0,32,10,"{'x': 591.2454095922744, 'y': 338.6506434398493, 'elapsedTime': 11394.300000071526}",577272622980,2297759251,POINT (0.3079403174959763 0.3135654105924531),,,,,,,,,,,,
0,32,10,"{'x': 591.2454095922744, 'y': 338.6506434398493, 'elapsedTime': 11394.300000071526}",577272639647,2297775918,POINT (0.3079403174959763 0.3135654105924531),,,,,,,,,,,,
0,32,10,"{'x': 591.2454095922744, 'y': 338.6506434398493, 'elapsedTime': 11394.300000071526}",577272656314,2297792584,POINT (0.3079403174959763 0.3135654105924531),,,,,,,,,,,,
0,32,10,"{'x': 628.2951790274296, 'y': 322.9522169145622, 'elapsedTime': 11445.5}",577272672981,2297809251,POINT (0.3272370724101196 0.2990298304764465),,,,,,,,,,,1,
0,32,10,"{'x': 628.2951790274296, 'y': 322.9522169145622, 'elapsedTime': 11445.5}",577272689648,2297825917,POINT (0.3272370724101196 0.2990298304764465),,,,,,,,,,,1,
0,32,10,"{'x': 628.2951790274296, 'y': 322.9522169145622, 'elapsedTime': 11445.5}",577272706315,2297842584,POINT (0.3272370724101196 0.2990298304764465),,,,,,,,,,,1,
0,32,10,"{'x': 620.6091790892172, 'y': 354.26505921553917, 'elapsedTime': 11490.600000023842}",577272722983,2297859251,POINT (0.3232339474423006 0.3280232029773511),,,,,,,,,,,,
0,32,10,"{'x': 620.6091790892172, 'y': 354.26505921553917, 'elapsedTime': 11490.600000023842}",577272739649,2297875917,POINT (0.3232339474423006 0.3280232029773511),,,,,,,,,,,,
0,32,10,"{'x': 620.6091790892172, 'y': 354.26505921553917, 'elapsedTime': 11490.600000023842}",577272756322,2297892589,POINT (0.3232339474423006 0.3280232029773511),,,,,,,,,,,,
0,32,10,"{'x': 567.1732566731854, 'y': 334.2963413983462, 'elapsedTime': 11544.5}",577272772989,2297909256,POINT (0.2954027378506174 0.3095336494429132),,,,,,,,,,,,
0,32,10,"{'x': 567.1732566731854, 'y': 334.2963413983462, 'elapsedTime': 11544.5}",577272789656,2297925922,POINT (0.2954027378506174 0.3095336494429132),,,,,,,,,,,,
0,32,10,"{'x': 530.5740657914403, 'y': 340.3868337274442, 'elapsedTime': 11588.200000047684}",577272806323,2297942589,POINT (0.2763406592663751 0.315172994192078),,,,,,,,,,,,
0,32,10,"{'x': 530.5740657914403, 'y': 340.3868337274442, 'elapsedTime': 11588.200000047684}",577272822990,2297959255,POINT (0.2763406592663751 0.315172994192078),,,,,,,,,,,,
0,32,10,"{'x': 530.5740657914403, 'y': 340.3868337274442, 'elapsedTime': 11588.200000047684}",577272839657,2297975922,POINT (0.2763406592663751 0.315172994192078),,,,,,,,,,,,
0,32,10,"{'x': 584.4217500266058, 'y': 327.99033811746256, 'elapsedTime': 11628.600000023842}",577272856325,2297992589,POINT (0.3043863281388572 0.303694757516169),,,,,,,,,,,,
0,32,10,"{'x': 584.4217500266058, 'y': 327.99033811746256, 'elapsedTime': 11628.600000023842}",577272872996,2298009260,POINT (0.3043863281388572 0.303694757516169),,,,,,,,,,,,
0,32,10,"{'x': 595.64246868876, 'y': 301.652992295789, 'elapsedTime': 11671.100000023842}",577272889664,2298025927,POINT (0.3102304524420625 0.2793083261998046),,,,,,,,,,1,1,
0,32,10,"{'x': 595.64246868876, 'y': 301.652992295789, 'elapsedTime': 11671.100000023842}",577272906331,2298042594,POINT (0.3102304524420625 0.2793083261998046),,,,,,,,,,1,1,
0,32,10,"{'x': 671.7345011903664, 'y': 250.38090911380954, 'elapsedTime': 11715.100000023842}",577272922999,2298059261,POINT (0.3498617193699825 0.2318341751053792),,,,,,,,,,,1,
0,32,10,"{'x': 671.7345011903664, 'y': 250.38090911380954, 'elapsedTime': 11715.100000023842}",577272939665,2298075927,POINT (0.3498617193699825 0.2318341751053792),,,,,,,,,,,1,
0,32,10,"{'x': 671.7345011903664, 'y': 250.38090911380954, 'elapsedTime': 11715.100000023842}",577272956333,2298092594,POINT (0.3498617193699825 0.2318341751053792),,,,,,,,,,,1,
0,32,10,"{'x': 671.7345011903664, 'y': 250.38090911380954, 'elapsedTime': 11715.100000023842}",577272972999,2298109260,POINT (0.3498617193699825 0.2318341751053792),,,,,,,,,,,1,
0,32,10,"{'x': 678.8548671327798, 'y': 246.9449217776753, 'elapsedTime': 11757.100000023842}",577272989667,2298125927,POINT (0.3535702432983228 0.2286527053496993),,,,,,,,,,,1,
0,32,10,"{'x': 678.8548671327798, 'y': 246.9449217776753, 'elapsedTime': 11757.100000023842}",577273006335,2298142595,POINT (0.3535702432983228 0.2286527053496993),,,,,,,,,,,1,
0,32,10,"{'x': 678.8548671327798, 'y': 246.9449217776753, 'elapsedTime': 11757.100000023842}",577273023002,2298159261,POINT (0.3535702432983228 0.2286527053496993),,,,,,,,,,,1,
0,32,10,"{'x': 757.884624074033, 'y': 232.64020138546348, 'elapsedTime': 11802.899999976158}",577273039669,2298175928,POINT (0.3947315750385589 0.2154075938754292),,,,,,,,,,,1,
0,32,10,"{'x': 757.884624074033, 'y': 232.64020138546348, 'elapsedTime': 11802.899999976158}",577273056337,2298192595,POINT (0.3947315750385589 0.2154075938754292),,,,,,,,,,,1,
0,32,10,"{'x': 757.884624074033, 'y': 232.64020138546348, 'elapsedTime': 11802.899999976158}",577273073003,2298209261,POINT (0.3947315750385589 0.2154075938754292),,,,,,,,,,,1,
0,32,10,"{'x': 718.5032050016005, 'y': 286.1852335694702, 'elapsedTime': 11856.5}",577273089671,2298225928,POINT (0.3742204192716669 0.2649863273791391),,,,,,,,,,1,1,
0,32,10,"{'x': 718.5032050016005, 'y': 286.1852335694702, 'elapsedTime': 11856.5}",577273106338,2298242595,POINT (0.3742204192716669 0.2649863273791391),,,,,,,,,,1,1,
0,32,10,"{'x': 715.7042213000469, 'y': 281.80609978689176, 'elapsedTime': 11904.399999976158}",577273123005,2298259261,POINT (0.3727626152604411 0.2609315738767516),,,,,,,,,,1,1,
0,32,10,"{'x': 715.7042213000469, 'y': 281.80609978689176, 'elapsedTime': 11904.399999976158}",577273139680,2298275936,POINT (0.3727626152604411 0.2609315738767516),,,,,,,,,,1,1,
0,32,10,"{'x': 715.7042213000469, 'y': 281.80609978689176, 'elapsedTime': 11904.399999976158}",577273156348,2298292603,POINT (0.3727626152604411 0.2609315738767516),,,,,,,,,,1,1,
0,32,10,"{'x': 712.2623644826781, 'y': 285.996613922731, 'elapsedTime': 11953}",577273173015,2298309270,POINT (0.3709699815013948 0.2648116795580843),,,,,,,,,,1,1,
0,32,10,"{'x': 712.2623644826781, 'y': 285.996613922731, 'elapsedTime': 11953}",577273189682,2298325936,POINT (0.3709699815013948 0.2648116795580843),,,,,,,,,,1,1,
0,32,10,"{'x': 712.2623644826781, 'y': 285.996613922731, 'elapsedTime': 11953}",577273206349,2298342603,POINT (0.3709699815013948 0.2648116795580843),,,,,,,,,,1,1,
0,32,10,"{'x': 790.9261367492143, 'y': 248.85566567699595, 'elapsedTime': 12000}",577273223016,2298359269,POINT (0.4119406962235491 0.2304219126638852),,,,,,,,,,,1,
0,32,10,"{'x': 790.9261367492143, 'y': 248.85566567699595, 'elapsedTime': 12000}",577273239683,2298375936,POINT (0.4119406962235491 0.2304219126638852),,,,,,,,,,,1,
0,32,10,"{'x': 790.9261367492143, 'y': 248.85566567699595, 'elapsedTime': 12000}",577273256350,2298392602,POINT (0.4119406962235491 0.2304219126638852),,,,,,,,,,,1,
0,32,10,"{'x': 745.3720668871915, 'y': 239.30437045007906, 'elapsedTime': 12045.899999976158}",577273273021,2298409273,POINT (0.3882146181704122 0.2215781207871103),,,,,,,,,,,1,
0,32,10,"{'x': 745.3720668871915, 'y': 239.30437045007906, 'elapsedTime': 12045.899999976158}",577273289689,2298425940,POINT (0.3882146181704122 0.2215781207871103),,,,,,,,,,,1,
0,32,10,"{'x': 745.3720668871915, 'y': 239.30437045007906, 'elapsedTime': 12045.899999976158}",577273306356,2298442607,POINT (0.3882146181704122 0.2215781207871103),,,,,,,,,,,1,
0,32,10,"{'x': 741.1304806567365, 'y': 238.64939396700987, 'elapsedTime': 12089.800000071526}",577273323023,2298459273,POINT (0.3860054586753836 0.2209716610805647),,,,,,,,,,,1,
0,32,10,"{'x': 741.1304806567365, 'y': 238.64939396700987, 'elapsedTime': 12089.800000071526}",577273339690,2298475940,POINT (0.3860054586753836 0.2209716610805647),,,,,,,,,,,1,
0,32,10,"{'x': 741.1304806567365, 'y': 238.64939396700987, 'elapsedTime': 12089.800000071526}",577273356357,2298492606,POINT (0.3860054586753836 0.2209716610805647),,,,,,,,,,,1,
0,32,10,"{'x': 837.1889197253936, 'y': 395.58801639472995, 'elapsedTime': 12135.300000071526}",577273373024,2298509273,POINT (0.4360358956903092 0.3662852003654907),,,,,,,,,,,,
0,32,10,"{'x': 837.1889197253936, 'y': 395.58801639472995, 'elapsedTime': 12135.300000071526}",577273389691,2298525940,POINT (0.4360358956903092 0.3662852003654907),,,,,,,,,,,,
0,32,10,"{'x': 837.1889197253936, 'y': 395.58801639472995, 'elapsedTime': 12135.300000071526}",577273406364,2298542612,POINT (0.4360358956903092 0.3662852003654907),,,,,,,,,,,,
0,32,10,"{'x': 902.5017288876925, 'y': 516.271958640755, 'elapsedTime': 12192.5}",577273423030,2298559278,POINT (0.4700529837956732 0.4780295913340324),,,,,,,,,,,1,
0,32,10,"{'x': 902.5017288876925, 'y': 516.271958640755, 'elapsedTime': 12192.5}",577273439698,2298575945,POINT (0.4700529837956732 0.4780295913340324),,,,,,,,,,,1,
0,32,10,"{'x': 902.5017288876925, 'y': 516.271958640755, 'elapsedTime': 12192.5}",577273456364,2298592611,POINT (0.4700529837956732 0.4780295913340324),,,,,,,,,,,1,
0,32,10,"{'x': 829.9624610012744, 'y': 490.58153434296764, 'elapsedTime': 12243.600000023842}",577273473032,2298609278,POINT (0.4322721151048304 0.4542421614286737),,,,,,,,,,,,
0,32,10,"{'x': 829.9624610012744, 'y': 490.58153434296764, 'elapsedTime': 12243.600000023842}",577273489699,2298625945,POINT (0.4322721151048304 0.4542421614286737),,,,,,,,,,,,
0,32,10,"{'x': 829.9988830099886, 'y': 521.6885465251162, 'elapsedTime': 12288}",577273506366,2298642611,POINT (0.4322910849010357 0.4830449504862187),,,,,,,,,,,1,
0,32,10,"{'x': 829.9988830099886, 'y': 521.6885465251162, 'elapsedTime': 12288}",577273523033,2298659278,POINT (0.4322910849010357 0.4830449504862187),,,,,,,,,,,1,
0,32,10,"{'x': 829.9988830099886, 'y': 521.6885465251162, 'elapsedTime': 12288}",577273539705,2298675949,POINT (0.4322910849010357 0.4830449504862187),,,,,,,,,,,1,
0,32,10,"{'x': 829.9988830099886, 'y': 521.6885465251162, 'elapsedTime': 12288}",577273556372,2298692616,POINT (0.4322910849010357 0.4830449504862187),,,,,,,,,,,1,
0,32,10,"{'x': 765.1580240189704, 'y': 555.2461119421837, 'elapsedTime': 12330.300000071526}",577273573039,2298709282,POINT (0.3985198041765471 0.5141167703168368),,,,,,,,,,,1,
0,32,10,"{'x': 765.1580240189704, 'y': 555.2461119421837, 'elapsedTime': 12330.300000071526}",577273589706,2298725949,POINT (0.3985198041765471 0.5141167703168368),,,,,,,,,,,1,
0,32,10,"{'x': 765.1580240189704, 'y': 555.2461119421837, 'elapsedTime': 12330.300000071526}",577273606373,2298742615,POINT (0.3985198041765471 0.5141167703168368),,,,,,,,,,,1,
0,32,10,"{'x': 687.7586441121359, 'y': 464.1133199148239, 'elapsedTime': 12391.899999976158}",577273623040,2298759282,POINT (0.3582076271417375 0.4297345554766888),,,,,,,,,,,,
0,32,10,"{'x': 687.7586441121359, 'y': 464.1133199148239, 'elapsedTime': 12391.899999976158}",577273639708,2298775949,POINT (0.3582076271417375 0.4297345554766888),,,,,,,,,,,,
0,32,10,"{'x': 687.7586441121359, 'y': 464.1133199148239, 'elapsedTime': 12391.899999976158}",577273656375,2298792616,POINT (0.3582076271417375 0.4297345554766888),,,,,,,,,,,,
0,32,10,"{'x': 547.5527393464961, 'y': 440.3850333246773, 'elapsedTime': 12442}",577273673049,2298809289,POINT (0.2851837184096334 0.4077639197450716),,,,,,,,,,,,
0,32,10,"{'x': 547.5527393464961, 'y': 440.3850333246773, 'elapsedTime': 12442}",577273689715,2298825955,POINT (0.2851837184096334 0.4077639197450716),,,,,,,,,,,,
0,32,10,"{'x': 533.9989464945353, 'y': 458.1631561649101, 'elapsedTime': 12485.600000023842}",577273706383,2298842622,POINT (0.2781244512992371 0.424225144597139),,,,,,,,,,,,
0,32,10,"{'x': 533.9989464945353, 'y': 458.1631561649101, 'elapsedTime': 12485.600000023842}",577273723050,2298859289,POINT (0.2781244512992371 0.424225144597139),,,,,,,,,,,,
0,32,10,"{'x': 533.9989464945353, 'y': 458.1631561649101, 'elapsedTime': 12485.600000023842}",577273739718,2298875956,POINT (0.2781244512992371 0.424225144597139),,,,,,,,,,,,
0,32,10,"{'x': 573.9890852411786, 'y': 395.3168404882632, 'elapsedTime': 12529}",577273756385,2298892623,POINT (0.2989526485631139 0.3660341115632067),,,,,,,,,,,,
0,32,10,"{'x': 573.9890852411786, 'y': 395.3168404882632, 'elapsedTime': 12529}",577273773052,2298909289,POINT (0.2989526485631139 0.3660341115632067),,,,,,,,,,,,
0,32,10,"{'x': 573.9890852411786, 'y': 395.3168404882632, 'elapsedTime': 12529}",577273789720,2298925957,POINT (0.2989526485631139 0.3660341115632067),,,,,,,,,,,,
0,32,10,"{'x': 526.743652043388, 'y': 413.9379808659781, 'elapsedTime': 12572.800000071526}",577273806388,2298942624,POINT (0.2743456521059313 0.383275908209239),,,,,,,,,,,,
0,32,10,"{'x': 526.743652043388, 'y': 413.9379808659781, 'elapsedTime': 12572.800000071526}",577273823055,2298959291,POINT (0.2743456521059313 0.383275908209239),,,,,,,,,,,,
0,32,10,"{'x': 514.6140172615036, 'y': 373.42982169626646, 'elapsedTime': 12620.899999976158}",577273839723,2298975958,POINT (0.2680281339903665 0.3457683534224689),,,,,,,,,,,,
0,32,10,"{'x': 514.6140172615036, 'y': 373.42982169626646, 'elapsedTime': 12620.899999976158}",577273856389,2298992624,POINT (0.2680281339903665 0.3457683534224689),,,,,,,,,,,,
0,32,10,"{'x': 514.6140172615036, 'y': 373.42982169626646, 'elapsedTime': 12620.899999976158}",577273873057,2299009291,POINT (0.2680281339903665 0.3457683534224689),,,,,,,,,,,,
0,32,10,"{'x': 555.8458044776961, 'y': 418.3708756630575, 'elapsedTime': 12663.800000071526}",577273889724,2299025958,POINT (0.2895030231654667 0.387380440428757),,,,,,,,,,,,
0,32,10,"{'x': 555.8458044776961, 'y': 418.3708756630575, 'elapsedTime': 12663.800000071526}",577273906391,2299042624,POINT (0.2895030231654667 0.387380440428757),,,,,,,,,,,,
0,32,10,"{'x': 555.8458044776961, 'y': 418.3708756630575, 'elapsedTime': 12663.800000071526}",577273923063,2299059296,POINT (0.2895030231654667 0.387380440428757),,,,,,,,,,,,
0,32,10,"{'x': 586.7641779452352, 'y': 398.17124406026306, 'elapsedTime': 12707.899999976158}",577273939731,2299075963,POINT (0.30560634267981 0.3686770778335769),,,,,,,,,,,,
0,32,10,"{'x': 586.7641779452352, 'y': 398.17124406026306, 'elapsedTime': 12707.899999976158}",577273956397,2299092629,POINT (0.30560634267981 0.3686770778335769),,,,,,,,,,,,
0,32,10,"{'x': 586.7641779452352, 'y': 398.17124406026306, 'elapsedTime': 12707.899999976158}",577273973065,2299109296,POINT (0.30560634267981 0.3686770778335769),,,,,,,,,,,,
0,32,10,"{'x': 613.0867329160264, 'y': 393.1747516475191, 'elapsedTime': 12754}",577273989731,2299125962,POINT (0.3193160067270971 0.3640506959699251),,,,,,,,,,,,
0,32,10,"{'x': 613.0867329160264, 'y': 393.1747516475191, 'elapsedTime': 12754}",577274006399,2299142629,POINT (0.3193160067270971 0.3640506959699251),,,,,,,,,,,,
0,32,10,"{'x': 613.0867329160264, 'y': 393.1747516475191, 'elapsedTime': 12754}",577274023066,2299159296,POINT (0.3193160067270971 0.3640506959699251),,,,,,,,,,,,
0,32,10,"{'x': 613.0867329160264, 'y': 393.1747516475191, 'elapsedTime': 12754}",577274039734,2299175963,POINT (0.3193160067270971 0.3640506959699251),,,,,,,,,,,,
0,32,10,"{'x': 613.0867329160264, 'y': 393.1747516475191, 'elapsedTime': 12754}",577274056405,2299192634,POINT (0.3193160067270971 0.3640506959699251),,,,,,,,,,,,
0,32,10,"{'x': 666.9672558749289, 'y': 460.0898507736317, 'elapsedTime': 12812.899999976158}",577274073075,2299209303,POINT (0.3473787791015255 0.426009121086696),,,,,,,,,,,,
0,32,10,"{'x': 666.9672558749289, 'y': 460.0898507736317, 'elapsedTime': 12812.899999976158}",577274089740,2299225968,POINT (0.3473787791015255 0.426009121086696),,,,,,,,,,,,
0,32,10,"{'x': 666.9672558749289, 'y': 460.0898507736317, 'elapsedTime': 12812.899999976158}",577274106407,2299242634,POINT (0.3473787791015255 0.426009121086696),,,,,,,,,,,,
0,32,10,"{'x': 666.786783276718, 'y': 495.5327590512889, 'elapsedTime': 12887.800000071526}",577274123074,2299259301,POINT (0.347284782956624 0.4588266287511934),,,,,,,,,,,,
0,32,10,"{'x': 666.786783276718, 'y': 495.5327590512889, 'elapsedTime': 12887.800000071526}",577274139742,2299275968,POINT (0.347284782956624 0.4588266287511934),,,,,,,,,,,,
0,32,10,"{'x': 666.786783276718, 'y': 495.5327590512889, 'elapsedTime': 12887.800000071526}",577274156408,2299292634,POINT (0.347284782956624 0.4588266287511934),,,,,,,,,,,,
0,32,10,"{'x': 685.6812746065413, 'y': 445.72820998391677, 'elapsedTime': 12938.399999976158}",577274173074,2299309300,POINT (0.3571256638575736 0.4127113055406636),,,,,,,,,,,,
0,32,10,"{'x': 685.6812746065413, 'y': 445.72820998391677, 'elapsedTime': 12938.399999976158}",577274189746,2299325971,POINT (0.3571256638575736 0.4127113055406636),,,,,,,,,,,,
0,32,10,"{'x': 735.8399922068264, 'y': 452.02353445796456, 'elapsedTime': 12988.5}",577274206413,2299342638,POINT (0.3832499959410554 0.4185403096833005),,,,,,,,,,,,
0,32,10,"{'x': 735.8399922068264, 'y': 452.02353445796456, 'elapsedTime': 12988.5}",577274223081,2299359305,POINT (0.3832499959410554 0.4185403096833005),,,,,,,,,,,,
0,32,10,"{'x': 735.8399922068264, 'y': 452.02353445796456, 'elapsedTime': 12988.5}",577274239748,2299375972,POINT (0.3832499959410554 0.4185403096833005),,,,,,,,,,,,
0,32,10,"{'x': 739.3418495716843, 'y': 390.58808619996614, 'elapsedTime': 13033.399999976158}",577274256415,2299392638,POINT (0.3850738799852522 0.361655635370339),,,,,,,,,,,,
0,32,10,"{'x': 739.3418495716843, 'y': 390.58808619996614, 'elapsedTime': 13033.399999976158}",577274273081,2299409304,POINT (0.3850738799852522 0.361655635370339),,,,,,,,,,,,
0,32,10,"{'x': 739.3418495716843, 'y': 390.58808619996614, 'elapsedTime': 13033.399999976158}",577274289749,2299425971,POINT (0.3850738799852522 0.361655635370339),,,,,,,,,,,,
0,32,10,"{'x': 741.4701781208081, 'y': 343.75334214126383, 'elapsedTime': 13077.300000071526}",577274306416,2299442638,POINT (0.3861823844379209 0.3182901316122813),,,,,,,,,,,1,
0,32,10,"{'x': 741.4701781208081, 'y': 343.75334214126383, 'elapsedTime': 13077.300000071526}",577274323088,2299459309,POINT (0.3861823844379209 0.3182901316122813),,,,,,,,,,,1,
0,32,10,"{'x': 741.4701781208081, 'y': 343.75334214126383, 'elapsedTime': 13077.300000071526}",577274339756,2299475977,POINT (0.3861823844379209 0.3182901316122813),,,,,,,,,,,1,
0,32,10,"{'x': 752.0411662362634, 'y': 331.62589943947927, 'elapsedTime': 13131.600000023842}",577274356423,2299492643,POINT (0.3916881074147205 0.3070610179995178),,,,,,,,,,,1,
0,32,10,"{'x': 752.0411662362634, 'y': 331.62589943947927, 'elapsedTime': 13131.600000023842}",577274373089,2299509309,POINT (0.3916881074147205 0.3070610179995178),,,,,,,,,,,1,
0,32,10,"{'x': 752.0411662362634, 'y': 331.62589943947927, 'elapsedTime': 13131.600000023842}",577274389757,2299525976,POINT (0.3916881074147205 0.3070610179995178),,,,,,,,,,,1,
0,32,10,"{'x': 788.5544590944306, 'y': 282.1593888796847, 'elapsedTime': 13178.300000071526}",577274406424,2299542643,POINT (0.410705447445016 0.2612586934071154),,,,,,,,,,1,1,
0,32,10,"{'x': 788.5544590944306, 'y': 282.1593888796847, 'elapsedTime': 13178.300000071526}",577274423092,2299559310,POINT (0.410705447445016 0.2612586934071154),,,,,,,,,,1,1,
0,32,10,"{'x': 788.5544590944306, 'y': 282.1593888796847, 'elapsedTime': 13178.300000071526}",577274439758,2299575976,POINT (0.410705447445016 0.2612586934071154),,,,,,,,,,1,1,
0,32,10,"{'x': 778.0370024171652, 'y': 307.46646396445936, 'elapsedTime': 13224.200000047684}",577274456429,2299592646,POINT (0.4052276054256069 0.2846911703374624),,,,,,,,,,1,1,
0,32,10,"{'x': 778.0370024171652, 'y': 307.46646396445936, 'elapsedTime': 13224.200000047684}",577274473095,2299609312,POINT (0.4052276054256069 0.2846911703374624),,,,,,,,,,1,1,
0,32,10,"{'x': 778.0370024171652, 'y': 307.46646396445936, 'elapsedTime': 13224.200000047684}",577274489763,2299625979,POINT (0.4052276054256069 0.2846911703374624),,,,,,,,,,1,1,
0,32,10,"{'x': 784.9528541016813, 'y': 285.2042810686249, 'elapsedTime': 13274.5}",577274506430,2299642646,POINT (0.4088296115112923 0.2640780380265045),,,,,,,,,,1,1,
0,32,10,"{'x': 784.9528541016813, 'y': 285.2042810686249, 'elapsedTime': 13274.5}",577274523097,2299659312,POINT (0.4088296115112923 0.2640780380265045),,,,,,,,,,1,1,
0,32,10,"{'x': 784.9528541016813, 'y': 285.2042810686249, 'elapsedTime': 13274.5}",577274539764,2299675979,POINT (0.4088296115112923 0.2640780380265045),,,,,,,,,,1,1,
0,32,10,"{'x': 768.646797548654, 'y': 272.54440910035623, 'elapsedTime': 13319.800000071526}",577274556432,2299692646,POINT (0.4003368737232573 0.2523559343521817),,,,,,,,,,1,1,
0,32,10,"{'x': 768.646797548654, 'y': 272.54440910035623, 'elapsedTime': 13319.800000071526}",577274573098,2299709312,POINT (0.4003368737232573 0.2523559343521817),,,,,,,,,,1,1,
0,32,10,"{'x': 768.646797548654, 'y': 272.54440910035623, 'elapsedTime': 13319.800000071526}",577274589773,2299725986,POINT (0.4003368737232573 0.2523559343521817),,,,,,,,,,1,1,
0,32,10,"{'x': 794.701392103915, 'y': 272.6778027244986, 'elapsedTime': 13374.300000071526}",577274606440,2299742653,POINT (0.4139069750541224 0.2524794469671283),,,,,,,,,,1,1,
0,32,10,"{'x': 794.701392103915, 'y': 272.6778027244986, 'elapsedTime': 13374.300000071526}",577274623107,2299759319,POINT (0.4139069750541224 0.2524794469671283),,,,,,,,,,1,1,
0,32,10,"{'x': 794.701392103915, 'y': 272.6778027244986, 'elapsedTime': 13374.300000071526}",577274639774,2299775986,POINT (0.4139069750541224 0.2524794469671283),,,,,,,,,,1,1,
0,32,10,"{'x': 840.7307604980588, 'y': 381.82505680258566, 'elapsedTime': 13430}",577274656442,2299792653,POINT (0.4378806044260723 0.3535417192616534),,,,,,,,,,,,
0,32,10,"{'x': 840.7307604980588, 'y': 381.82505680258566, 'elapsedTime': 13430}",577274673109,2299809320,POINT (0.4378806044260723 0.3535417192616534),,,,,,,,,,,,
0,32,10,"{'x': 840.7307604980588, 'y': 381.82505680258566, 'elapsedTime': 13430}",577274689778,2299825988,POINT (0.4378806044260723 0.3535417192616534),,,,,,,,,,,,
0,32,10,"{'x': 774.3770658858291, 'y': 440.5151220583635, 'elapsedTime': 13478.800000071526}",577274706447,2299842657,POINT (0.4033213884822027 0.4078843722762625),,,,,,,,,,,,
0,32,10,"{'x': 774.3770658858291, 'y': 440.5151220583635, 'elapsedTime': 13478.800000071526}",577274723115,2299859324,POINT (0.4033213884822027 0.4078843722762625),,,,,,,,,,,,
0,32,10,"{'x': 774.3770658858291, 'y': 440.5151220583635, 'elapsedTime': 13478.800000071526}",577274739782,2299875991,POINT (0.4033213884822027 0.4078843722762625),,,,,,,,,,,,
0,32,10,"{'x': 752.6789063978377, 'y': 488.04012489941454, 'elapsedTime': 13532.899999976158}",577274756450,2299892658,POINT (0.3920202637488738 0.4518890045364949),,,,,,,,,,,,
0,32,10,"{'x': 752.6789063978377, 'y': 488.04012489941454, 'elapsedTime': 13532.899999976158}",577274773116,2299909324,POINT (0.3920202637488738 0.4518890045364949),,,,,,,,,,,,
0,32,10,"{'x': 752.6789063978377, 'y': 488.04012489941454, 'elapsedTime': 13532.899999976158}",577274789784,2299925991,POINT (0.3920202637488738 0.4518890045364949),,,,,,,,,,,,
0,32,10,"{'x': 753.5672448926002, 'y': 447.99158331381545, 'elapsedTime': 13577.300000071526}",577274806451,2299942658,POINT (0.3924829400482293 0.4148070215868662),,,,,,,,,,,,
0,32,10,"{'x': 753.5672448926002, 'y': 447.99158331381545, 'elapsedTime': 13577.300000071526}",577274823119,2299959325,POINT (0.3924829400482293 0.4148070215868662),,,,,,,,,,,,
0,32,10,"{'x': 681.678444981397, 'y': 459.0996066457207, 'elapsedTime': 13619.700000047684}",577274839789,2299975995,POINT (0.3550408567611443 0.4250922283756674),,,,,,,,,,,,
0,32,10,"{'x': 681.678444981397, 'y': 459.0996066457207, 'elapsedTime': 13619.700000047684}",577274856457,2299992662,POINT (0.3550408567611443 0.4250922283756674),,,,,,,,,,,,
0,32,10,"{'x': 681.678444981397, 'y': 459.0996066457207, 'elapsedTime': 13619.700000047684}",577274873123,2300009328,POINT (0.3550408567611443 0.4250922283756674),,,,,,,,,,,,
0,32,10,"{'x': 702.5716865615967, 'y': 431.74125405173265, 'elapsedTime': 13661.600000023842}",577274889791,2300025995,POINT (0.3659227534174983 0.399760420418271),,,,,,,,,,,,
0,32,10,"{'x': 702.5716865615967, 'y': 431.74125405173265, 'elapsedTime': 13661.600000023842}",577274906457,2300042661,POINT (0.3659227534174983 0.399760420418271),,,,,,,,,,,,
0,32,10,"{'x': 702.5716865615967, 'y': 431.74125405173265, 'elapsedTime': 13661.600000023842}",577274923124,2300059328,POINT (0.3659227534174983 0.399760420418271),,,,,,,,,,,,
0,32,10,"{'x': 707.486987038295, 'y': 361.20931359605834, 'elapsedTime': 13709}",577274939792,2300075995,POINT (0.368482805749112 0.3344530681444984),,,,,,,,,,,,
0,32,10,"{'x': 707.486987038295, 'y': 361.20931359605834, 'elapsedTime': 13709}",577274956458,2300092661,POINT (0.368482805749112 0.3344530681444984),,,,,,,,,,,,
0,32,10,"{'x': 770.7694192859623, 'y': 347.01285164969363, 'elapsedTime': 13754.200000047684}",577274973130,2300109332,POINT (0.4014424058781054 0.3213081959719386),,,,,,,,,,,1,
0,32,10,"{'x': 770.7694192859623, 'y': 347.01285164969363, 'elapsedTime': 13754.200000047684}",577274989797,2300125999,POINT (0.4014424058781054 0.3213081959719386),,,,,,,,,,,1,
0,32,10,"{'x': 770.7694192859623, 'y': 347.01285164969363, 'elapsedTime': 13754.200000047684}",577275006465,2300142666,POINT (0.4014424058781054 0.3213081959719386),,,,,,,,,,,1,
0,32,10,"{'x': 770.7694192859623, 'y': 347.01285164969363, 'elapsedTime': 13754.200000047684}",577275023131,2300159332,POINT (0.4014424058781054 0.3213081959719386),,,,,,,,,,,1,
0,32,10,"{'x': 766.7428887426221, 'y': 366.01980720988126, 'elapsedTime': 13800.100000023842}",577275039799,2300175999,POINT (0.399345254553449 0.3389072288980382),,,,,,,,,,,,
0,32,10,"{'x': 766.7428887426221, 'y': 366.01980720988126, 'elapsedTime': 13800.100000023842}",577275056466,2300192666,POINT (0.399345254553449 0.3389072288980382),,,,,,,,,,,,
0,32,10,"{'x': 766.7428887426221, 'y': 366.01980720988126, 'elapsedTime': 13800.100000023842}",577275073133,2300209332,POINT (0.399345254553449 0.3389072288980382),,,,,,,,,,,,
0,32,10,"{'x': 701.98976252511, 'y': 352.6635798777386, 'elapsedTime': 13859.399999976158}",577275089800,2300225999,POINT (0.3656196679818281 0.3265403517386468),,,,,,,,,,,,
0,32,10,"{'x': 701.98976252511, 'y': 352.6635798777386, 'elapsedTime': 13859.399999976158}",577275106474,2300242672,POINT (0.3656196679818281 0.3265403517386468),,,,,,,,,,,,
0,32,10,"{'x': 751.9715584132274, 'y': 279.93918953292734, 'elapsedTime': 13905.300000071526}",577275123140,2300259338,POINT (0.3916518533402226 0.259202953271229),,,,,,,,,,1,1,
0,32,10,"{'x': 751.9715584132274, 'y': 279.93918953292734, 'elapsedTime': 13905.300000071526}",577275139808,2300276005,POINT (0.3916518533402226 0.259202953271229),,,,,,,,,,1,1,
0,32,10,"{'x': 751.9715584132274, 'y': 279.93918953292734, 'elapsedTime': 13905.300000071526}",577275156475,2300292672,POINT (0.3916518533402226 0.259202953271229),,,,,,,,,,1,1,
0,32,10,"{'x': 813.2337359698089, 'y': 277.3078806887499, 'elapsedTime': 13956.200000047684}",577275173142,2300309338,POINT (0.4235592374842755 0.2567665561932869),,,,,,,,,,1,1,
0,32,10,"{'x': 813.2337359698089, 'y': 277.3078806887499, 'elapsedTime': 13956.200000047684}",577275189808,2300326004,POINT (0.4235592374842755 0.2567665561932869),,,,,,,,,,1,1,
0,32,10,"{'x': 813.2337359698089, 'y': 277.3078806887499, 'elapsedTime': 13956.200000047684}",577275206477,2300342672,POINT (0.4235592374842755 0.2567665561932869),,,,,,,,,,1,1,
0,32,10,"{'x': 867.4270086698835, 'y': 271.8070471456722, 'elapsedTime': 14001.899999976158}",577275223143,2300359338,POINT (0.4517849003488977 0.2516731918015484),,,,,,,,,,1,1,
0,32,10,"{'x': 867.4270086698835, 'y': 271.8070471456722, 'elapsedTime': 14001.899999976158}",577275239813,2300376007,POINT (0.4517849003488977 0.2516731918015484),,,,,,,,,,1,1,
0,32,10,"{'x': 867.4270086698835, 'y': 271.8070471456722, 'elapsedTime': 14001.899999976158}",577275256479,2300392673,POINT (0.4517849003488977 0.2516731918015484),,,,,,,,,,1,1,
0,32,10,"{'x': 859.909510404107, 'y': 265.2230622752328, 'elapsedTime': 14053}",577275273147,2300409340,POINT (0.4478695366688058 0.2455769095141044),,,,,,,,,,1,1,
0,32,10,"{'x': 859.909510404107, 'y': 265.2230622752328, 'elapsedTime': 14053}",577275289813,2300426006,POINT (0.4478695366688058 0.2455769095141044),,,,,,,,,,1,1,
0,32,10,"{'x': 859.909510404107, 'y': 265.2230622752328, 'elapsedTime': 14053}",577275306482,2300442674,POINT (0.4478695366688058 0.2455769095141044),,,,,,,,,,1,1,
0,32,10,"{'x': 837.9393900556183, 'y': 267.26900671474135, 'elapsedTime': 14097.899999976158}",577275323148,2300459340,POINT (0.4364267656539679 0.2474713025136494),,,,,,,,,,1,1,
0,32,10,"{'x': 837.9393900556183, 'y': 267.26900671474135, 'elapsedTime': 14097.899999976158}",577275339815,2300476006,POINT (0.4364267656539679 0.2474713025136494),,,,,,,,,,1,1,
0,32,10,"{'x': 837.9393900556183, 'y': 267.26900671474135, 'elapsedTime': 14097.899999976158}",577275356482,2300492673,POINT (0.4364267656539679 0.2474713025136494),,,,,,,,,,1,1,
0,32,10,"{'x': 903.5651522242096, 'y': 406.1109055156461, 'elapsedTime': 14142.300000071526}",577275373160,2300509350,POINT (0.4706068501167758 0.3760286162181908),,,,,,,,,,,,
0,32,10,"{'x': 903.5651522242096, 'y': 406.1109055156461, 'elapsedTime': 14142.300000071526}",577275389825,2300526015,POINT (0.4706068501167758 0.3760286162181908),,,,,,,,,,,,
0,32,10,"{'x': 903.5651522242096, 'y': 406.1109055156461, 'elapsedTime': 14142.300000071526}",577275406493,2300542682,POINT (0.4706068501167758 0.3760286162181908),,,,,,,,,,,,
0,32,10,"{'x': 950.5613108896266, 'y': 546.6380800330044, 'elapsedTime': 14190.600000023842}",577275423159,2300559348,POINT (0.4950840160883472 0.50614637040093),,,,,,,,,,,1,
0,32,10,"{'x': 950.5613108896266, 'y': 546.6380800330044, 'elapsedTime': 14190.600000023842}",577275439826,2300576014,POINT (0.4950840160883472 0.50614637040093),,,,,,,,,,,1,
0,32,10,"{'x': 950.5613108896266, 'y': 546.6380800330044, 'elapsedTime': 14190.600000023842}",577275456493,2300592681,POINT (0.4950840160883472 0.50614637040093),,,,,,,,,,,1,
0,32,10,"{'x': 891.503396721643, 'y': 498.9554113867977, 'elapsedTime': 14244.399999976158}",577275473161,2300609348,POINT (0.4643246857925224 0.4619957512840719),,,,,,,,,,,1,
0,32,10,"{'x': 891.503396721643, 'y': 498.9554113867977, 'elapsedTime': 14244.399999976158}",577275489827,2300626014,POINT (0.4643246857925224 0.4619957512840719),,,,,,,,,,,1,
0,32,10,"{'x': 891.503396721643, 'y': 498.9554113867977, 'elapsedTime': 14244.399999976158}",577275506496,2300642682,POINT (0.4643246857925224 0.4619957512840719),,,,,,,,,,,1,
0,32,10,"{'x': 833.6512721910428, 'y': 451.1330401180484, 'elapsedTime': 14292.300000071526}",577275523163,2300659349,POINT (0.4341933709328348 0.4177157778870819),,,,,,,,,,,,
0,32,10,"{'x': 833.6512721910428, 'y': 451.1330401180484, 'elapsedTime': 14292.300000071526}",577275539831,2300676016,POINT (0.4341933709328348 0.4177157778870819),,,,,,,,,,,,
0,32,10,"{'x': 794.1548668476047, 'y': 450.6118767848836, 'elapsedTime': 14335.5}",577275556497,2300692682,POINT (0.4136223264831275 0.4172332192452626),,,,,,,,,,,,
0,32,10,"{'x': 794.1548668476047, 'y': 450.6118767848836, 'elapsedTime': 14335.5}",577275573165,2300709349,POINT (0.4136223264831275 0.4172332192452626),,,,,,,,,,,,
0,32,10,"{'x': 794.1548668476047, 'y': 450.6118767848836, 'elapsedTime': 14335.5}",577275589832,2300726016,POINT (0.4136223264831275 0.4172332192452626),,,,,,,,,,,,
0,32,10,"{'x': 807.5185885979517, 'y': 321.33099064254645, 'elapsedTime': 14377.899999976158}",577275606499,2300742682,POINT (0.4205825982280998 0.2975286950393949),,,,,,,,,,,1,
0,32,10,"{'x': 807.5185885979517, 'y': 321.33099064254645, 'elapsedTime': 14377.899999976158}",577275623166,2300759349,POINT (0.4205825982280998 0.2975286950393949),,,,,,,,,,,1,
0,32,10,"{'x': 827.9984594799865, 'y': 246.61376274768278, 'elapsedTime': 14425.200000047684}",577275639841,2300776023,POINT (0.4312491976458263 0.2283460766182248),,,,,,,,,,,1,
0,32,10,"{'x': 827.9984594799865, 'y': 246.61376274768278, 'elapsedTime': 14425.200000047684}",577275656507,2300792689,POINT (0.4312491976458263 0.2283460766182248),,,,,,,,,,,1,
0,32,10,"{'x': 827.9984594799865, 'y': 246.61376274768278, 'elapsedTime': 14425.200000047684}",577275673175,2300809356,POINT (0.4312491976458263 0.2283460766182248),,,,,,,,,,,1,
0,32,10,"{'x': 873.2946064178205, 'y': 229.77054198098148, 'elapsedTime': 14473.600000023842}",577275689841,2300826022,POINT (0.4548409408426149 0.2127505018342421),,,,,,,,,,,,
0,32,10,"{'x': 873.2946064178205, 'y': 229.77054198098148, 'elapsedTime': 14473.600000023842}",577275706508,2300842689,POINT (0.4548409408426149 0.2127505018342421),,,,,,,,,,,,
0,32,10,"{'x': 873.2946064178205, 'y': 229.77054198098148, 'elapsedTime': 14473.600000023842}",577275723176,2300859356,POINT (0.4548409408426149 0.2127505018342421),,,,,,,,,,,,
0,32,10,"{'x': 920.9573595447569, 'y': 260.0375566411845, 'elapsedTime': 14515.300000071526}",577275739843,2300876023,POINT (0.4796652914295609 0.2407755154085042),,,,,,,,,,1,1,
0,32,10,"{'x': 920.9573595447569, 'y': 260.0375566411845, 'elapsedTime': 14515.300000071526}",577275756513,2300892692,POINT (0.4796652914295609 0.2407755154085042),,,,,,,,,,1,1,
0,32,10,"{'x': 920.9573595447569, 'y': 260.0375566411845, 'elapsedTime': 14515.300000071526}",577275773180,2300909359,POINT (0.4796652914295609 0.2407755154085042),,,,,,,,,,1,1,
0,32,10,"{'x': 894.4882302784088, 'y': 192.85979649794334, 'elapsedTime': 14562.5}",577275789848,2300926026,POINT (0.4658792866033379 0.1785738856462438),,,,,,,,,,1,,
0,32,10,"{'x': 894.4882302784088, 'y': 192.85979649794334, 'elapsedTime': 14562.5}",577275806514,2300942692,POINT (0.4658792866033379 0.1785738856462438),,,,,,,,,,1,,
0,32,10,"{'x': 898.2711353235362, 'y': 170.22306889654791, 'elapsedTime': 14604.399999976158}",577275823181,2300959358,POINT (0.4678495496476751 0.1576139526819888),,,,,,,,,,1,,
0,32,10,"{'x': 898.2711353235362, 'y': 170.22306889654791, 'elapsedTime': 14604.399999976158}",577275839848,2300976025,POINT (0.4678495496476751 0.1576139526819888),,,,,,,,,,1,,
0,32,10,"{'x': 898.2711353235362, 'y': 170.22306889654791, 'elapsedTime': 14604.399999976158}",577275856516,2300992692,POINT (0.4678495496476751 0.1576139526819888),,,,,,,,,,1,,
0,32,10,"{'x': 870.0745135548009, 'y': 157.30912788046174, 'elapsedTime': 14646.399999976158}",577275873183,2301009359,POINT (0.4531638091431255 0.1456565998893164),,,,,,,,,,1,,
0,32,10,"{'x': 870.0745135548009, 'y': 157.30912788046174, 'elapsedTime': 14646.399999976158}",577275889857,2301026032,POINT (0.4531638091431255 0.1456565998893164),,,,,,,,,,1,,
0,32,10,"{'x': 870.0745135548009, 'y': 157.30912788046174, 'elapsedTime': 14646.399999976158}",577275906523,2301042698,POINT (0.4531638091431255 0.1456565998893164),,,,,,,,,,1,,
0,32,10,"{'x': 974.6635503476322, 'y': 197.17308062696736, 'elapsedTime': 14690.800000071526}",577275923190,2301059364,POINT (0.5076372658060584 0.182567667247192),,,,,,,,,,1,,
0,32,10,"{'x': 974.6635503476322, 'y': 197.17308062696736, 'elapsedTime': 14690.800000071526}",577275939858,2301076032,POINT (0.5076372658060584 0.182567667247192),,,,,,,,,,1,,
0,32,10,"{'x': 974.6635503476322, 'y': 197.17308062696736, 'elapsedTime': 14690.800000071526}",577275956525,2301092698,POINT (0.5076372658060584 0.182567667247192),,,,,,,,,,1,,
0,32,10,"{'x': 997.4704140001312, 'y': 212.13453282088994, 'elapsedTime': 14744.300000071526}",577275973191,2301109364,POINT (0.5195158406250683 0.1964208637230462),,,,,,,,,,1,,
0,32,10,"{'x': 997.4704140001312, 'y': 212.13453282088994, 'elapsedTime': 14744.300000071526}",577275989860,2301126032,POINT (0.5195158406250683 0.1964208637230462),,,,,,,,,,1,,
0,32,10,"{'x': 997.4704140001312, 'y': 212.13453282088994, 'elapsedTime': 14744.300000071526}",577276006526,2301142698,POINT (0.5195158406250683 0.1964208637230462),,,,,,,,,,1,,
0,32,10,"{'x': 922.0503478374752, 'y': 139.47624935652465, 'elapsedTime': 14791.700000047684}",577276023199,2301159370,POINT (0.4802345561653517 0.1291446753301154),,,,,,,,,,,,
0,32,10,"{'x': 922.0503478374752, 'y': 139.47624935652465, 'elapsedTime': 14791.700000047684}",577276039866,2301176037,POINT (0.4802345561653517 0.1291446753301154),,,,,,,,,,,,
0,32,10,"{'x': 922.0503478374752, 'y': 139.47624935652465, 'elapsedTime': 14791.700000047684}",577276056534,2301192704,POINT (0.4802345561653517 0.1291446753301154),,,,,,,,,,,,
0,32,10,"{'x': 876.882283524227, 'y': 181.38166370862052, 'elapsedTime': 14849.800000071526}",577276073201,2301209371,POINT (0.4567095226688682 0.1679459849153894),,,,,,,,,,1,,
0,32,10,"{'x': 876.882283524227, 'y': 181.38166370862052, 'elapsedTime': 14849.800000071526}",577276089868,2301226037,POINT (0.4567095226688682 0.1679459849153894),,,,,,,,,,1,,
0,32,10,"{'x': 876.882283524227, 'y': 181.38166370862052, 'elapsedTime': 14849.800000071526}",577276106535,2301242704,POINT (0.4567095226688682 0.1679459849153894),,,,,,,,,,1,,
0,32,10,"{'x': 861.1031011134554, 'y': 132.0297662160066, 'elapsedTime': 14894.200000047684}",577276123202,2301259370,POINT (0.4484911984965914 0.1222497835333395),,,,,,,,,,,,
0,32,10,"{'x': 861.1031011134554, 'y': 132.0297662160066, 'elapsedTime': 14894.200000047684}",577276139869,2301276037,POINT (0.4484911984965914 0.1222497835333395),,,,,,,,,,,,
0,32,10,"{'x': 835.0158085801357, 'y': 124.49691500710864, 'elapsedTime': 14938.100000023842}",577276156542,2301292709,POINT (0.4349040669688207 0.1152749213028784),,,,,,,,,,,,
0,32,10,"{'x': 835.0158085801357, 'y': 124.49691500710864, 'elapsedTime': 14938.100000023842}",577276173208,2301309375,POINT (0.4349040669688207 0.1152749213028784),,,,,,,,,,,,
0,32,10,"{'x': 835.0158085801357, 'y': 124.49691500710864, 'elapsedTime': 14938.100000023842}",577276189876,2301326042,POINT (0.4349040669688207 0.1152749213028784),,,,,,,,,,,,
0,32,10,"{'x': 835.0158085801357, 'y': 124.49691500710864, 'elapsedTime': 14938.100000023842}",577276206543,2301342709,POINT (0.4349040669688207 0.1152749213028784),,,,,,,,,,,,
0,32,10,"{'x': 751.6894520251785, 'y': 119.44685449594121, 'elapsedTime': 14990.899999976158}",577276223210,2301359375,POINT (0.3915049229297805 0.1105989393480937),,,,,,,,,,,,
0,32,10,"{'x': 751.6894520251785, 'y': 119.44685449594121, 'elapsedTime': 14990.899999976158}",577276239877,2301376042,POINT (0.3915049229297805 0.1105989393480937),,,,,,,,,,,,
0,32,10,"{'x': 751.6894520251785, 'y': 119.44685449594121, 'elapsedTime': 14990.899999976158}",577276256544,2301392708,POINT (0.3915049229297805 0.1105989393480937),,,,,,,,,,,,
0,32,10,"{'x': 840.4277306416914, 'y': 132.0938770473957, 'elapsedTime': 15041.700000047684}",577276273211,2301409375,POINT (0.4377227763758809 0.1223091454142553),,,,,,,,,,,,
0,32,10,"{'x': 840.4277306416914, 'y': 132.0938770473957, 'elapsedTime': 15041.700000047684}",577276289882,2301426045,POINT (0.4377227763758809 0.1223091454142553),,,,,,,,,,,,
0,32,10,"{'x': 866.2694725355952, 'y': 71.1797653713403, 'elapsedTime': 15088.300000071526}",577276306549,2301442712,POINT (0.4511820169456225 0.0659071901586484),,,,,,,,,,,,
0,32,10,"{'x': 866.2694725355952, 'y': 71.1797653713403, 'elapsedTime': 15088.300000071526}",577276323217,2301459379,POINT (0.4511820169456225 0.0659071901586484),,,,,,,,,,,,
0,32,10,"{'x': 866.2694725355952, 'y': 71.1797653713403, 'elapsedTime': 15088.300000071526}",577276339883,2301476045,POINT (0.4511820169456225 0.0659071901586484),,,,,,,,,,,,
0,32,10,"{'x': 853.8170083833833, 'y': 47.55519332561167, 'elapsedTime': 15134.700000047684}",577276356550,2301492711,POINT (0.4446963585330121 0.0440325864126034),,,,,,,,,,,,
0,32,10,"{'x': 853.8170083833833, 'y': 47.55519332561167, 'elapsedTime': 15134.700000047684}",577276373218,2301509379,POINT (0.4446963585330121 0.0440325864126034),,,,,,,,,,,,
0,32,10,"{'x': 853.8170083833833, 'y': 47.55519332561167, 'elapsedTime': 15134.700000047684}",577276389885,2301526045,POINT (0.4446963585330121 0.0440325864126034),,,,,,,,,,,,
0,32,10,"{'x': 840.245881447846, 'y': 70.6519074701594, 'elapsedTime': 15186.700000047684}",577276406552,2301542712,POINT (0.4376280632540865 0.0654184328427402),,,,,,,,,,,,
0,32,10,"{'x': 840.245881447846, 'y': 70.6519074701594, 'elapsedTime': 15186.700000047684}",577276423224,2301559383,POINT (0.4376280632540865 0.0654184328427402),,,,,,,,,,,,
0,32,10,"{'x': 840.245881447846, 'y': 70.6519074701594, 'elapsedTime': 15186.700000047684}",577276439890,2301576049,POINT (0.4376280632540865 0.0654184328427402),,,,,,,,,,,,
0,32,10,"{'x': 881.960238861944, 'y': 90.92695515477558, 'elapsedTime': 15234.300000071526}",577276456558,2301592716,POINT (0.4593542910739292 0.0841916251433107),,,,,,,,,,,,
0,32,10,"{'x': 881.960238861944, 'y': 90.92695515477558, 'elapsedTime': 15234.300000071526}",577276473225,2301609383,POINT (0.4593542910739292 0.0841916251433107),,,,,,,,,,,,
0,32,10,"{'x': 881.960238861944, 'y': 90.92695515477558, 'elapsedTime': 15234.300000071526}",577276489891,2301626049,POINT (0.4593542910739292 0.0841916251433107),,,,,,,,,,,,
0,32,10,"{'x': 913.5645879035438, 'y': 49.22865640142302, 'elapsedTime': 15283.800000071526}",577276506558,2301642715,POINT (0.4758148895330958 0.0455820892605769),,,,,,,,,,,,
0,32,10,"{'x': 913.5645879035438, 'y': 49.22865640142302, 'elapsedTime': 15283.800000071526}",577276523226,2301659383,POINT (0.4758148895330958 0.0455820892605769),,,,,,,,,,,,
0,32,10,"{'x': 913.5645879035438, 'y': 49.22865640142302, 'elapsedTime': 15283.800000071526}",577276539893,2301676049,POINT (0.4758148895330958 0.0455820892605769),,,,,,,,,,,,
0,32,10,"{'x': 837.6708493815272, 'y': 112.65857168592062, 'elapsedTime': 15330.700000047684}",577276556565,2301692721,POINT (0.4362869007195454 0.1043134923017784),,,,,,,,,,,,
0,32,10,"{'x': 837.6708493815272, 'y': 112.65857168592062, 'elapsedTime': 15330.700000047684}",577276573232,2301709387,POINT (0.4362869007195454 0.1043134923017784),,,,,,,,,,,,
0,32,10,"{'x': 837.6708493815272, 'y': 112.65857168592062, 'elapsedTime': 15330.700000047684}",577276589899,2301726054,POINT (0.4362869007195454 0.1043134923017784),,,,,,,,,,,,
0,32,10,"{'x': 837.6708493815272, 'y': 112.65857168592062, 'elapsedTime': 15330.700000047684}",577276606567,2301742721,POINT (0.4362869007195454 0.1043134923017784),,,,,,,,,,,,
0,32,10,"{'x': 893.9632758060953, 'y': 317.34878753034013, 'elapsedTime': 15381.100000023842}",577276623233,2301759387,POINT (0.4656058728156747 0.2938414699355001),,,,,,,,,,1,1,
0,32,10,"{'x': 893.9632758060953, 'y': 317.34878753034013, 'elapsedTime': 15381.100000023842}",577276639901,2301776054,POINT (0.4656058728156747 0.2938414699355001),,,,,,,,,,1,1,
0,32,10,"{'x': 893.9632758060953, 'y': 317.34878753034013, 'elapsedTime': 15381.100000023842}",577276656567,2301792720,POINT (0.4656058728156747 0.2938414699355001),,,,,,,,,,1,1,
0,32,10,"{'x': 893.9632758060953, 'y': 317.34878753034013, 'elapsedTime': 15381.100000023842}",577276673238,2301809390,POINT (0.4656058728156747 0.2938414699355001),,,,,,,,,,1,1,
0,32,10,"{'x': 893.9632758060953, 'y': 317.34878753034013, 'elapsedTime': 15381.100000023842}",577276689906,2301826057,POINT (0.4656058728156747 0.2938414699355001),,,,,,,,,,1,1,
0,32,10,"{'x': 916.6916675218338, 'y': 405.0302588218767, 'elapsedTime': 15433.100000023842}",577276706573,2301842724,POINT (0.4774435768342884 0.3750280174276636),,,,,,,,,,,,
0,32,10,"{'x': 916.6916675218338, 'y': 405.0302588218767, 'elapsedTime': 15433.100000023842}",577276723240,2301859390,POINT (0.4774435768342884 0.3750280174276636),,,,,,,,,,,,
0,32,10,"{'x': 916.6916675218338, 'y': 405.0302588218767, 'elapsedTime': 15433.100000023842}",577276739906,2301876056,POINT (0.4774435768342884 0.3750280174276636),,,,,,,,,,,,
0,32,10,"{'x': 827.9353809988902, 'y': 450.49373142428686, 'elapsedTime': 15524.300000071526}",577276756574,2301892723,POINT (0.4312163442702553 0.4171238253928582),,,,,,,,,,,,
0,32,10,"{'x': 827.9353809988902, 'y': 450.49373142428686, 'elapsedTime': 15524.300000071526}",577276773242,2301909390,POINT (0.4312163442702553 0.4171238253928582),,,,,,,,,,,,
0,32,10,"{'x': 827.9353809988902, 'y': 450.49373142428686, 'elapsedTime': 15524.300000071526}",577276789909,2301926057,POINT (0.4312163442702553 0.4171238253928582),,,,,,,,,,,,
0,32,10,"{'x': 830.1888485781686, 'y': 455.7004043895241, 'elapsedTime': 15577}",577276806583,2301942730,POINT (0.4323900253011295 0.421944818879189),,,,,,,,,,,,
0,32,10,"{'x': 830.1888485781686, 'y': 455.7004043895241, 'elapsedTime': 15577}",577276823250,2301959397,POINT (0.4323900253011295 0.421944818879189),,,,,,,,,,,,
0,32,10,"{'x': 830.1888485781686, 'y': 455.7004043895241, 'elapsedTime': 15577}",577276839917,2301976063,POINT (0.4323900253011295 0.421944818879189),,,,,,,,,,,,
0,32,10,"{'x': 883.4283430439825, 'y': 356.43820872501374, 'elapsedTime': 15628.200000047684}",577276856584,2301992730,POINT (0.4601189286687409 0.3300353784490868),,,,,,,,,,,1,
0,32,10,"{'x': 883.4283430439825, 'y': 356.43820872501374, 'elapsedTime': 15628.200000047684}",577276873252,2302009397,POINT (0.4601189286687409 0.3300353784490868),,,,,,,,,,,1,
0,32,10,"{'x': 883.4283430439825, 'y': 356.43820872501374, 'elapsedTime': 15628.200000047684}",577276889919,2302026064,POINT (0.4601189286687409 0.3300353784490868),,,,,,,,,,,1,
0,32,10,"{'x': 883.4283430439825, 'y': 356.43820872501374, 'elapsedTime': 15628.200000047684}",577276906586,2302042730,POINT (0.4601189286687409 0.3300353784490868),,,,,,,,,,,1,
0,32,10,"{'x': 944.7772908948292, 'y': 324.95145894163073, 'elapsedTime': 15678}",577276923253,2302059397,POINT (0.4920715056743902 0.30088098050151),,,,,,,,,,,1,
0,32,10,"{'x': 944.7772908948292, 'y': 324.95145894163073, 'elapsedTime': 15678}",577276939923,2302076066,POINT (0.4920715056743902 0.30088098050151),,,,,,,,,,,1,
0,32,10,"{'x': 944.7772908948292, 'y': 324.95145894163073, 'elapsedTime': 15678}",577276956590,2302092733,POINT (0.4920715056743902 0.30088098050151),,,,,,,,,,,1,
0,32,10,"{'x': 873.0433896115343, 'y': 201.02506938993588, 'elapsedTime': 15743.600000023842}",577276973257,2302109399,POINT (0.4547100987560074 0.1861343235091999),,,,,,,,,,1,,
0,32,10,"{'x': 873.0433896115343, 'y': 201.02506938993588, 'elapsedTime': 15743.600000023842}",577276989924,2302126066,POINT (0.4547100987560074 0.1861343235091999),,,,,,,,,,1,,
0,32,10,"{'x': 873.0433896115343, 'y': 201.02506938993588, 'elapsedTime': 15743.600000023842}",577277006591,2302142732,POINT (0.4547100987560074 0.1861343235091999),,,,,,,,,,1,,
0,32,10,"{'x': 873.0433896115343, 'y': 201.02506938993588, 'elapsedTime': 15743.600000023842}",577277023258,2302159399,POINT (0.4547100987560074 0.1861343235091999),,,,,,,,,,1,,
0,32,10,"{'x': 873.0433896115343, 'y': 201.02506938993588, 'elapsedTime': 15743.600000023842}",577277039926,2302176066,POINT (0.4547100987560074 0.1861343235091999),,,,,,,,,,1,,
0,32,10,"{'x': 882.4420291944467, 'y': 115.76668024949254, 'elapsedTime': 15805.200000047684}",577277056592,2302192732,POINT (0.4596052235387743 0.107191370601382),,,,,,,,,,,,
0,32,10,"{'x': 882.4420291944467, 'y': 115.76668024949254, 'elapsedTime': 15805.200000047684}",577277073268,2302209407,POINT (0.4596052235387743 0.107191370601382),,,,,,,,,,,,
0,32,10,"{'x': 831.6241890843074, 'y': 35.50703814738515, 'elapsedTime': 15869.300000071526}",577277089934,2302226073,POINT (0.4331375984814102 0.0328768871735048),,,,,,,,,,,,
0,32,10,"{'x': 831.6241890843074, 'y': 35.50703814738515, 'elapsedTime': 15869.300000071526}",577277106602,2302242740,POINT (0.4331375984814102 0.0328768871735048),,,,,,,,,,,,
0,32,10,"{'x': 831.6241890843074, 'y': 35.50703814738515, 'elapsedTime': 15869.300000071526}",577277123269,2302259407,POINT (0.4331375984814102 0.0328768871735048),,,,,,,,,,,,
0,32,10,"{'x': 836.2311029841838, 'y': 99.97009964964323, 'elapsedTime': 15916.399999976158}",577277139937,2302276074,POINT (0.4355370328042624 0.092564907083003),,,,,,,,,,,,
0,32,10,"{'x': 836.2311029841838, 'y': 99.97009964964323, 'elapsedTime': 15916.399999976158}",577277156603,2302292740,POINT (0.4355370328042624 0.092564907083003),,,,,,,,,,,,
0,32,10,"{'x': 836.2311029841838, 'y': 99.97009964964323, 'elapsedTime': 15916.399999976158}",577277173271,2302309407,POINT (0.4355370328042624 0.092564907083003),,,,,,,,,,,,
0,32,10,"{'x': 947.453670812055, 'y': 247.85335016578875, 'elapsedTime': 15969.300000071526}",577277189938,2302326074,POINT (0.4934654535479453 0.2294938427461007),,,,,,,,,,1,1,
0,32,10,"{'x': 947.453670812055, 'y': 247.85335016578875, 'elapsedTime': 15969.300000071526}",577277206608,2302342743,POINT (0.4934654535479453 0.2294938427461007),,,,,,,,,,1,1,
0,32,10,"{'x': 947.453670812055, 'y': 247.85335016578875, 'elapsedTime': 15969.300000071526}",577277223275,2302359410,POINT (0.4934654535479453 0.2294938427461007),,,,,,,,,,1,1,
0,32,10,"{'x': 947.453670812055, 'y': 247.85335016578875, 'elapsedTime': 15969.300000071526}",577277239943,2302376077,POINT (0.4934654535479453 0.2294938427461007),,,,,,,,,,1,1,
0,32,10,"{'x': 868.2778911668537, 'y': 178.94998239884615, 'elapsedTime': 16018.899999976158}",577277256609,2302392743,POINT (0.4522280683160696 0.1656944281470798),,,,,,,,,,1,,
0,32,10,"{'x': 868.2778911668537, 'y': 178.94998239884615, 'elapsedTime': 16018.899999976158}",577277273277,2302409410,POINT (0.4522280683160696 0.1656944281470798),,,,,,,,,,1,,
0,32,10,"{'x': 868.2778911668537, 'y': 178.94998239884615, 'elapsedTime': 16018.899999976158}",577277289943,2302426076,POINT (0.4522280683160696 0.1656944281470798),,,,,,,,,,1,,
0,32,10,"{'x': 838.5853563241144, 'y': 152.49918176021004, 'elapsedTime': 16073.300000071526}",577277306611,2302442743,POINT (0.4367632064188096 0.1412029460742686),,,,,,,,,,1,,
0,32,10,"{'x': 838.5853563241144, 'y': 152.49918176021004, 'elapsedTime': 16073.300000071526}",577277323278,2302459410,POINT (0.4367632064188096 0.1412029460742686),,,,,,,,,,1,,
0,32,10,"{'x': 838.5853563241144, 'y': 152.49918176021004, 'elapsedTime': 16073.300000071526}",577277339950,2302476081,POINT (0.4367632064188096 0.1412029460742686),,,,,,,,,,1,,
0,32,10,"{'x': 838.5853563241144, 'y': 152.49918176021004, 'elapsedTime': 16073.300000071526}",577277356616,2302492747,POINT (0.4367632064188096 0.1412029460742686),,,,,,,,,,1,,
0,32,10,"{'x': 786.0286389974782, 'y': 159.24448628747615, 'elapsedTime': 16137.800000071526}",577277373283,2302509413,POINT (0.4093899161445199 0.1474485984143298),,,,,,,,,,1,,
0,32,10,"{'x': 786.0286389974782, 'y': 159.24448628747615, 'elapsedTime': 16137.800000071526}",577277389951,2302526080,POINT (0.4093899161445199 0.1474485984143298),,,,,,,,,,1,,
0,32,10,"{'x': 786.0286389974782, 'y': 159.24448628747615, 'elapsedTime': 16137.800000071526}",577277406618,2302542747,POINT (0.4093899161445199 0.1474485984143298),,,,,,,,,,1,,
0,32,10,"{'x': 766.5969672402578, 'y': 135.43973774677687, 'elapsedTime': 16192.800000071526}",577277423285,2302559413,POINT (0.3992692537709676 0.125407164580349),,,,,,,,,,,,
0,32,10,"{'x': 766.5969672402578, 'y': 135.43973774677687, 'elapsedTime': 16192.800000071526}",577277439953,2302576081,POINT (0.3992692537709676 0.125407164580349),,,,,,,,,,,,
0,32,10,"{'x': 766.5969672402578, 'y': 135.43973774677687, 'elapsedTime': 16192.800000071526}",577277456620,2302592747,POINT (0.3992692537709676 0.125407164580349),,,,,,,,,,,,
0,32,10,"{'x': 754.6547371902658, 'y': 82.28597800182212, 'elapsedTime': 16246.100000023842}",577277473293,2302609420,POINT (0.3930493422865968 0.0761907203720575),,,,,,,,,,,,
0,32,10,"{'x': 754.6547371902658, 'y': 82.28597800182212, 'elapsedTime': 16246.100000023842}",577277489960,2302626086,POINT (0.3930493422865968 0.0761907203720575),,,,,,,,,,,,
0,32,10,"{'x': 754.6547371902658, 'y': 82.28597800182212, 'elapsedTime': 16246.100000023842}",577277506627,2302642753,POINT (0.3930493422865968 0.0761907203720575),,,,,,,,,,,,
0,32,10,"{'x': 762.0152685841905, 'y': 137.97871173755448, 'elapsedTime': 16297.700000047684}",577277523295,2302659420,POINT (0.3968829523875992 0.1277580664236616),,,,,,,,,,,,
0,32,10,"{'x': 762.0152685841905, 'y': 137.97871173755448, 'elapsedTime': 16297.700000047684}",577277539962,2302676087,POINT (0.3968829523875992 0.1277580664236616),,,,,,,,,,,,
0,32,10,"{'x': 762.0152685841905, 'y': 137.97871173755448, 'elapsedTime': 16297.700000047684}",577277556629,2302692753,POINT (0.3968829523875992 0.1277580664236616),,,,,,,,,,,,
0,32,10,"{'x': 839.6680744740546, 'y': 104.01575863433536, 'elapsedTime': 16346.399999976158}",577277573295,2302709419,POINT (0.4373271221219034 0.0963108876243846),,,,,,,,,,,,
0,32,10,"{'x': 839.6680744740546, 'y': 104.01575863433536, 'elapsedTime': 16346.399999976158}",577277589963,2302726086,POINT (0.4373271221219034 0.0963108876243846),,,,,,,,,,,,
0,32,10,"{'x': 839.6680744740546, 'y': 104.01575863433536, 'elapsedTime': 16346.399999976158}",577277606635,2302742758,POINT (0.4373271221219034 0.0963108876243846),,,,,,,,,,,,
0,32,10,"{'x': 839.6680744740546, 'y': 104.01575863433536, 'elapsedTime': 16346.399999976158}",577277623302,2302759424,POINT (0.4373271221219034 0.0963108876243846),,,,,,,,,,,,
0,32,10,"{'x': 887.2098047742625, 'y': 122.98447934284637, 'elapsedTime': 16401.100000023842}",577277639969,2302776091,POINT (0.462088439986595 0.1138745179100429),,,,,,,,,,,,
0,32,10,"{'x': 887.2098047742625, 'y': 122.98447934284637, 'elapsedTime': 16401.100000023842}",577277656637,2302792758,POINT (0.462088439986595 0.1138745179100429),,,,,,,,,,,,
0,32,10,"{'x': 887.2098047742625, 'y': 122.98447934284637, 'elapsedTime': 16401.100000023842}",577277673304,2302809425,POINT (0.462088439986595 0.1138745179100429),,,,,,,,,,,,
0,32,10,"{'x': 947.9704711675483, 'y': 75.95761145902043, 'elapsedTime': 16459.399999976158}",577277689971,2302826091,POINT (0.4937346203997647 0.0703311217213152),,,,,,,,,,,,
0,32,10,"{'x': 947.9704711675483, 'y': 75.95761145902043, 'elapsedTime': 16459.399999976158}",577277706638,2302842758,POINT (0.4937346203997647 0.0703311217213152),,,,,,,,,,,,
0,32,10,"{'x': 947.9704711675483, 'y': 75.95761145902043, 'elapsedTime': 16459.399999976158}",577277723309,2302859428,POINT (0.4937346203997647 0.0703311217213152),,,,,,,,,,,,
0,32,10,"{'x': 1000.1071812902829, 'y': 153.7380604052785, 'elapsedTime': 16509.5}",577277739976,2302876095,POINT (0.5208891569220223 0.1423500559308134),,,,,,,,,,1,,
0,32,10,"{'x': 1000.1071812902829, 'y': 153.7380604052785, 'elapsedTime': 16509.5}",577277756644,2302892762,POINT (0.5208891569220223 0.1423500559308134),,,,,,,,,,1,,
0,32,10,"{'x': 1000.1071812902829, 'y': 153.7380604052785, 'elapsedTime': 16509.5}",577277773311,2302909429,POINT (0.5208891569220223 0.1423500559308134),,,,,,,,,,1,,
0,32,10,"{'x': 1004.5278100206465, 'y': 181.82103481138674, 'elapsedTime': 16560.100000023842}",577277789978,2302926095,POINT (0.5231915677190867 0.1683528100105433),,,,,,,,,,1,,
0,32,10,"{'x': 1004.5278100206465, 'y': 181.82103481138674, 'elapsedTime': 16560.100000023842}",577277806645,2302942761,POINT (0.5231915677190867 0.1683528100105433),,,,,,,,,,1,,
0,32,10,"{'x': 1004.5278100206465, 'y': 181.82103481138674, 'elapsedTime': 16560.100000023842}",577277823313,2302959429,POINT (0.5231915677190867 0.1683528100105433),,,,,,,,,,1,,
0,32,10,"{'x': 988.9987353940563, 'y': 118.2597295961221, 'elapsedTime': 16618.700000047684}",577277839980,2302976095,POINT (0.5151035080177376 0.109499749626039),,,,,,,,,,,,
0,32,10,"{'x': 988.9987353940563, 'y': 118.2597295961221, 'elapsedTime': 16618.700000047684}",577277856651,2302992766,POINT (0.5151035080177376 0.109499749626039),,,,,,,,,,,,
0,32,10,"{'x': 988.9987353940563, 'y': 118.2597295961221, 'elapsedTime': 16618.700000047684}",577277873319,2303009433,POINT (0.5151035080177376 0.109499749626039),,,,,,,,,,,,
0,32,10,"{'x': 1090.5624805671432, 'y': 258.76399002073754, 'elapsedTime': 16666.300000071526}",577277889986,2303026100,POINT (0.5680012919620537 0.2395962870562384),,,,,,,,,,1,1,
0,32,10,"{'x': 1090.5624805671432, 'y': 258.76399002073754, 'elapsedTime': 16666.300000071526}",577277906654,2303042767,POINT (0.5680012919620537 0.2395962870562384),,,,,,,,,,1,1,
0,32,10,"{'x': 1090.5624805671432, 'y': 258.76399002073754, 'elapsedTime': 16666.300000071526}",577277923320,2303059433,POINT (0.5680012919620537 0.2395962870562384),,,,,,,,,,1,1,
0,32,10,"{'x': 1002.7940603460503, 'y': 283.6675865423105, 'elapsedTime': 16713.700000047684}",577277939988,2303076100,POINT (0.5222885730969012 0.2626551727243616),,,,,,,,,,1,1,
0,32,10,"{'x': 1002.7940603460503, 'y': 283.6675865423105, 'elapsedTime': 16713.700000047684}",577277956654,2303092766,POINT (0.5222885730969012 0.2626551727243616),,,,,,,,,,1,1,
0,32,10,"{'x': 1002.7940603460503, 'y': 283.6675865423105, 'elapsedTime': 16713.700000047684}",577277973322,2303109433,POINT (0.5222885730969012 0.2626551727243616),,,,,,,,,,1,1,
0,32,10,"{'x': 1002.7940603460503, 'y': 283.6675865423105, 'elapsedTime': 16713.700000047684}",577277989994,2303126105,POINT (0.5222885730969012 0.2626551727243616),,,,,,,,,,1,1,
0,32,10,"{'x': 908.5959123880862, 'y': 330.602096952088, 'elapsedTime': 16762.399999976158}",577278006662,2303142772,POINT (0.4732270377021282 0.3061130527334148),,,,,,,,,,,1,
0,32,10,"{'x': 908.5959123880862, 'y': 330.602096952088, 'elapsedTime': 16762.399999976158}",577278023328,2303159438,POINT (0.4732270377021282 0.3061130527334148),,,,,,,,,,,1,
0,32,10,"{'x': 908.5959123880862, 'y': 330.602096952088, 'elapsedTime': 16762.399999976158}",577278039996,2303176105,POINT (0.4732270377021282 0.3061130527334148),,,,,,,,,,,1,
0,32,10,"{'x': 908.5959123880862, 'y': 330.602096952088, 'elapsedTime': 16762.399999976158}",577278056662,2303192771,POINT (0.4732270377021282 0.3061130527334148),,,,,,,,,,,1,
0,32,10,"{'x': 853.025309894191, 'y': 267.1112634769439, 'elapsedTime': 16813.300000071526}",577278073331,2303209439,POINT (0.4442840155698911 0.2473252439601332),,,,,,,,,,1,1,
0,32,10,"{'x': 853.025309894191, 'y': 267.1112634769439, 'elapsedTime': 16813.300000071526}",577278089997,2303226105,POINT (0.4442840155698911 0.2473252439601332),,,,,,,,,,1,1,
0,32,10,"{'x': 853.025309894191, 'y': 267.1112634769439, 'elapsedTime': 16813.300000071526}",577278106664,2303242771,POINT (0.4442840155698911 0.2473252439601332),,,,,,,,,,1,1,
0,32,10,"{'x': 853.025309894191, 'y': 267.1112634769439, 'elapsedTime': 16813.300000071526}",577278123333,2303259440,POINT (0.4442840155698911 0.2473252439601332),,,,,,,,,,1,1,
0,32,10,"{'x': 882.0486578312193, 'y': 318.1323101935534, 'elapsedTime': 16903.100000023842}",577278140001,2303276107,POINT (0.4594003426204267 0.2945669538829198),,,,,,,,,,1,1,
0,32,10,"{'x': 882.0486578312193, 'y': 318.1323101935534, 'elapsedTime': 16903.100000023842}",577278156668,2303292774,POINT (0.4594003426204267 0.2945669538829198),,,,,,,,,,1,1,
0,32,10,"{'x': 882.0486578312193, 'y': 318.1323101935534, 'elapsedTime': 16903.100000023842}",577278173336,2303309441,POINT (0.4594003426204267 0.2945669538829198),,,,,,,,,,1,1,
0,32,10,"{'x': 882.0486578312193, 'y': 318.1323101935534, 'elapsedTime': 16903.100000023842}",577278190002,2303326107,POINT (0.4594003426204267 0.2945669538829198),,,,,,,,,,1,1,
0,32,10,"{'x': 923.3703908783472, 'y': 309.09362756406114, 'elapsedTime': 16971.700000047684}",577278206669,2303342773,POINT (0.4809220785824725 0.2861978033000566),,,,,,,,,,1,1,
0,32,10,"{'x': 923.3703908783472, 'y': 309.09362756406114, 'elapsedTime': 16971.700000047684}",577278223336,2303359440,POINT (0.4809220785824725 0.2861978033000566),,,,,,,,,,1,1,
0,32,10,"{'x': 923.3703908783472, 'y': 309.09362756406114, 'elapsedTime': 16971.700000047684}",577278240004,2303376107,POINT (0.4809220785824725 0.2861978033000566),,,,,,,,,,1,1,
0,32,10,"{'x': 923.3703908783472, 'y': 309.09362756406114, 'elapsedTime': 16971.700000047684}",577278256677,2303392780,POINT (0.4809220785824725 0.2861978033000566),,,,,,,,,,1,1,
0,32,10,"{'x': 892.2506034199613, 'y': 262.6995053885896, 'elapsedTime': 17030.700000047684}",577278273344,2303409446,POINT (0.4647138559478965 0.2432402827672126),,,,,,,,,,1,1,
0,32,10,"{'x': 892.2506034199613, 'y': 262.6995053885896, 'elapsedTime': 17030.700000047684}",577278290011,2303426113,POINT (0.4647138559478965 0.2432402827672126),,,,,,,,,,1,1,
0,32,10,"{'x': 892.2506034199613, 'y': 262.6995053885896, 'elapsedTime': 17030.700000047684}",577278306679,2303442780,POINT (0.4647138559478965 0.2432402827672126),,,,,,,,,,1,1,
0,32,10,"{'x': 841.3978355172019, 'y': 248.5768402594041, 'elapsedTime': 17092.800000071526}",577278323345,2303459446,POINT (0.438228039331876 0.2301637409809297),,,,,,,,,,,1,
0,32,10,"{'x': 841.3978355172019, 'y': 248.5768402594041, 'elapsedTime': 17092.800000071526}",577278340013,2303476113,POINT (0.438228039331876 0.2301637409809297),,,,,,,,,,,1,
0,32,10,"{'x': 782.4198183610237, 'y': 223.88441535194195, 'elapsedTime': 17141.100000023842}",577278356680,2303492779,POINT (0.4075103220630332 0.2073003845851314),,,,,,,,,,,,
0,32,10,"{'x': 782.4198183610237, 'y': 223.88441535194195, 'elapsedTime': 17141.100000023842}",577278373347,2303509446,POINT (0.4075103220630332 0.2073003845851314),,,,,,,,,,,,
0,32,10,"{'x': 782.4198183610237, 'y': 223.88441535194195, 'elapsedTime': 17141.100000023842}",577278390020,2303526118,POINT (0.4075103220630332 0.2073003845851314),,,,,,,,,,,,
0,32,10,"{'x': 782.4198183610237, 'y': 223.88441535194195, 'elapsedTime': 17141.100000023842}",577278406687,2303542785,POINT (0.4075103220630332 0.2073003845851314),,,,,,,,,,,,
0,32,10,"{'x': 731.4566021905927, 'y': 278.96803642488373, 'elapsedTime': 17188.100000023842}",577278423354,2303559451,POINT (0.3809669803076003 0.2583037374304479),,,,,,,,,,1,1,
0,32,10,"{'x': 731.4566021905927, 'y': 278.96803642488373, 'elapsedTime': 17188.100000023842}",577278440021,2303576118,POINT (0.3809669803076003 0.2583037374304479),,,,,,,,,,1,1,
0,32,10,"{'x': 686.0194619511326, 'y': 298.9163856924475, 'elapsedTime': 17234.399999976158}",577278456688,2303592784,POINT (0.3573018030995482 0.2767744311967106),,,,,,,,,,1,1,
0,32,10,"{'x': 686.0194619511326, 'y': 298.9163856924475, 'elapsedTime': 17234.399999976158}",577278473355,2303609451,POINT (0.3573018030995482 0.2767744311967106),,,,,,,,,,1,1,
0,32,10,"{'x': 686.0194619511326, 'y': 298.9163856924475, 'elapsedTime': 17234.399999976158}",577278490022,2303626117,POINT (0.3573018030995482 0.2767744311967106),,,,,,,,,,1,1,
0,32,10,"{'x': 663.6261659561909, 'y': 246.39831061125747, 'elapsedTime': 17283.700000047684}",577278506689,2303642784,POINT (0.3456386281021828 0.2281465838993125),,,,,,,,,,,1,
0,32,10,"{'x': 663.6261659561909, 'y': 246.39831061125747, 'elapsedTime': 17283.700000047684}",577278523362,2303659456,POINT (0.3456386281021828 0.2281465838993125),,,,,,,,,,,1,
0,32,10,"{'x': 663.6261659561909, 'y': 246.39831061125747, 'elapsedTime': 17283.700000047684}",577278540028,2303676122,POINT (0.3456386281021828 0.2281465838993125),,,,,,,,,,,1,
0,32,10,"{'x': 660.4087995308614, 'y': 264.2099678179889, 'elapsedTime': 17334.600000023842}",577278556697,2303692790,POINT (0.3439629164223236 0.2446388590907305),,,,,,,,,,,1,
0,32,10,"{'x': 660.4087995308614, 'y': 264.2099678179889, 'elapsedTime': 17334.600000023842}",577278573363,2303709456,POINT (0.3439629164223236 0.2446388590907305),,,,,,,,,,,1,
0,32,10,"{'x': 660.4087995308614, 'y': 264.2099678179889, 'elapsedTime': 17334.600000023842}",577278590030,2303726122,POINT (0.3439629164223236 0.2446388590907305),,,,,,,,,,,1,
0,32,10,"{'x': 566.3719386431021, 'y': 185.00846686072688, 'elapsedTime': 17382.200000047684}",577278606698,2303742790,POINT (0.294985384709949 0.1713041359821545),,,,,,,,,,1,,
0,32,10,"{'x': 566.3719386431021, 'y': 185.00846686072688, 'elapsedTime': 17382.200000047684}",577278623365,2303759456,POINT (0.294985384709949 0.1713041359821545),,,,,,,,,,1,,
0,32,10,"{'x': 566.3719386431021, 'y': 185.00846686072688, 'elapsedTime': 17382.200000047684}",577278640036,2303776126,POINT (0.294985384709949 0.1713041359821545),,,,,,,,,,1,,
0,32,10,"{'x': 627.6810080483629, 'y': 164.08668561220304, 'elapsedTime': 17434.700000047684}",577278656703,2303792793,POINT (0.3269171916918557 0.1519321163075954),,,,,,,,,,1,,
0,32,10,"{'x': 627.6810080483629, 'y': 164.08668561220304, 'elapsedTime': 17434.700000047684}",577278673371,2303809460,POINT (0.3269171916918557 0.1519321163075954),,,,,,,,,,1,,
0,32,10,"{'x': 627.6810080483629, 'y': 164.08668561220304, 'elapsedTime': 17434.700000047684}",577278690038,2303826127,POINT (0.3269171916918557 0.1519321163075954),,,,,,,,,,1,,
0,32,10,"{'x': 633.5488405141672, 'y': 213.1812282161818, 'elapsedTime': 17481.600000023842}",577278706705,2303842793,POINT (0.3299733544344621 0.1973900261260943),,,,,,,,,,,,
0,32,10,"{'x': 633.5488405141672, 'y': 213.1812282161818, 'elapsedTime': 17481.600000023842}",577278723372,2303859460,POINT (0.3299733544344621 0.1973900261260943),,,,,,,,,,,,
0,32,10,"{'x': 633.5488405141672, 'y': 213.1812282161818, 'elapsedTime': 17481.600000023842}",577278740039,2303876126,POINT (0.3299733544344621 0.1973900261260943),,,,,,,,,,,,
0,32,10,"{'x': 693.0184056414266, 'y': 328.7740284299501, 'elapsedTime': 17528.899999976158}",577278756706,2303892793,POINT (0.3609470862715764 0.3044203966943982),,,,,,,,,,,1,
0,32,10,"{'x': 693.0184056414266, 'y': 328.7740284299501, 'elapsedTime': 17528.899999976158}",577278773380,2303909466,POINT (0.3609470862715764 0.3044203966943982),,,,,,,,,,,1,
0,32,10,"{'x': 693.0184056414266, 'y': 328.7740284299501, 'elapsedTime': 17528.899999976158}",577278790046,2303926132,POINT (0.3609470862715764 0.3044203966943982),,,,,,,,,,,1,
0,32,10,"{'x': 722.7766241785189, 'y': 341.77504668062505, 'elapsedTime': 17576.800000071526}",577278806713,2303942799,POINT (0.3764461584263119 0.3164583765561343),,,,,,,,,,,1,
0,32,10,"{'x': 722.7766241785189, 'y': 341.77504668062505, 'elapsedTime': 17576.800000071526}",577278823381,2303959466,POINT (0.3764461584263119 0.3164583765561343),,,,,,,,,,,1,
0,32,10,"{'x': 722.7766241785189, 'y': 341.77504668062505, 'elapsedTime': 17576.800000071526}",577278840048,2303976133,POINT (0.3764461584263119 0.3164583765561343),,,,,,,,,,,1,
0,32,10,"{'x': 721.8242434505685, 'y': 404.5366674382758, 'elapsedTime': 17623.800000071526}",577278856715,2303992799,POINT (0.3759501267971711 0.3745709883687739),,,,,,,,,,,,
0,32,10,"{'x': 721.8242434505685, 'y': 404.5366674382758, 'elapsedTime': 17623.800000071526}",577278873381,2304009465,POINT (0.3759501267971711 0.3745709883687739),,,,,,,,,,,,
0,32,10,"{'x': 721.8242434505685, 'y': 404.5366674382758, 'elapsedTime': 17623.800000071526}",577278890050,2304026133,POINT (0.3759501267971711 0.3745709883687739),,,,,,,,,,,,
0,32,10,"{'x': 747.0629377343794, 'y': 320.66646060261905, 'elapsedTime': 17672.600000023842}",577278906721,2304042803,POINT (0.3890952800699893 0.2969133894468695),,,,,,,,,,,1,
0,32,10,"{'x': 747.0629377343794, 'y': 320.66646060261905, 'elapsedTime': 17672.600000023842}",577278923388,2304059469,POINT (0.3890952800699893 0.2969133894468695),,,,,,,,,,,1,
0,32,10,"{'x': 747.0629377343794, 'y': 320.66646060261905, 'elapsedTime': 17672.600000023842}",577278940056,2304076137,POINT (0.3890952800699893 0.2969133894468695),,,,,,,,,,,1,
0,32,10,"{'x': 757.1739605305166, 'y': 283.29015939868725, 'elapsedTime': 17720.5}",577278956723,2304092803,POINT (0.3943614377763108 0.2623057031469326),,,,,,,,,,1,1,
0,32,10,"{'x': 757.1739605305166, 'y': 283.29015939868725, 'elapsedTime': 17720.5}",577278973390,2304109470,POINT (0.3943614377763108 0.2623057031469326),,,,,,,,,,1,1,
0,32,10,"{'x': 757.1739605305166, 'y': 283.29015939868725, 'elapsedTime': 17720.5}",577278990058,2304126137,POINT (0.3943614377763108 0.2623057031469326),,,,,,,,,,1,1,
0,32,10,"{'x': 710.0416166089962, 'y': 218.1336612595146, 'elapsedTime': 17774.200000047684}",577279006724,2304142803,POINT (0.3698133419838522 0.2019756122773284),,,,,,,,,,,,
0,32,10,"{'x': 710.0416166089962, 'y': 218.1336612595146, 'elapsedTime': 17774.200000047684}",577279023391,2304159469,POINT (0.3698133419838522 0.2019756122773284),,,,,,,,,,,,
0,32,10,"{'x': 710.0416166089962, 'y': 218.1336612595146, 'elapsedTime': 17774.200000047684}",577279040064,2304176142,POINT (0.3698133419838522 0.2019756122773284),,,,,,,,,,,,
0,32,10,"{'x': 792.6508433580717, 'y': 215.4188102917351, 'elapsedTime': 17822.600000023842}",577279056731,2304192808,POINT (0.4128389809156624 0.1994618613812362),,,,,,,,,,,,
0,32,10,"{'x': 792.6508433580717, 'y': 215.4188102917351, 'elapsedTime': 17822.600000023842}",577279073398,2304209475,POINT (0.4128389809156624 0.1994618613812362),,,,,,,,,,,,
0,32,10,"{'x': 792.6508433580717, 'y': 215.4188102917351, 'elapsedTime': 17822.600000023842}",577279090065,2304226141,POINT (0.4128389809156624 0.1994618613812362),,,,,,,,,,,,
0,32,10,"{'x': 804.2764167094405, 'y': 217.6722843189052, 'elapsedTime': 17887.300000071526}",577279106732,2304242808,POINT (0.4188939670361669 0.2015484114063937),,,,,,,,,,,,
0,32,10,"{'x': 804.2764167094405, 'y': 217.6722843189052, 'elapsedTime': 17887.300000071526}",577279123400,2304259475,POINT (0.4188939670361669 0.2015484114063937),,,,,,,,,,,,
0,32,10,"{'x': 804.2764167094405, 'y': 217.6722843189052, 'elapsedTime': 17887.300000071526}",577279140066,2304276141,POINT (0.4188939670361669 0.2015484114063937),,,,,,,,,,,,
0,32,10,"{'x': 870.8483942285164, 'y': 209.36297956208037, 'elapsedTime': 17932.200000047684}",577279156734,2304292808,POINT (0.453566871994019 0.19385461070563),,,,,,,,,,1,,
0,32,10,"{'x': 870.8483942285164, 'y': 209.36297956208037, 'elapsedTime': 17932.200000047684}",577279173405,2304309479,POINT (0.453566871994019 0.19385461070563),,,,,,,,,,1,,
0,32,10,"{'x': 870.8483942285164, 'y': 209.36297956208037, 'elapsedTime': 17932.200000047684}",577279190074,2304326147,POINT (0.453566871994019 0.19385461070563),,,,,,,,,,1,,
0,32,10,"{'x': 906.3735761642159, 'y': 294.47731989821824, 'elapsedTime': 17978.5}",577279206739,2304342812,POINT (0.4720695709188625 0.2726641850909428),,,,,,,,,,1,1,
0,32,10,"{'x': 906.3735761642159, 'y': 294.47731989821824, 'elapsedTime': 17978.5}",577279223408,2304359480,POINT (0.4720695709188625 0.2726641850909428),,,,,,,,,,1,1,
0,32,10,"{'x': 906.3735761642159, 'y': 294.47731989821824, 'elapsedTime': 17978.5}",577279240073,2304376145,POINT (0.4720695709188625 0.2726641850909428),,,,,,,,,,1,1,
0,32,10,"{'x': 906.3735761642159, 'y': 294.47731989821824, 'elapsedTime': 17978.5}",577279256741,2304392812,POINT (0.4720695709188625 0.2726641850909428),,,,,,,,,,1,1,
0,32,10,"{'x': 952.7696868894805, 'y': 448.0300020018119, 'elapsedTime': 18026.899999976158}",577279273408,2304409479,POINT (0.4962342119216044 0.4148425944461222),,,,,,,,,,,,
0,32,10,"{'x': 952.7696868894805, 'y': 448.0300020018119, 'elapsedTime': 18026.899999976158}",577279290075,2304426145,POINT (0.4962342119216044 0.4148425944461222),,,,,,,,,,,,
0,32,10,"{'x': 952.7696868894805, 'y': 448.0300020018119, 'elapsedTime': 18026.899999976158}",577279306748,2304442818,POINT (0.4962342119216044 0.4148425944461222),,,,,,,,,,,,
0,32,10,"{'x': 917.8313887116842, 'y': 556.3789267528534, 'elapsedTime': 18082.700000047684}",577279323415,2304459484,POINT (0.4780371816206689 0.5151656729193087),,,,,,,,,,,1,
0,32,10,"{'x': 917.8313887116842, 'y': 556.3789267528534, 'elapsedTime': 18082.700000047684}",577279340083,2304476152,POINT (0.4780371816206689 0.5151656729193087),,,,,,,,,,,1,
0,32,10,"{'x': 836.1018234572209, 'y': 573.0360338778869, 'elapsedTime': 18137.700000047684}",577279356750,2304492818,POINT (0.4354696997173025 0.5305889202573026),,,,,,,,,,,1,
0,32,10,"{'x': 836.1018234572209, 'y': 573.0360338778869, 'elapsedTime': 18137.700000047684}",577279373416,2304509484,POINT (0.4354696997173025 0.5305889202573026),,,,,,,,,,,1,
0,32,10,"{'x': 836.1018234572209, 'y': 573.0360338778869, 'elapsedTime': 18137.700000047684}",577279390084,2304526151,POINT (0.4354696997173025 0.5305889202573026),,,,,,,,,,,1,
0,32,10,"{'x': 819.5210631320979, 'y': 525.0572259399253, 'elapsedTime': 18190.399999976158}",577279406750,2304542817,POINT (0.4268338870479676 0.4861640980925234),,,,,,,,,,,1,
0,32,10,"{'x': 819.5210631320979, 'y': 525.0572259399253, 'elapsedTime': 18190.399999976158}",577279423418,2304559484,POINT (0.4268338870479676 0.4861640980925234),,,,,,,,,,,1,
0,32,10,"{'x': 819.5210631320979, 'y': 525.0572259399253, 'elapsedTime': 18190.399999976158}",577279440090,2304576156,POINT (0.4268338870479676 0.4861640980925234),,,,,,,,,,,1,
0,32,10,"{'x': 810.2504149737347, 'y': 388.255506752638, 'elapsedTime': 18235.300000071526}",577279456757,2304592822,POINT (0.4220054244654868 0.3594958395857759),,,,,,,,,,,,
0,32,10,"{'x': 810.2504149737347, 'y': 388.255506752638, 'elapsedTime': 18235.300000071526}",577279473425,2304609489,POINT (0.4220054244654868 0.3594958395857759),,,,,,,,,,,,
0,32,10,"{'x': 810.2504149737347, 'y': 388.255506752638, 'elapsedTime': 18235.300000071526}",577279490092,2304626156,POINT (0.4220054244654868 0.3594958395857759),,,,,,,,,,,,
0,32,10,"{'x': 789.1762351544264, 'y': 351.4368998047014, 'elapsedTime': 18279.5}",577279506760,2304642823,POINT (0.4110292891429304 0.325404536856205),,,,,,,,,,,1,
0,32,10,"{'x': 789.1762351544264, 'y': 351.4368998047014, 'elapsedTime': 18279.5}",577279523426,2304659489,POINT (0.4110292891429304 0.325404536856205),,,,,,,,,,,1,
0,32,10,"{'x': 789.1762351544264, 'y': 351.4368998047014, 'elapsedTime': 18279.5}",577279540094,2304676156,POINT (0.4110292891429304 0.325404536856205),,,,,,,,,,,1,
0,32,10,"{'x': 789.1762351544264, 'y': 351.4368998047014, 'elapsedTime': 18279.5}",577279556764,2304692826,POINT (0.4110292891429304 0.325404536856205),,,,,,,,,,,1,
0,32,10,"{'x': 785.9447667833729, 'y': 314.13544700287815, 'elapsedTime': 18334.800000071526}",577279573432,2304709493,POINT (0.4093462326996734 0.2908661546322946),,,,,,,,,,1,1,
0,32,10,"{'x': 785.9447667833729, 'y': 314.13544700287815, 'elapsedTime': 18334.800000071526}",577279590098,2304726159,POINT (0.4093462326996734 0.2908661546322946),,,,,,,,,,1,1,
0,32,10,"{'x': 753.9622318997535, 'y': 288.5602990025263, 'elapsedTime': 18388.5}",577279606765,2304742825,POINT (0.3926886624477883 0.2671854620393762),,,,,,,,,,1,1,
0,32,10,"{'x': 753.9622318997535, 'y': 288.5602990025263, 'elapsedTime': 18388.5}",577279623433,2304759493,POINT (0.3926886624477883 0.2671854620393762),,,,,,,,,,1,1,
0,32,10,"{'x': 753.9622318997535, 'y': 288.5602990025263, 'elapsedTime': 18388.5}",577279640100,2304776159,POINT (0.3926886624477883 0.2671854620393762),,,,,,,,,,1,1,
0,32,10,"{'x': 753.9622318997535, 'y': 288.5602990025263, 'elapsedTime': 18388.5}",577279656766,2304792825,POINT (0.3926886624477883 0.2671854620393762),,,,,,,,,,1,1,
0,32,10,"{'x': 716.0855045412569, 'y': 280.55491054598394, 'elapsedTime': 18435.300000071526}",577279673435,2304809493,POINT (0.3729612002819047 0.2597730653203555),,,,,,,,,,1,1,
0,32,10,"{'x': 716.0855045412569, 'y': 280.55491054598394, 'elapsedTime': 18435.300000071526}",577279690105,2304826163,POINT (0.3729612002819047 0.2597730653203555),,,,,,,,,,1,1,
0,32,10,"{'x': 716.0855045412569, 'y': 280.55491054598394, 'elapsedTime': 18435.300000071526}",577279706772,2304842829,POINT (0.3729612002819047 0.2597730653203555),,,,,,,,,,1,1,
0,32,10,"{'x': 729.663660209251, 'y': 189.85479234911074, 'elapsedTime': 18493.300000071526}",577279723440,2304859497,POINT (0.3800331563589849 0.1757914743973248),,,,,,,,,,1,,
0,32,10,"{'x': 729.663660209251, 'y': 189.85479234911074, 'elapsedTime': 18493.300000071526}",577279740107,2304876163,POINT (0.3800331563589849 0.1757914743973248),,,,,,,,,,1,,
0,32,10,"{'x': 729.663660209251, 'y': 189.85479234911074, 'elapsedTime': 18493.300000071526}",577279756773,2304892829,POINT (0.3800331563589849 0.1757914743973248),,,,,,,,,,1,,
0,32,10,"{'x': 737.2172552750527, 'y': 242.60815673421843, 'elapsedTime': 18551.100000023842}",577279773441,2304909496,POINT (0.3839673204557566 0.2246371821613134),,,,,,,,,,,1,
0,32,10,"{'x': 737.2172552750527, 'y': 242.60815673421843, 'elapsedTime': 18551.100000023842}",577279790108,2304926163,POINT (0.3839673204557566 0.2246371821613134),,,,,,,,,,,1,
0,32,10,"{'x': 737.2172552750527, 'y': 242.60815673421843, 'elapsedTime': 18551.100000023842}",577279806776,2304942830,POINT (0.3839673204557566 0.2246371821613134),,,,,,,,,,,1,
0,32,10,"{'x': 773.4775703592032, 'y': 162.40837280946945, 'elapsedTime': 18597.300000071526}",577279823445,2304959499,POINT (0.4028529012287517 0.150378122971731),,,,,,,,,,1,,
0,32,10,"{'x': 773.4775703592032, 'y': 162.40837280946945, 'elapsedTime': 18597.300000071526}",577279840113,2304976166,POINT (0.4028529012287517 0.150378122971731),,,,,,,,,,1,,
0,32,10,"{'x': 773.4775703592032, 'y': 162.40837280946945, 'elapsedTime': 18597.300000071526}",577279856780,2304992833,POINT (0.4028529012287517 0.150378122971731),,,,,,,,,,1,,
0,32,10,"{'x': 777.0592002890909, 'y': 154.23958338681575, 'elapsedTime': 18642.700000047684}",577279873447,2305009499,POINT (0.4047183334839015 0.1428144290618664),,,,,,,,,,1,,
0,32,10,"{'x': 777.0592002890909, 'y': 154.23958338681575, 'elapsedTime': 18642.700000047684}",577279890114,2305026166,POINT (0.4047183334839015 0.1428144290618664),,,,,,,,,,1,,
0,32,10,"{'x': 777.0592002890909, 'y': 154.23958338681575, 'elapsedTime': 18642.700000047684}",577279906781,2305042832,POINT (0.4047183334839015 0.1428144290618664),,,,,,,,,,1,,
0,32,10,"{'x': 811.805943453009, 'y': 127.57750151006138, 'elapsedTime': 18688.300000071526}",577279923448,2305059499,POINT (0.4228155955484422 0.1181273162130198),,,,,,,,,,,,
0,32,10,"{'x': 811.805943453009, 'y': 127.57750151006138, 'elapsedTime': 18688.300000071526}",577279940116,2305076166,POINT (0.4228155955484422 0.1181273162130198),,,,,,,,,,,,
0,32,10,"{'x': 811.805943453009, 'y': 127.57750151006138, 'elapsedTime': 18688.300000071526}",577279956791,2305092841,POINT (0.4228155955484422 0.1181273162130198),,,,,,,,,,,,
0,32,10,"{'x': 773.7852359995213, 'y': 249.83785619019721, 'elapsedTime': 18737.100000023842}",577279973458,2305109507,POINT (0.4030131437497507 0.2313313483242567),,,,,,,,,,,1,
0,32,10,"{'x': 773.7852359995213, 'y': 249.83785619019721, 'elapsedTime': 18737.100000023842}",577279990125,2305126174,POINT (0.4030131437497507 0.2313313483242567),,,,,,,,,,,1,
0,32,10,"{'x': 773.7852359995213, 'y': 249.83785619019721, 'elapsedTime': 18737.100000023842}",577280006793,2305142841,POINT (0.4030131437497507 0.2313313483242567),,,,,,,,,,,1,
0,32,10,"{'x': 773.7852359995213, 'y': 249.83785619019721, 'elapsedTime': 18737.100000023842}",577280023460,2305159507,POINT (0.4030131437497507 0.2313313483242567),,,,,,,,,,,1,
0,32,10,"{'x': 753.1503185320107, 'y': 252.77538586672574, 'elapsedTime': 18793.800000071526}",577280040128,2305176174,POINT (0.3922657909020889 0.2340512832099312),,,,,,,,,,,1,
0,32,10,"{'x': 753.1503185320107, 'y': 252.77538586672574, 'elapsedTime': 18793.800000071526}",577280056795,2305192841,POINT (0.3922657909020889 0.2340512832099312),,,,,,,,,,,1,
0,32,10,"{'x': 753.1503185320107, 'y': 252.77538586672574, 'elapsedTime': 18793.800000071526}",577280073462,2305209507,POINT (0.3922657909020889 0.2340512832099312),,,,,,,,,,,1,
0,32,10,"{'x': 859.5269315106818, 'y': 376.93322283717754, 'elapsedTime': 18858.200000047684}",577280090133,2305226178,POINT (0.4476702768284801 0.349012243367757),,,,,,,,,,,1,
0,32,10,"{'x': 859.5269315106818, 'y': 376.93322283717754, 'elapsedTime': 18858.200000047684}",577280106800,2305242844,POINT (0.4476702768284801 0.349012243367757),,,,,,,,,,,1,
0,32,10,"{'x': 859.5269315106818, 'y': 376.93322283717754, 'elapsedTime': 18858.200000047684}",577280123467,2305259511,POINT (0.4476702768284801 0.349012243367757),,,,,,,,,,,1,
0,32,10,"{'x': 843.3605416584676, 'y': 357.80889550304124, 'elapsedTime': 18905.200000047684}",577280140135,2305276178,POINT (0.4392502821137852 0.3313045328731863),,,,,,,,,,,1,
0,32,10,"{'x': 843.3605416584676, 'y': 357.80889550304124, 'elapsedTime': 18905.200000047684}",577280156802,2305292845,POINT (0.4392502821137852 0.3313045328731863),,,,,,,,,,,1,
0,32,10,"{'x': 738.166840237247, 'y': 256.9336267212153, 'elapsedTime': 18953.300000071526}",577280173469,2305309511,POINT (0.3844618959568995 0.2379015062233475),,,,,,,,,,,1,
0,32,10,"{'x': 738.166840237247, 'y': 256.9336267212153, 'elapsedTime': 18953.300000071526}",577280190136,2305326178,POINT (0.3844618959568995 0.2379015062233475),,,,,,,,,,,1,
0,32,10,"{'x': 738.166840237247, 'y': 256.9336267212153, 'elapsedTime': 18953.300000071526}",577280206804,2305342845,POINT (0.3844618959568995 0.2379015062233475),,,,,,,,,,,1,
0,32,10,"{'x': 712.7240206898703, 'y': 277.4924736122407, 'elapsedTime': 19005.200000047684}",577280223474,2305359515,POINT (0.3712104274426408 0.2569374755668896),,,,,,,,,,1,1,
0,32,10,"{'x': 712.7240206898703, 'y': 277.4924736122407, 'elapsedTime': 19005.200000047684}",577280240142,2305376182,POINT (0.3712104274426408 0.2569374755668896),,,,,,,,,,1,1,
0,32,10,"{'x': 712.7240206898703, 'y': 277.4924736122407, 'elapsedTime': 19005.200000047684}",577280256808,2305392848,POINT (0.3712104274426408 0.2569374755668896),,,,,,,,,,1,1,
0,32,10,"{'x': 712.7240206898703, 'y': 277.4924736122407, 'elapsedTime': 19005.200000047684}",577280273476,2305409515,POINT (0.3712104274426408 0.2569374755668896),,,,,,,,,,1,1,
0,32,10,"{'x': 695.2291526137925, 'y': 249.84529937849913, 'elapsedTime': 19056.899999976158}",577280290143,2305426182,POINT (0.3620985169863503 0.231338240165277),,,,,,,,,,,1,
0,32,10,"{'x': 704.6622350047346, 'y': 295.18291722533286, 'elapsedTime': 19115.399999976158}",577280306810,2305442848,POINT (0.3670115807316326 0.2733175159493822),,,,,,,,,,1,1,
0,32,10,"{'x': 704.6622350047346, 'y': 295.18291722533286, 'elapsedTime': 19115.399999976158}",577280323477,2305459515,POINT (0.3670115807316326 0.2733175159493822),,,,,,,,,,1,1,
0,32,10,"{'x': 704.6622350047346, 'y': 295.18291722533286, 'elapsedTime': 19115.399999976158}",577280340145,2305476182,POINT (0.3670115807316326 0.2733175159493822),,,,,,,,,,1,1,
0,32,10,"{'x': 704.6622350047346, 'y': 295.18291722533286, 'elapsedTime': 19115.399999976158}",577280356816,2305492853,POINT (0.3670115807316326 0.2733175159493822),,,,,,,,,,1,1,
0,32,10,"{'x': 704.6622350047346, 'y': 295.18291722533286, 'elapsedTime': 19115.399999976158}",577280373484,2305509520,POINT (0.3670115807316326 0.2733175159493822),,,,,,,,,,1,1,
0,32,10,"{'x': 704.6622350047346, 'y': 295.18291722533286, 'elapsedTime': 19115.399999976158}",577280390150,2305526186,POINT (0.3670115807316326 0.2733175159493822),,,,,,,,,,1,1,
0,32,10,"{'x': 680.2947326756059, 'y': 220.8683319497677, 'elapsedTime': 19173.200000047684}",577280406819,2305542854,POINT (0.3543201732685448 0.2045077147683034),,,,,,,,,,,,
0,32,10,"{'x': 680.2947326756059, 'y': 220.8683319497677, 'elapsedTime': 19173.200000047684}",577280423485,2305559520,POINT (0.3543201732685448 0.2045077147683034),,,,,,,,,,,,
0,32,10,"{'x': 680.2947326756059, 'y': 220.8683319497677, 'elapsedTime': 19173.200000047684}",577280440153,2305576187,POINT (0.3543201732685448 0.2045077147683034),,,,,,,,,,,,
0,32,10,"{'x': 687.5467640972076, 'y': 292.1184998729898, 'elapsedTime': 19225.800000071526}",577280456819,2305592853,POINT (0.3580972729672956 0.2704800924749906),,,,,,,,,,1,1,
0,32,10,"{'x': 687.5467640972076, 'y': 292.1184998729898, 'elapsedTime': 19225.800000071526}",577280473487,2305609520,POINT (0.3580972729672956 0.2704800924749906),,,,,,,,,,1,1,
0,32,10,"{'x': 687.5467640972076, 'y': 292.1184998729898, 'elapsedTime': 19225.800000071526}",577280490159,2305626192,POINT (0.3580972729672956 0.2704800924749906),,,,,,,,,,1,1,
0,32,10,"{'x': 693.932733614897, 'y': 248.9428174270396, 'elapsedTime': 19273.899999976158}",577280506826,2305642858,POINT (0.3614232987577589 0.2305026087287404),,,,,,,,,,,1,
0,32,10,"{'x': 693.932733614897, 'y': 248.9428174270396, 'elapsedTime': 19273.899999976158}",577280523492,2305659524,POINT (0.3614232987577589 0.2305026087287404),,,,,,,,,,,1,
0,32,10,"{'x': 693.932733614897, 'y': 248.9428174270396, 'elapsedTime': 19273.899999976158}",577280540160,2305676191,POINT (0.3614232987577589 0.2305026087287404),,,,,,,,,,,1,
0,32,10,"{'x': 679.6381986561238, 'y': 285.64489046913064, 'elapsedTime': 19323.200000047684}",577280556827,2305692858,POINT (0.3539782284667312 0.2644860096936395),,,,,,,,,,1,1,
0,32,10,"{'x': 679.6381986561238, 'y': 285.64489046913064, 'elapsedTime': 19323.200000047684}",577280573495,2305709525,POINT (0.3539782284667312 0.2644860096936395),,,,,,,,,,1,1,
0,32,10,"{'x': 679.6381986561238, 'y': 285.64489046913064, 'elapsedTime': 19323.200000047684}",577280590162,2305726191,POINT (0.3539782284667312 0.2644860096936395),,,,,,,,,,1,1,
0,32,10,"{'x': 682.0591983064581, 'y': 305.9794542628896, 'elapsedTime': 19380.399999976158}",577280606834,2305742863,POINT (0.3552391657846136 0.2833143095026756),,,,,,,,,,1,1,
0,32,10,"{'x': 682.0591983064581, 'y': 305.9794542628896, 'elapsedTime': 19380.399999976158}",577280623501,2305759529,POINT (0.3552391657846136 0.2833143095026756),,,,,,,,,,1,1,
0,32,10,"{'x': 682.0591983064581, 'y': 305.9794542628896, 'elapsedTime': 19380.399999976158}",577280640169,2305776197,POINT (0.3552391657846136 0.2833143095026756),,,,,,,,,,1,1,
0,32,10,"{'x': 682.0591983064581, 'y': 305.9794542628896, 'elapsedTime': 19380.399999976158}",577280656836,2305792863,POINT (0.3552391657846136 0.2833143095026756),,,,,,,,,,1,1,
0,32,10,"{'x': 654.8554008538962, 'y': 303.8683705144177, 'elapsedTime': 19435.200000047684}",577280673503,2305809530,POINT (0.3410705212780709 0.2813596023281645),,,,,,,,,,1,1,
0,32,10,"{'x': 654.8554008538962, 'y': 303.8683705144177, 'elapsedTime': 19435.200000047684}",577280690171,2305826197,POINT (0.3410705212780709 0.2813596023281645),,,,,,,,,,1,1,
0,32,10,"{'x': 631.3523867797617, 'y': 212.2340106707176, 'elapsedTime': 19490}",577280706837,2305842863,POINT (0.3288293681144592 0.196512972843257),,,,,,,,,,,,
0,32,10,"{'x': 631.3523867797617, 'y': 212.2340106707176, 'elapsedTime': 19490}",577280723504,2305859529,POINT (0.3288293681144592 0.196512972843257),,,,,,,,,,,,
0,32,10,"{'x': 631.3523867797617, 'y': 212.2340106707176, 'elapsedTime': 19490}",577280740172,2305876197,POINT (0.3288293681144592 0.196512972843257),,,,,,,,,,,,
0,32,10,"{'x': 631.3523867797617, 'y': 212.2340106707176, 'elapsedTime': 19490}",577280756840,2305892864,POINT (0.3288293681144592 0.196512972843257),,,,,,,,,,,,
0,32,10,"{'x': 690.9193733790813, 'y': 188.8350894975329, 'elapsedTime': 19538.100000023842}",577280773507,2305909531,POINT (0.3598538403016048 0.1748473050903082),,,,,,,,,,1,,
0,32,10,"{'x': 690.9193733790813, 'y': 188.8350894975329, 'elapsedTime': 19538.100000023842}",577280790174,2305926197,POINT (0.3598538403016048 0.1748473050903082),,,,,,,,,,1,,
0,32,10,"{'x': 690.9193733790813, 'y': 188.8350894975329, 'elapsedTime': 19538.100000023842}",577280806843,2305942866,POINT (0.3598538403016048 0.1748473050903082),,,,,,,,,,1,,
0,32,10,"{'x': 772.4010393333011, 'y': 244.6924302418833, 'elapsedTime': 19589.700000047684}",577280823509,2305959531,POINT (0.4022922079860943 0.2265670650387808),,,,,,,,,,,1,
0,32,10,"{'x': 772.4010393333011, 'y': 244.6924302418833, 'elapsedTime': 19589.700000047684}",577280840175,2305976197,POINT (0.4022922079860943 0.2265670650387808),,,,,,,,,,,1,
0,32,10,"{'x': 799.8595852177127, 'y': 297.73982513563425, 'elapsedTime': 19642.5}",577280856845,2305992866,POINT (0.4165935339675587 0.2756850232737354),,,,,,,,,,1,1,
0,32,10,"{'x': 799.8595852177127, 'y': 297.73982513563425, 'elapsedTime': 19642.5}",577280873517,2306009538,POINT (0.4165935339675587 0.2756850232737354),,,,,,,,,,1,1,
0,32,10,"{'x': 799.8595852177127, 'y': 297.73982513563425, 'elapsedTime': 19642.5}",577280890185,2306026205,POINT (0.4165935339675587 0.2756850232737354),,,,,,,,,,1,1,
0,32,10,"{'x': 790.9972097882606, 'y': 188.37644438948507, 'elapsedTime': 19687.600000023842}",577280906852,2306042872,POINT (0.4119777134313857 0.1744226336939676),,,,,,,,,,1,,
0,32,10,"{'x': 790.9972097882606, 'y': 188.37644438948507, 'elapsedTime': 19687.600000023842}",577280923519,2306059538,POINT (0.4119777134313857 0.1744226336939676),,,,,,,,,,1,,
0,32,10,"{'x': 790.9972097882606, 'y': 188.37644438948507, 'elapsedTime': 19687.600000023842}",577280940186,2306076205,POINT (0.4119777134313857 0.1744226336939676),,,,,,,,,,1,,
0,32,10,"{'x': 775.335140201228, 'y': 207.50509534922313, 'elapsedTime': 19734.899999976158}",577280956854,2306092872,POINT (0.4038203855214729 0.192134347545577),,,,,,,,,,1,,
0,32,10,"{'x': 775.335140201228, 'y': 207.50509534922313, 'elapsedTime': 19734.899999976158}",577280973521,2306109539,POINT (0.4038203855214729 0.192134347545577),,,,,,,,,,1,,
0,32,10,"{'x': 775.335140201228, 'y': 207.50509534922313, 'elapsedTime': 19734.899999976158}",577280990188,2306126205,POINT (0.4038203855214729 0.192134347545577),,,,,,,,,,1,,
0,32,10,"{'x': 775.335140201228, 'y': 207.50509534922313, 'elapsedTime': 19734.899999976158}",577281006861,2306142878,POINT (0.4038203855214729 0.192134347545577),,,,,,,,,,1,,
0,32,10,"{'x': 775.335140201228, 'y': 207.50509534922313, 'elapsedTime': 19734.899999976158}",577281023528,2306159544,POINT (0.4038203855214729 0.192134347545577),,,,,,,,,,1,,
0,32,10,"{'x': 843.269938429686, 'y': 250.1414532039654, 'elapsedTime': 19784}",577281040195,2306176211,POINT (0.4392030929321281 0.2316124566703383),,,,,,,,,,,1,
0,32,10,"{'x': 843.269938429686, 'y': 250.1414532039654, 'elapsedTime': 19784}",577281056863,2306192878,POINT (0.4392030929321281 0.2316124566703383),,,,,,,,,,,1,
0,32,10,"{'x': 767.5749443840622, 'y': 167.774900774386, 'elapsedTime': 19846.800000071526}",577281073530,2306209545,POINT (0.3997786168666991 0.1553471303466537),,,,,,,,,,1,,
0,32,10,"{'x': 767.5749443840622, 'y': 167.774900774386, 'elapsedTime': 19846.800000071526}",577281090197,2306226211,POINT (0.3997786168666991 0.1553471303466537),,,,,,,,,,1,,
0,32,10,"{'x': 767.5749443840622, 'y': 167.774900774386, 'elapsedTime': 19846.800000071526}",577281106863,2306242877,POINT (0.3997786168666991 0.1553471303466537),,,,,,,,,,1,,
0,32,10,"{'x': 707.20114849916, 'y': 113.88800118894521, 'elapsedTime': 19895.899999976158}",577281123532,2306259544,POINT (0.3683339315099792 0.105451852952727),,,,,,,,,,,,
0,32,10,"{'x': 707.20114849916, 'y': 113.88800118894521, 'elapsedTime': 19895.899999976158}",577281140202,2306276214,POINT (0.3683339315099792 0.105451852952727),,,,,,,,,,,,
0,32,10,"{'x': 694.6425892028361, 'y': 126.18745124930213, 'elapsedTime': 19941.899999976158}",577281156870,2306292881,POINT (0.3617930152098105 0.1168402326382427),,,,,,,,,,,,
0,32,10,"{'x': 694.6425892028361, 'y': 126.18745124930213, 'elapsedTime': 19941.899999976158}",577281173536,2306309547,POINT (0.3617930152098105 0.1168402326382427),,,,,,,,,,,,
0,32,10,"{'x': 694.6425892028361, 'y': 126.18745124930213, 'elapsedTime': 19941.899999976158}",577281190204,2306326214,POINT (0.3617930152098105 0.1168402326382427),,,,,,,,,,,,
0,32,10,"{'x': 685.837509481899, 'y': 185.5178757776979, 'elapsedTime': 19987}",577281206871,2306342881,POINT (0.3572070361884891 0.1717758109052758),,,,,,,,,,1,,
0,32,10,"{'x': 685.837509481899, 'y': 185.5178757776979, 'elapsedTime': 19987}",577281223539,2306359548,POINT (0.3572070361884891 0.1717758109052758),,,,,,,,,,1,,
0,32,10,"{'x': 685.837509481899, 'y': 185.5178757776979, 'elapsedTime': 19987}",577281240205,2306376214,POINT (0.3572070361884891 0.1717758109052758),,,,,,,,,,1,,
0,32,10,"{'x': 685.837509481899, 'y': 185.5178757776979, 'elapsedTime': 19987}",577281256872,2306392880,POINT (0.3572070361884891 0.1717758109052758),,,,,,,,,,1,,
0,32,10,"{'x': 685.837509481899, 'y': 185.5178757776979, 'elapsedTime': 19987}",577281273544,2306409552,POINT (0.3572070361884891 0.1717758109052758),,,,,,,,,,1,,
0,32,10,"{'x': 711.1947530890574, 'y': 240.86632763976738, 'elapsedTime': 20038.399999976158}",577281290212,2306426219,POINT (0.3704139339005507 0.2230243774442291),,,,,,,,,,,1,
0,32,10,"{'x': 711.1947530890574, 'y': 240.86632763976738, 'elapsedTime': 20038.399999976158}",577281306879,2306442886,POINT (0.3704139339005507 0.2230243774442291),,,,,,,,,,,1,
0,32,10,"{'x': 711.1947530890574, 'y': 240.86632763976738, 'elapsedTime': 20038.399999976158}",577281323546,2306459552,POINT (0.3704139339005507 0.2230243774442291),,,,,,,,,,,1,
0,32,10,"{'x': 683.6830226968357, 'y': 203.13304572175423, 'elapsedTime': 20104}",577281340215,2306476221,POINT (0.3560849076546019 0.1880861534460687),,,,,,,,,,,,
0,32,10,"{'x': 683.6830226968357, 'y': 203.13304572175423, 'elapsedTime': 20104}",577281356882,2306492887,POINT (0.3560849076546019 0.1880861534460687),,,,,,,,,,,,
0,32,10,"{'x': 767.695828407532, 'y': 352.2556516576674, 'elapsedTime': 20151.200000047684}",577281373547,2306509552,POINT (0.3998415772955896 0.3261626404237661),,,,,,,,,,,1,
0,32,10,"{'x': 767.695828407532, 'y': 352.2556516576674, 'elapsedTime': 20151.200000047684}",577281390215,2306526219,POINT (0.3998415772955896 0.3261626404237661),,,,,,,,,,,1,
0,32,10,"{'x': 767.695828407532, 'y': 352.2556516576674, 'elapsedTime': 20151.200000047684}",577281406885,2306542889,POINT (0.3998415772955896 0.3261626404237661),,,,,,,,,,,1,
0,32,10,"{'x': 852.179571876546, 'y': 458.38763728047763, 'elapsedTime': 20196.700000047684}",577281423553,2306559556,POINT (0.4438435270190344 0.4244329974819238),,,,,,,,,,,,
0,32,10,"{'x': 852.179571876546, 'y': 458.38763728047763, 'elapsedTime': 20196.700000047684}",577281440220,2306576223,POINT (0.4438435270190344 0.4244329974819238),,,,,,,,,,,,
0,32,10,"{'x': 852.179571876546, 'y': 458.38763728047763, 'elapsedTime': 20196.700000047684}",577281456888,2306592890,POINT (0.4438435270190344 0.4244329974819238),,,,,,,,,,,,
0,32,10,"{'x': 850.464295665523, 'y': 514.9743441405219, 'elapsedTime': 20239.800000071526}",577281473555,2306609557,POINT (0.4429501539924599 0.4768280964264092),,,,,,,,,,,1,
0,32,10,"{'x': 850.464295665523, 'y': 514.9743441405219, 'elapsedTime': 20239.800000071526}",577281490222,2306626223,POINT (0.4429501539924599 0.4768280964264092),,,,,,,,,,,1,
0,32,10,"{'x': 850.464295665523, 'y': 514.9743441405219, 'elapsedTime': 20239.800000071526}",577281506889,2306642890,POINT (0.4429501539924599 0.4768280964264092),,,,,,,,,,,1,
0,32,10,"{'x': 802.6886847343336, 'y': 542.9424178916702, 'elapsedTime': 20288.600000023842}",577281523560,2306659560,POINT (0.4180670232991321 0.5027244610108057),,,,,,,,,,,1,
0,32,10,"{'x': 802.6886847343336, 'y': 542.9424178916702, 'elapsedTime': 20288.600000023842}",577281540227,2306676227,POINT (0.4180670232991321 0.5027244610108057),,,,,,,,,,,1,
0,32,10,"{'x': 795.9299990361941, 'y': 486.5427527243113, 'elapsedTime': 20344.200000047684}",577281556895,2306692894,POINT (0.4145468744980178 0.4505025488188068),,,,,,,,,,,,
0,32,10,"{'x': 795.9299990361941, 'y': 486.5427527243113, 'elapsedTime': 20344.200000047684}",577281573561,2306709560,POINT (0.4145468744980178 0.4505025488188068),,,,,,,,,,,,
0,32,10,"{'x': 795.9299990361941, 'y': 486.5427527243113, 'elapsedTime': 20344.200000047684}",577281590228,2306726226,POINT (0.4145468744980178 0.4505025488188068),,,,,,,,,,,,
0,32,10,"{'x': 760.7263073824943, 'y': 414.6077379526907, 'elapsedTime': 20394.399999976158}",577281606895,2306742893,POINT (0.3962116184283824 0.3838960536598988),,,,,,,,,,,,
0,32,10,"{'x': 760.7263073824943, 'y': 414.6077379526907, 'elapsedTime': 20394.399999976158}",577281623563,2306759560,POINT (0.3962116184283824 0.3838960536598988),,,,,,,,,,,,
0,32,10,"{'x': 760.7263073824943, 'y': 414.6077379526907, 'elapsedTime': 20394.399999976158}",577281640230,2306776227,POINT (0.3962116184283824 0.3838960536598988),,,,,,,,,,,,
0,32,10,"{'x': 747.8835818291033, 'y': 336.0150796100766, 'elapsedTime': 20437.200000047684}",577281656904,2306792900,POINT (0.3895226988693246 0.3111250737130339),,,,,,,,,,,1,
0,32,10,"{'x': 747.8835818291033, 'y': 336.0150796100766, 'elapsedTime': 20437.200000047684}",577281673571,2306809567,POINT (0.3895226988693246 0.3111250737130339),,,,,,,,,,,1,
0,32,10,"{'x': 747.8835818291033, 'y': 336.0150796100766, 'elapsedTime': 20437.200000047684}",577281690238,2306826233,POINT (0.3895226988693246 0.3111250737130339),,,,,,,,,,,1,
0,32,10,"{'x': 738.2250263016308, 'y': 366.16714853767996, 'elapsedTime': 20485.800000071526}",577281706906,2306842901,POINT (0.384492201198766 0.3390436560534074),,,,,,,,,,,,
0,32,10,"{'x': 738.2250263016308, 'y': 366.16714853767996, 'elapsedTime': 20485.800000071526}",577281723573,2306859567,POINT (0.384492201198766 0.3390436560534074),,,,,,,,,,,,
0,32,10,"{'x': 738.2250263016308, 'y': 366.16714853767996, 'elapsedTime': 20485.800000071526}",577281740240,2306876234,POINT (0.384492201198766 0.3390436560534074),,,,,,,,,,,,
0,32,10,"{'x': 672.308413437183, 'y': 337.9055881700163, 'elapsedTime': 20528.899999976158}",577281756907,2306892900,POINT (0.3501606319985328 0.312875544601867),,,,,,,,,,,1,
0,32,10,"{'x': 672.308413437183, 'y': 337.9055881700163, 'elapsedTime': 20528.899999976158}",577281773574,2306909567,POINT (0.3501606319985328 0.312875544601867),,,,,,,,,,,1,
0,32,10,"{'x': 672.308413437183, 'y': 337.9055881700163, 'elapsedTime': 20528.899999976158}",577281790245,2306926237,POINT (0.3501606319985328 0.312875544601867),,,,,,,,,,,1,
0,32,10,"{'x': 621.4862219009965, 'y': 343.9328164513922, 'elapsedTime': 20571.899999976158}",577281806912,2306942904,POINT (0.3236907405734357 0.3184563115290669),,,,,,,,,,,,
0,32,10,"{'x': 621.4862219009965, 'y': 343.9328164513922, 'elapsedTime': 20571.899999976158}",577281823578,2306959570,POINT (0.3236907405734357 0.3184563115290669),,,,,,,,,,,,
0,32,10,"{'x': 603.1180679697949, 'y': 345.0456037053366, 'elapsedTime': 20617.5}",577281840245,2306976236,POINT (0.3141239937342682 0.3194866700975339),,,,,,,,,,,,
0,32,10,"{'x': 603.1180679697949, 'y': 345.0456037053366, 'elapsedTime': 20617.5}",577281856912,2306992903,POINT (0.3141239937342682 0.3194866700975339),,,,,,,,,,,,
0,32,10,"{'x': 603.1180679697949, 'y': 345.0456037053366, 'elapsedTime': 20617.5}",577281873580,2307009570,POINT (0.3141239937342682 0.3194866700975339),,,,,,,,,,,,
0,32,10,"{'x': 603.1180679697949, 'y': 345.0456037053366, 'elapsedTime': 20617.5}",577281890247,2307026237,POINT (0.3141239937342682 0.3194866700975339),,,,,,,,,,,,
0,32,10,"{'x': 565.8544587917812, 'y': 342.59749983762464, 'elapsedTime': 20669.800000071526}",577281906914,2307042903,POINT (0.2947158639540527 0.3172199072570598),,,,,,,,,,,,
0,32,10,"{'x': 565.8544587917812, 'y': 342.59749983762464, 'elapsedTime': 20669.800000071526}",577281923587,2307059576,POINT (0.2947158639540527 0.3172199072570598),,,,,,,,,,,,
0,32,10,"{'x': 565.8544587917812, 'y': 342.59749983762464, 'elapsedTime': 20669.800000071526}",577281940254,2307076242,POINT (0.2947158639540527 0.3172199072570598),,,,,,,,,,,,
0,32,10,"{'x': 598.3573641175801, 'y': 345.17616513513826, 'elapsedTime': 20718.5}",577281956921,2307092909,POINT (0.3116444604779063 0.3196075603103132),,,,,,,,,,,,
0,32,10,"{'x': 598.3573641175801, 'y': 345.17616513513826, 'elapsedTime': 20718.5}",577281973589,2307109576,POINT (0.3116444604779063 0.3196075603103132),,,,,,,,,,,,
0,32,10,"{'x': 598.3573641175801, 'y': 345.17616513513826, 'elapsedTime': 20718.5}",577281990255,2307126242,POINT (0.3116444604779063 0.3196075603103132),,,,,,,,,,,,
0,32,10,"{'x': 598.3573641175801, 'y': 345.17616513513826, 'elapsedTime': 20718.5}",577282006923,2307142909,POINT (0.3116444604779063 0.3196075603103132),,,,,,,,,,,,
0,32,10,"{'x': 655.13885518704, 'y': 324.03279485576246, 'elapsedTime': 20769.5}",577282023592,2307159578,POINT (0.34121815374325 0.3000303656071875),,,,,,,,,,,1,
0,32,10,"{'x': 655.13885518704, 'y': 324.03279485576246, 'elapsedTime': 20769.5}",577282040258,2307176243,POINT (0.34121815374325 0.3000303656071875),,,,,,,,,,,1,
0,32,10,"{'x': 770.6339822356847, 'y': 415.60410014356734, 'elapsedTime': 20814.300000071526}",577282056930,2307192915,POINT (0.4013718657477525 0.3848186112440438),,,,,,,,,,,,
0,32,10,"{'x': 770.6339822356847, 'y': 415.60410014356734, 'elapsedTime': 20814.300000071526}",577282073600,2307209584,POINT (0.4013718657477525 0.3848186112440438),,,,,,,,,,,,
0,32,10,"{'x': 770.6339822356847, 'y': 415.60410014356734, 'elapsedTime': 20814.300000071526}",577282090264,2307226248,POINT (0.4013718657477525 0.3848186112440438),,,,,,,,,,,,
0,32,10,"{'x': 719.1837335368834, 'y': 431.1110923523504, 'elapsedTime': 20874.600000023842}",577282106932,2307242915,POINT (0.3745748612171268 0.3991769373632874),,,,,,,,,,,,
0,32,10,"{'x': 719.1837335368834, 'y': 431.1110923523504, 'elapsedTime': 20874.600000023842}",577282123599,2307259582,POINT (0.3745748612171268 0.3991769373632874),,,,,,,,,,,,
0,32,10,"{'x': 714.871729119639, 'y': 423.2583797355725, 'elapsedTime': 20923.200000047684}",577282140266,2307276248,POINT (0.3723290255831453 0.3919059071625671),,,,,,,,,,,,
0,32,10,"{'x': 714.871729119639, 'y': 423.2583797355725, 'elapsedTime': 20923.200000047684}",577282156933,2307292915,POINT (0.3723290255831453 0.3919059071625671),,,,,,,,,,,,
0,32,10,"{'x': 714.871729119639, 'y': 423.2583797355725, 'elapsedTime': 20923.200000047684}",577282173601,2307309582,POINT (0.3723290255831453 0.3919059071625671),,,,,,,,,,,,
0,32,10,"{'x': 684.2285375840264, 'y': 343.3753517770926, 'elapsedTime': 20967}",577282190269,2307326250,POINT (0.3563690299916804 0.317940140534345),,,,,,,,,,,,
0,32,10,"{'x': 684.2285375840264, 'y': 343.3753517770926, 'elapsedTime': 20967}",577282206936,2307342916,POINT (0.3563690299916804 0.317940140534345),,,,,,,,,,,,
0,32,10,"{'x': 684.2285375840264, 'y': 343.3753517770926, 'elapsedTime': 20967}",577282223602,2307359582,POINT (0.3563690299916804 0.317940140534345),,,,,,,,,,,,
0,32,10,"{'x': 652.2953743672808, 'y': 336.5850721051353, 'elapsedTime': 21008.600000023842}",577282240271,2307376250,POINT (0.3397371741496254 0.3116528445417919),,,,,,,,,,,,
0,32,10,"{'x': 652.2953743672808, 'y': 336.5850721051353, 'elapsedTime': 21008.600000023842}",577282256937,2307392916,POINT (0.3397371741496254 0.3116528445417919),,,,,,,,,,,,
0,32,10,"{'x': 652.2953743672808, 'y': 336.5850721051353, 'elapsedTime': 21008.600000023842}",577282273605,2307409583,POINT (0.3397371741496254 0.3116528445417919),,,,,,,,,,,,
0,32,10,"{'x': 694.1734892236308, 'y': 365.9381589909233, 'elapsedTime': 21054.899999976158}",577282290272,2307426250,POINT (0.3615486923039744 0.3388316286952993),,,,,,,,,,,,
0,32,10,"{'x': 694.1734892236308, 'y': 365.9381589909233, 'elapsedTime': 21054.899999976158}",577282306939,2307442916,POINT (0.3615486923039744 0.3388316286952993),,,,,,,,,,,,
0,32,10,"{'x': 694.1734892236308, 'y': 365.9381589909233, 'elapsedTime': 21054.899999976158}",577282323612,2307459589,POINT (0.3615486923039744 0.3388316286952993),,,,,,,,,,,,
0,32,10,"{'x': 817.3674231097832, 'y': 379.4558593708229, 'elapsedTime': 21103.100000023842}",577282340279,2307476255,POINT (0.4257121995363454 0.3513480179359471),,,,,,,,,,,,
0,32,10,"{'x': 817.3674231097832, 'y': 379.4558593708229, 'elapsedTime': 21103.100000023842}",577282356946,2307492922,POINT (0.4257121995363454 0.3513480179359471),,,,,,,,,,,,
0,32,10,"{'x': 817.3674231097832, 'y': 379.4558593708229, 'elapsedTime': 21103.100000023842}",577282373613,2307509588,POINT (0.4257121995363454 0.3513480179359471),,,,,,,,,,,,
0,32,10,"{'x': 761.8005652233038, 'y': 435.7184734437807, 'elapsedTime': 21154.700000047684}",577282390281,2307526256,POINT (0.3967711277204707 0.4034430309664636),,,,,,,,,,,,
0,32,10,"{'x': 761.8005652233038, 'y': 435.7184734437807, 'elapsedTime': 21154.700000047684}",577282406948,2307542922,POINT (0.3967711277204707 0.4034430309664636),,,,,,,,,,,,
0,32,10,"{'x': 761.8005652233038, 'y': 435.7184734437807, 'elapsedTime': 21154.700000047684}",577282423614,2307559588,POINT (0.3967711277204707 0.4034430309664636),,,,,,,,,,,,
0,32,10,"{'x': 833.8237536938369, 'y': 502.960202697404, 'elapsedTime': 21212.399999976158}",577282440282,2307576255,POINT (0.4342832050488734 0.4657038913864852),,,,,,,,,,,1,
0,32,10,"{'x': 833.8237536938369, 'y': 502.960202697404, 'elapsedTime': 21212.399999976158}",577282456956,2307592929,POINT (0.4342832050488734 0.4657038913864852),,,,,,,,,,,1,
0,32,10,"{'x': 833.8237536938369, 'y': 502.960202697404, 'elapsedTime': 21212.399999976158}",577282473622,2307609594,POINT (0.4342832050488734 0.4657038913864852),,,,,,,,,,,1,
0,32,10,"{'x': 833.8237536938369, 'y': 502.960202697404, 'elapsedTime': 21212.399999976158}",577282490288,2307626260,POINT (0.4342832050488734 0.4657038913864852),,,,,,,,,,,1,
0,32,10,"{'x': 850.6909476761479, 'y': 570.5014876433937, 'elapsedTime': 21262}",577282506956,2307642927,POINT (0.4430682019146603 0.5282421181883276),,,,,,,,,,,1,
0,32,10,"{'x': 850.6909476761479, 'y': 570.5014876433937, 'elapsedTime': 21262}",577282523622,2307659593,POINT (0.4430682019146603 0.5282421181883276),,,,,,,,,,,1,
0,32,10,"{'x': 772.2178198874427, 'y': 584.4621650168613, 'elapsedTime': 21322.899999976158}",577282540290,2307676260,POINT (0.4021967811913764 0.5411686713119086),,,,,,,,,,,1,
0,32,10,"{'x': 772.2178198874427, 'y': 584.4621650168613, 'elapsedTime': 21322.899999976158}",577282556957,2307692927,POINT (0.4021967811913764 0.5411686713119086),,,,,,,,,,,1,
0,32,10,"{'x': 772.2178198874427, 'y': 584.4621650168613, 'elapsedTime': 21322.899999976158}",577282573630,2307709599,POINT (0.4021967811913764 0.5411686713119086),,,,,,,,,,,1,
0,32,10,"{'x': 720.5461606302622, 'y': 544.9837219039922, 'elapsedTime': 21367.100000023842}",577282590296,2307726265,POINT (0.3752844586615949 0.5046145573185113),,,,,,,,,,,1,
0,32,10,"{'x': 720.5461606302622, 'y': 544.9837219039922, 'elapsedTime': 21367.100000023842}",577282606964,2307742932,POINT (0.3752844586615949 0.5046145573185113),,,,,,,,,,,1,
0,32,10,"{'x': 667.1127484995134, 'y': 508.96621774792055, 'elapsedTime': 21408.600000023842}",577282623631,2307759599,POINT (0.3474545565101632 0.4712650164332598),,,,,,,,,,,,
0,32,10,"{'x': 667.1127484995134, 'y': 508.96621774792055, 'elapsedTime': 21408.600000023842}",577282640298,2307776265,POINT (0.3474545565101632 0.4712650164332598),,,,,,,,,,,,
0,32,10,"{'x': 667.1127484995134, 'y': 508.96621774792055, 'elapsedTime': 21408.600000023842}",577282656965,2307792932,POINT (0.3474545565101632 0.4712650164332598),,,,,,,,,,,,
0,32,10,"{'x': 684.2988526747585, 'y': 494.7683563255899, 'elapsedTime': 21451.700000047684}",577282673633,2307809599,POINT (0.35640565243477 0.4581188484496202),,,,,,,,,,,,
0,32,10,"{'x': 684.2988526747585, 'y': 494.7683563255899, 'elapsedTime': 21451.700000047684}",577282690299,2307826265,POINT (0.35640565243477 0.4581188484496202),,,,,,,,,,,,
0,32,10,"{'x': 684.2988526747585, 'y': 494.7683563255899, 'elapsedTime': 21451.700000047684}",577282706970,2307842935,POINT (0.35640565243477 0.4581188484496202),,,,,,,,,,,,
0,32,10,"{'x': 685.6475660348601, 'y': 497.62122372671024, 'elapsedTime': 21497.200000047684}",577282723637,2307859602,POINT (0.357108107309823 0.4607603923395465),,,,,,,,,,,,
0,32,10,"{'x': 685.6475660348601, 'y': 497.62122372671024, 'elapsedTime': 21497.200000047684}",577282740305,2307876269,POINT (0.357108107309823 0.4607603923395465),,,,,,,,,,,,
0,32,10,"{'x': 685.6475660348601, 'y': 497.62122372671024, 'elapsedTime': 21497.200000047684}",577282756971,2307892935,POINT (0.357108107309823 0.4607603923395465),,,,,,,,,,,,
0,32,10,"{'x': 691.6136149465406, 'y': 432.6215601606275, 'elapsedTime': 21547.5}",577282773639,2307909602,POINT (0.3602154244513232 0.4005755186672477),,,,,,,,,,,,
0,32,10,"{'x': 691.6136149465406, 'y': 432.6215601606275, 'elapsedTime': 21547.5}",577282790306,2307926269,POINT (0.3602154244513232 0.4005755186672477),,,,,,,,,,,,
0,32,10,"{'x': 691.6136149465406, 'y': 432.6215601606275, 'elapsedTime': 21547.5}",577282806973,2307942935,POINT (0.3602154244513232 0.4005755186672477),,,,,,,,,,,,
0,32,10,"{'x': 690.8775072186749, 'y': 408.3673503483565, 'elapsedTime': 21590.100000023842}",577282823640,2307959602,POINT (0.3598320350097265 0.378117916989219),,,,,,,,,,,,
0,32,10,"{'x': 690.8775072186749, 'y': 408.3673503483565, 'elapsedTime': 21590.100000023842}",577282840314,2307976275,POINT (0.3598320350097265 0.378117916989219),,,,,,,,,,,,
0,32,10,"{'x': 690.8775072186749, 'y': 408.3673503483565, 'elapsedTime': 21590.100000023842}",577282856980,2307992941,POINT (0.3598320350097265 0.378117916989219),,,,,,,,,,,,
0,32,10,"{'x': 632.6716059292607, 'y': 365.99604505406944, 'elapsedTime': 21642.600000023842}",577282873648,2308009608,POINT (0.32951646142149 0.3388852269019161),,,,,,,,,,,,
0,32,10,"{'x': 632.6716059292607, 'y': 365.99604505406944, 'elapsedTime': 21642.600000023842}",577282890315,2308026275,POINT (0.32951646142149 0.3388852269019161),,,,,,,,,,,,
0,32,10,"{'x': 632.6716059292607, 'y': 365.99604505406944, 'elapsedTime': 21642.600000023842}",577282906983,2308042942,POINT (0.32951646142149 0.3388852269019161),,,,,,,,,,,,
0,32,10,"{'x': 559.0465696277262, 'y': 330.2435161011852, 'elapsedTime': 21695.100000023842}",577282923649,2308059608,POINT (0.291170088347774 0.3057810334270233),,,,,,,,,,,,
0,32,10,"{'x': 559.0465696277262, 'y': 330.2435161011852, 'elapsedTime': 21695.100000023842}",577282940317,2308076275,POINT (0.291170088347774 0.3057810334270233),,,,,,,,,,,,
0,32,10,"{'x': 559.0465696277262, 'y': 330.2435161011852, 'elapsedTime': 21695.100000023842}",577282956983,2308092941,POINT (0.291170088347774 0.3057810334270233),,,,,,,,,,,,
0,32,10,"{'x': 503.3290100809851, 'y': 307.2187052759668, 'elapsedTime': 21745.399999976158}",577282973655,2308109612,POINT (0.2621505260838464 0.2844617641444137),,,,,,,,,,1,,
0,32,10,"{'x': 503.3290100809851, 'y': 307.2187052759668, 'elapsedTime': 21745.399999976158}",577282990322,2308126279,POINT (0.2621505260838464 0.2844617641444137),,,,,,,,,,1,,
0,32,10,"{'x': 503.3290100809851, 'y': 307.2187052759668, 'elapsedTime': 21745.399999976158}",577283006989,2308142946,POINT (0.2621505260838464 0.2844617641444137),,,,,,,,,,1,,
0,32,10,"{'x': 507.84267779436817, 'y': 288.04657103158985, 'elapsedTime': 21796}",577283023656,2308159612,POINT (0.2645013946845667 0.2667097879922128),,,,,,,,,,,1,
0,32,10,"{'x': 507.84267779436817, 'y': 288.04657103158985, 'elapsedTime': 21796}",577283040323,2308176279,POINT (0.2645013946845667 0.2667097879922128),,,,,,,,,,,1,
0,32,10,"{'x': 571.4636014779123, 'y': 315.68741204355086, 'elapsedTime': 21843.200000047684}",577283056990,2308192945,POINT (0.2976372924364127 0.2923031592995841),,,,,,,,,,1,1,
0,32,10,"{'x': 571.4636014779123, 'y': 315.68741204355086, 'elapsedTime': 21843.200000047684}",577283073657,2308209612,POINT (0.2976372924364127 0.2923031592995841),,,,,,,,,,1,1,
0,32,10,"{'x': 571.4636014779123, 'y': 315.68741204355086, 'elapsedTime': 21843.200000047684}",577283090325,2308226279,POINT (0.2976372924364127 0.2923031592995841),,,,,,,,,,1,1,
0,32,10,"{'x': 571.4636014779123, 'y': 315.68741204355086, 'elapsedTime': 21843.200000047684}",577283106995,2308242949,POINT (0.2976372924364127 0.2923031592995841),,,,,,,,,,1,1,
0,32,10,"{'x': 571.4636014779123, 'y': 315.68741204355086, 'elapsedTime': 21843.200000047684}",577283123663,2308259616,POINT (0.2976372924364127 0.2923031592995841),,,,,,,,,,1,1,
0,32,10,"{'x': 571.4636014779123, 'y': 315.68741204355086, 'elapsedTime': 21843.200000047684}",577283140329,2308276282,POINT (0.2976372924364127 0.2923031592995841),,,,,,,,,,1,1,
0,32,10,"{'x': 568.5942143593057, 'y': 307.7576393116621, 'elapsedTime': 21886.600000023842}",577283156997,2308292949,POINT (0.2961428199788051 0.2849607771404279),,,,,,,,,,1,1,
0,32,10,"{'x': 568.5942143593057, 'y': 307.7576393116621, 'elapsedTime': 21886.600000023842}",577283173664,2308309616,POINT (0.2961428199788051 0.2849607771404279),,,,,,,,,,1,1,
0,32,10,"{'x': 568.5942143593057, 'y': 307.7576393116621, 'elapsedTime': 21886.600000023842}",577283190332,2308326283,POINT (0.2961428199788051 0.2849607771404279),,,,,,,,,,1,1,
0,32,10,"{'x': 563.7632257578822, 'y': 291.5784513087148, 'elapsedTime': 21973.300000071526}",577283206999,2308342950,POINT (0.2936266800822303 0.2699800475080692),,,,,,,,,,1,1,
0,32,10,"{'x': 563.7632257578822, 'y': 291.5784513087148, 'elapsedTime': 21973.300000071526}",577283223666,2308359616,POINT (0.2936266800822303 0.2699800475080692),,,,,,,,,,1,1,
0,32,10,"{'x': 563.7632257578822, 'y': 291.5784513087148, 'elapsedTime': 21973.300000071526}",577283240335,2308376285,POINT (0.2936266800822303 0.2699800475080692),,,,,,,,,,1,1,
0,32,10,"{'x': 601.3920450662905, 'y': 256.54751824366093, 'elapsedTime': 22025}",577283257003,2308392952,POINT (0.3132250234720263 0.2375439983737601),,,,,,,,,,,1,
0,32,10,"{'x': 601.3920450662905, 'y': 256.54751824366093, 'elapsedTime': 22025}",577283273669,2308409618,POINT (0.3132250234720263 0.2375439983737601),,,,,,,,,,,1,
0,32,10,"{'x': 601.3920450662905, 'y': 256.54751824366093, 'elapsedTime': 22025}",577283290337,2308426285,POINT (0.3132250234720263 0.2375439983737601),,,,,,,,,,,1,
0,32,10,"{'x': 598.3734009783284, 'y': 236.72421871621682, 'elapsedTime': 22073.899999976158}",577283307003,2308442951,POINT (0.3116528130095461 0.2191890914039045),,,,,,,,,,,1,
0,32,10,"{'x': 598.3734009783284, 'y': 236.72421871621682, 'elapsedTime': 22073.899999976158}",577283323673,2308459620,POINT (0.3116528130095461 0.2191890914039045),,,,,,,,,,,1,
0,32,10,"{'x': 721.2591892194484, 'y': 332.55691582095164, 'elapsedTime': 22126.399999976158}",577283340340,2308476287,POINT (0.3756558277184627 0.3079230702045849),,,,,,,,,,,1,
0,32,10,"{'x': 721.2591892194484, 'y': 332.55691582095164, 'elapsedTime': 22126.399999976158}",577283357006,2308492952,POINT (0.3756558277184627 0.3079230702045849),,,,,,,,,,,1,
0,32,10,"{'x': 721.2591892194484, 'y': 332.55691582095164, 'elapsedTime': 22126.399999976158}",577283373679,2308509625,POINT (0.3756558277184627 0.3079230702045849),,,,,,,,,,,1,
0,32,10,"{'x': 821.3945321889713, 'y': 438.0564452096329, 'elapsedTime': 22168.200000047684}",577283390346,2308526291,POINT (0.4278096521817559 0.405607819638549),,,,,,,,,,,,
0,32,10,"{'x': 821.3945321889713, 'y': 438.0564452096329, 'elapsedTime': 22168.200000047684}",577283407013,2308542958,POINT (0.4278096521817559 0.405607819638549),,,,,,,,,,,,
0,32,10,"{'x': 821.3945321889713, 'y': 438.0564452096329, 'elapsedTime': 22168.200000047684}",577283423681,2308559625,POINT (0.4278096521817559 0.405607819638549),,,,,,,,,,,,
0,32,10,"{'x': 765.0405177813503, 'y': 432.3650998143252, 'elapsedTime': 22214}",577283440348,2308576292,POINT (0.39845860301112 0.4003380553836345),,,,,,,,,,,,
0,32,10,"{'x': 765.0405177813503, 'y': 432.3650998143252, 'elapsedTime': 22214}",577283457015,2308592958,POINT (0.39845860301112 0.4003380553836345),,,,,,,,,,,,
0,32,10,"{'x': 765.0405177813503, 'y': 432.3650998143252, 'elapsedTime': 22214}",577283473682,2308609625,POINT (0.39845860301112 0.4003380553836345),,,,,,,,,,,,
0,32,10,"{'x': 688.3762539699785, 'y': 417.8001713653769, 'elapsedTime': 22260.899999976158}",577283490356,2308626298,POINT (0.3585292989426971 0.3868520105234972),,,,,,,,,,,,
0,32,10,"{'x': 688.3762539699785, 'y': 417.8001713653769, 'elapsedTime': 22260.899999976158}",577283507022,2308642964,POINT (0.3585292989426971 0.3868520105234972),,,,,,,,,,,,
0,32,10,"{'x': 688.3762539699785, 'y': 417.8001713653769, 'elapsedTime': 22260.899999976158}",577283523690,2308659631,POINT (0.3585292989426971 0.3868520105234972),,,,,,,,,,,,
0,32,10,"{'x': 707.6686952159126, 'y': 385.8650374522148, 'elapsedTime': 22310.700000047684}",577283540357,2308676298,POINT (0.3685774454249545 0.3572824420853841),,,,,,,,,,,,
0,32,10,"{'x': 707.6686952159126, 'y': 385.8650374522148, 'elapsedTime': 22310.700000047684}",577283557024,2308692964,POINT (0.3685774454249545 0.3572824420853841),,,,,,,,,,,,
0,32,10,"{'x': 707.6686952159126, 'y': 385.8650374522148, 'elapsedTime': 22310.700000047684}",577283573691,2308709631,POINT (0.3685774454249545 0.3572824420853841),,,,,,,,,,,,
0,32,10,"{'x': 706.4741085228502, 'y': 382.03662484710947, 'elapsedTime': 22356.800000071526}",577283590358,2308726297,POINT (0.3679552648556512 0.3537376155991754),,,,,,,,,,,,
0,32,10,"{'x': 706.4741085228502, 'y': 382.03662484710947, 'elapsedTime': 22356.800000071526}",577283607025,2308742964,POINT (0.3679552648556512 0.3537376155991754),,,,,,,,,,,,
0,32,10,"{'x': 706.4741085228502, 'y': 382.03662484710947, 'elapsedTime': 22356.800000071526}",577283623696,2308759634,POINT (0.3679552648556512 0.3537376155991754),,,,,,,,,,,,
0,32,10,"{'x': 677.378709973768, 'y': 354.90034477741847, 'elapsedTime': 22408.600000023842}",577283640363,2308776301,POINT (0.3528014114446708 0.3286114303494616),,,,,,,,,,,,
0,32,10,"{'x': 677.378709973768, 'y': 354.90034477741847, 'elapsedTime': 22408.600000023842}",577283657030,2308792967,POINT (0.3528014114446708 0.3286114303494616),,,,,,,,,,,,
0,32,10,"{'x': 677.378709973768, 'y': 354.90034477741847, 'elapsedTime': 22408.600000023842}",577283673697,2308809634,POINT (0.3528014114446708 0.3286114303494616),,,,,,,,,,,,
0,32,10,"{'x': 677.378709973768, 'y': 354.90034477741847, 'elapsedTime': 22408.600000023842}",577283690365,2308826301,POINT (0.3528014114446708 0.3286114303494616),,,,,,,,,,,,
0,32,10,"{'x': 658.4392465321469, 'y': 328.7413789669635, 'elapsedTime': 22459.200000047684}",577283707031,2308842967,POINT (0.3429371075688265 0.3043901657101514),,,,,,,,,,,1,
0,32,10,"{'x': 611.5343153364095, 'y': 329.55393013961765, 'elapsedTime': 22517.899999976158}",577283723698,2308859633,POINT (0.31850745590438 0.3051425279070534),,,,,,,,,,,,
0,32,10,"{'x': 611.5343153364095, 'y': 329.55393013961765, 'elapsedTime': 22517.899999976158}",577283740366,2308876301,POINT (0.31850745590438 0.3051425279070534),,,,,,,,,,,,
0,32,10,"{'x': 611.5343153364095, 'y': 329.55393013961765, 'elapsedTime': 22517.899999976158}",577283757039,2308892973,POINT (0.31850745590438 0.3051425279070534),,,,,,,,,,,,
0,32,10,"{'x': 611.5343153364095, 'y': 329.55393013961765, 'elapsedTime': 22517.899999976158}",577283773706,2308909640,POINT (0.31850745590438 0.3051425279070534),,,,,,,,,,,,
0,32,10,"{'x': 611.5343153364095, 'y': 329.55393013961765, 'elapsedTime': 22517.899999976158}",577283790373,2308926306,POINT (0.31850745590438 0.3051425279070534),,,,,,,,,,,,
0,32,10,"{'x': 602.4094807068043, 'y': 318.0999298957868, 'elapsedTime': 22565.200000047684}",577283807040,2308942973,POINT (0.3137549378681272 0.2945369721257285),,,,,,,,,,1,1,
0,32,10,"{'x': 602.4094807068043, 'y': 318.0999298957868, 'elapsedTime': 22565.200000047684}",577283823708,2308959640,POINT (0.3137549378681272 0.2945369721257285),,,,,,,,,,1,1,
0,32,10,"{'x': 602.4094807068043, 'y': 318.0999298957868, 'elapsedTime': 22565.200000047684}",577283840375,2308976307,POINT (0.3137549378681272 0.2945369721257285),,,,,,,,,,1,1,
0,32,10,"{'x': 566.4621644482855, 'y': 315.7312732516651, 'elapsedTime': 22613.300000071526}",577283857042,2308992973,POINT (0.2950323773168154 0.2923437715293195),,,,,,,,,,1,,
0,32,10,"{'x': 566.4621644482855, 'y': 315.7312732516651, 'elapsedTime': 22613.300000071526}",577283873708,2309009639,POINT (0.2950323773168154 0.2923437715293195),,,,,,,,,,1,,
0,32,10,"{'x': 566.4621644482855, 'y': 315.7312732516651, 'elapsedTime': 22613.300000071526}",577283890381,2309026311,POINT (0.2950323773168154 0.2923437715293195),,,,,,,,,,1,,
0,32,10,"{'x': 617.6234153891953, 'y': 302.3501228350748, 'elapsedTime': 22678.200000047684}",577283907048,2309042978,POINT (0.3216788621818726 0.2799538174398841),,,,,,,,,,1,1,
0,32,10,"{'x': 617.6234153891953, 'y': 302.3501228350748, 'elapsedTime': 22678.200000047684}",577283923716,2309059645,POINT (0.3216788621818726 0.2799538174398841),,,,,,,,,,1,1,
0,32,10,"{'x': 567.6555209857905, 'y': 292.1088183080409, 'elapsedTime': 22726.200000047684}",577283940382,2309076311,POINT (0.2956539171800993 0.2704711280630008),,,,,,,,,,1,1,
0,32,10,"{'x': 567.6555209857905, 'y': 292.1088183080409, 'elapsedTime': 22726.200000047684}",577283957050,2309092978,POINT (0.2956539171800993 0.2704711280630008),,,,,,,,,,1,1,
0,32,10,"{'x': 567.6555209857905, 'y': 292.1088183080409, 'elapsedTime': 22726.200000047684}",577283973716,2309109644,POINT (0.2956539171800993 0.2704711280630008),,,,,,,,,,1,1,
0,32,10,"{'x': 567.6555209857905, 'y': 292.1088183080409, 'elapsedTime': 22726.200000047684}",577283990384,2309126311,POINT (0.2956539171800993 0.2704711280630008),,,,,,,,,,1,1,
0,32,10,"{'x': 593.414028162696, 'y': 287.28800621093114, 'elapsedTime': 22769.899999976158}",577284007051,2309142978,POINT (0.3090698063347375 0.2660074131582696),,,,,,,,,,1,1,
0,32,10,"{'x': 593.414028162696, 'y': 287.28800621093114, 'elapsedTime': 22769.899999976158}",577284023721,2309159647,POINT (0.3090698063347375 0.2660074131582696),,,,,,,,,,1,1,
0,32,10,"{'x': 569.6872662044287, 'y': 338.43404895802, 'elapsedTime': 22828.399999976158}",577284040387,2309176313,POINT (0.2967121178148066 0.3133648601463148),,,,,,,,,,,,
0,32,10,"{'x': 569.6872662044287, 'y': 338.43404895802, 'elapsedTime': 22828.399999976158}",577284057055,2309192980,POINT (0.2967121178148066 0.3133648601463148),,,,,,,,,,,,
0,32,10,"{'x': 569.6872662044287, 'y': 338.43404895802, 'elapsedTime': 22828.399999976158}",577284073722,2309209647,POINT (0.2967121178148066 0.3133648601463148),,,,,,,,,,,,
0,32,10,"{'x': 569.6872662044287, 'y': 338.43404895802, 'elapsedTime': 22828.399999976158}",577284090389,2309226313,POINT (0.2967121178148066 0.3133648601463148),,,,,,,,,,,,
0,32,10,"{'x': 589.6425857213094, 'y': 338.9681520603599, 'elapsedTime': 22871.5}",577284107056,2309242980,POINT (0.3071055133965153 0.3138594000558888),,,,,,,,,,,,
0,32,10,"{'x': 589.6425857213094, 'y': 338.9681520603599, 'elapsedTime': 22871.5}",577284123724,2309259647,POINT (0.3071055133965153 0.3138594000558888),,,,,,,,,,,,
0,32,10,"{'x': 631.5990965711513, 'y': 322.1929759020561, 'elapsedTime': 22921.200000047684}",577284140390,2309276313,POINT (0.3289578627974746 0.2983268295389408),,,,,,,,,,,1,
0,32,10,"{'x': 631.5990965711513, 'y': 322.1929759020561, 'elapsedTime': 22921.200000047684}",577284157063,2309292985,POINT (0.3289578627974746 0.2983268295389408),,,,,,,,,,,1,
0,32,10,"{'x': 631.5990965711513, 'y': 322.1929759020561, 'elapsedTime': 22921.200000047684}",577284173729,2309309651,POINT (0.3289578627974746 0.2983268295389408),,,,,,,,,,,1,
0,32,10,"{'x': 701.2040436076585, 'y': 326.3223079931025, 'elapsedTime': 22964.600000023842}",577284190396,2309326318,POINT (0.3652104393789888 0.3021502851787987),,,,,,,,,,,1,
0,32,10,"{'x': 701.2040436076585, 'y': 326.3223079931025, 'elapsedTime': 22964.600000023842}",577284207064,2309342985,POINT (0.3652104393789888 0.3021502851787987),,,,,,,,,,,1,
0,32,10,"{'x': 701.2040436076585, 'y': 326.3223079931025, 'elapsedTime': 22964.600000023842}",577284223731,2309359652,POINT (0.3652104393789888 0.3021502851787987),,,,,,,,,,,1,
0,32,10,"{'x': 726.53351310331, 'y': 330.99951514137814, 'elapsedTime': 23014.200000047684}",577284240398,2309376318,POINT (0.378402871407974 0.3064810325383131),,,,,,,,,,,1,
0,32,10,"{'x': 726.53351310331, 'y': 330.99951514137814, 'elapsedTime': 23014.200000047684}",577284257065,2309392985,POINT (0.378402871407974 0.3064810325383131),,,,,,,,,,,1,
0,32,10,"{'x': 726.53351310331, 'y': 330.99951514137814, 'elapsedTime': 23014.200000047684}",577284273732,2309409651,POINT (0.378402871407974 0.3064810325383131),,,,,,,,,,,1,
0,32,10,"{'x': 690.851874443347, 'y': 347.57032804641756, 'elapsedTime': 23058.100000023842}",577284290405,2309426324,POINT (0.3598186846059099 0.321824377820757),,,,,,,,,,,,
0,32,10,"{'x': 690.851874443347, 'y': 347.57032804641756, 'elapsedTime': 23058.100000023842}",577284307073,2309442991,POINT (0.3598186846059099 0.321824377820757),,,,,,,,,,,,
0,32,10,"{'x': 706.4815948399353, 'y': 345.377606327266, 'elapsedTime': 23106.800000071526}",577284323740,2309459658,POINT (0.367959163979133 0.3197940799326537),,,,,,,,,,,1,
0,32,10,"{'x': 706.4815948399353, 'y': 345.377606327266, 'elapsedTime': 23106.800000071526}",577284340407,2309476324,POINT (0.367959163979133 0.3197940799326537),,,,,,,,,,,1,
0,32,10,"{'x': 706.4815948399353, 'y': 345.377606327266, 'elapsedTime': 23106.800000071526}",577284357073,2309492990,POINT (0.367959163979133 0.3197940799326537),,,,,,,,,,,1,
0,32,10,"{'x': 706.4815948399353, 'y': 345.377606327266, 'elapsedTime': 23106.800000071526}",577284373741,2309509657,POINT (0.367959163979133 0.3197940799326537),,,,,,,,,,,1,
0,32,10,"{'x': 682.3110111413456, 'y': 255.51058416126554, 'elapsedTime': 23156.200000047684}",577284390408,2309526324,POINT (0.3553703183027842 0.236583874223394),,,,,,,,,,,1,
0,32,10,"{'x': 682.3110111413456, 'y': 255.51058416126554, 'elapsedTime': 23156.200000047684}",577284407077,2309542992,POINT (0.3553703183027842 0.236583874223394),,,,,,,,,,,1,
0,32,10,"{'x': 637.5142684385645, 'y': 239.33770147535745, 'elapsedTime': 23207.100000023842}",577284423744,2309559659,POINT (0.332038681478419 0.2216089828475532),,,,,,,,,,,1,
0,32,10,"{'x': 637.5142684385645, 'y': 239.33770147535745, 'elapsedTime': 23207.100000023842}",577284440412,2309576326,POINT (0.332038681478419 0.2216089828475532),,,,,,,,,,,1,
0,32,10,"{'x': 637.5142684385645, 'y': 239.33770147535745, 'elapsedTime': 23207.100000023842}",577284457078,2309592992,POINT (0.332038681478419 0.2216089828475532),,,,,,,,,,,1,
0,32,10,"{'x': 589.3476349671814, 'y': 237.1160385359544, 'elapsedTime': 23254.700000047684}",577284473747,2309609660,POINT (0.3069518932120737 0.2195518875332911),,,,,,,,,,,1,
0,32,10,"{'x': 589.3476349671814, 'y': 237.1160385359544, 'elapsedTime': 23254.700000047684}",577284490413,2309626326,POINT (0.3069518932120737 0.2195518875332911),,,,,,,,,,,1,
0,32,10,"{'x': 589.3476349671814, 'y': 237.1160385359544, 'elapsedTime': 23254.700000047684}",577284507080,2309642992,POINT (0.3069518932120737 0.2195518875332911),,,,,,,,,,,1,
0,32,10,"{'x': 646.443516842433, 'y': 259.6525369634028, 'elapsedTime': 23298.700000047684}",577284523747,2309659659,POINT (0.3366893316887672 0.2404190157068544),,,,,,,,,,,1,
0,32,10,"{'x': 646.443516842433, 'y': 259.6525369634028, 'elapsedTime': 23298.700000047684}",577284540423,2309676334,POINT (0.3366893316887672 0.2404190157068544),,,,,,,,,,,1,
0,32,10,"{'x': 646.443516842433, 'y': 259.6525369634028, 'elapsedTime': 23298.700000047684}",577284557090,2309693001,POINT (0.3366893316887672 0.2404190157068544),,,,,,,,,,,1,
0,32,10,"{'x': 633.8573730669125, 'y': 276.6274905475677, 'elapsedTime': 23348.899999976158}",577284573757,2309709667,POINT (0.3301340484723502 0.2561365653218219),,,,,,,,,,1,1,
0,32,10,"{'x': 633.8573730669125, 'y': 276.6274905475677, 'elapsedTime': 23348.899999976158}",577284590424,2309726334,POINT (0.3301340484723502 0.2561365653218219),,,,,,,,,,1,1,
0,32,10,"{'x': 633.8573730669125, 'y': 276.6274905475677, 'elapsedTime': 23348.899999976158}",577284607092,2309743001,POINT (0.3301340484723502 0.2561365653218219),,,,,,,,,,1,1,
0,32,10,"{'x': 602.7691814957078, 'y': 257.9482289965771, 'elapsedTime': 23396.200000047684}",577284623758,2309759667,POINT (0.3139422820290145 0.2388409527746084),,,,,,,,,,,1,
0,32,10,"{'x': 602.7691814957078, 'y': 257.9482289965771, 'elapsedTime': 23396.200000047684}",577284640426,2309776334,POINT (0.3139422820290145 0.2388409527746084),,,,,,,,,,,1,
0,32,10,"{'x': 602.7691814957078, 'y': 257.9482289965771, 'elapsedTime': 23396.200000047684}",577284657093,2309793001,POINT (0.3139422820290145 0.2388409527746084),,,,,,,,,,,1,
0,32,10,"{'x': 591.7569477916895, 'y': 260.91932485136886, 'elapsedTime': 23443.800000071526}",577284673762,2309809669,POINT (0.308206743641505 0.2415919674549712),,,,,,,,,,,1,
0,32,10,"{'x': 591.7569477916895, 'y': 260.91932485136886, 'elapsedTime': 23443.800000071526}",577284690429,2309826336,POINT (0.308206743641505 0.2415919674549712),,,,,,,,,,,1,
0,32,10,"{'x': 591.7569477916895, 'y': 260.91932485136886, 'elapsedTime': 23443.800000071526}",577284707096,2309843002,POINT (0.308206743641505 0.2415919674549712),,,,,,,,,,,1,
0,32,10,"{'x': 583.6447605415322, 'y': 269.2224644139147, 'elapsedTime': 23495.100000023842}",577284723763,2309859669,POINT (0.3039816461153813 0.2492800596425136),,,,,,,,,,,1,
0,32,10,"{'x': 583.6447605415322, 'y': 269.2224644139147, 'elapsedTime': 23495.100000023842}",577284740431,2309876336,POINT (0.3039816461153813 0.2492800596425136),,,,,,,,,,,1,
0,32,10,"{'x': 583.6447605415322, 'y': 269.2224644139147, 'elapsedTime': 23495.100000023842}",577284757097,2309893002,POINT (0.3039816461153813 0.2492800596425136),,,,,,,,,,,1,
0,32,10,"{'x': 583.6447605415322, 'y': 269.2224644139147, 'elapsedTime': 23495.100000023842}",577284773765,2309909669,POINT (0.3039816461153813 0.2492800596425136),,,,,,,,,,,1,
0,32,10,"{'x': 568.6522273687274, 'y': 267.0072874876657, 'elapsedTime': 23548.600000023842}",577284790431,2309926335,POINT (0.2961730350878788 0.2472289698959868),,,,,,,,,,,1,
0,32,10,"{'x': 568.6522273687274, 'y': 267.0072874876657, 'elapsedTime': 23548.600000023842}",577284807106,2309943009,POINT (0.2961730350878788 0.2472289698959868),,,,,,,,,,,1,
0,32,10,"{'x': 623.9891874663546, 'y': 228.9519816447523, 'elapsedTime': 23603.800000071526}",577284823773,2309959676,POINT (0.3249943684720596 0.2119925755969929),,,,,,,,,,,,
0,32,10,"{'x': 623.9891874663546, 'y': 228.9519816447523, 'elapsedTime': 23603.800000071526}",577284840441,2309976343,POINT (0.3249943684720596 0.2119925755969929),,,,,,,,,,,,
0,32,10,"{'x': 623.9891874663546, 'y': 228.9519816447523, 'elapsedTime': 23603.800000071526}",577284857108,2309993010,POINT (0.3249943684720596 0.2119925755969929),,,,,,,,,,,,
0,32,10,"{'x': 653.9182899277532, 'y': 283.4475239617014, 'elapsedTime': 23650.700000047684}",577284873775,2310009676,POINT (0.3405824426707048 0.2624514110756494),,,,,,,,,,1,1,
0,32,10,"{'x': 653.9182899277532, 'y': 283.4475239617014, 'elapsedTime': 23650.700000047684}",577284890441,2310026342,POINT (0.3405824426707048 0.2624514110756494),,,,,,,,,,1,1,
0,32,10,"{'x': 653.9182899277532, 'y': 283.4475239617014, 'elapsedTime': 23650.700000047684}",577284907110,2310043010,POINT (0.3405824426707048 0.2624514110756494),,,,,,,,,,1,1,
0,32,10,"{'x': 677.3956012798444, 'y': 309.1366543871599, 'elapsedTime': 23699.700000047684}",577284923776,2310059676,POINT (0.3528102089999189 0.286237642951074),,,,,,,,,,1,1,
0,32,10,"{'x': 677.3956012798444, 'y': 309.1366543871599, 'elapsedTime': 23699.700000047684}",577284940447,2310076346,POINT (0.3528102089999189 0.286237642951074),,,,,,,,,,1,1,
0,32,10,"{'x': 677.3956012798444, 'y': 309.1366543871599, 'elapsedTime': 23699.700000047684}",577284957113,2310093012,POINT (0.3528102089999189 0.286237642951074),,,,,,,,,,1,1,
0,32,10,"{'x': 680.7685823652486, 'y': 330.7522716963676, 'elapsedTime': 23751.600000023842}",577284973781,2310109679,POINT (0.3545669699819003 0.3062521034225626),,,,,,,,,,,1,
0,32,10,"{'x': 680.7685823652486, 'y': 330.7522716963676, 'elapsedTime': 23751.600000023842}",577284990448,2310126346,POINT (0.3545669699819003 0.3062521034225626),,,,,,,,,,,1,
0,32,10,"{'x': 680.7685823652486, 'y': 330.7522716963676, 'elapsedTime': 23751.600000023842}",577285007115,2310143012,POINT (0.3545669699819003 0.3062521034225626),,,,,,,,,,,1,
0,32,10,"{'x': 680.7685823652486, 'y': 330.7522716963676, 'elapsedTime': 23751.600000023842}",577285023782,2310159679,POINT (0.3545669699819003 0.3062521034225626),,,,,,,,,,,1,
0,32,10,"{'x': 657.8490581325034, 'y': 354.7852597170652, 'elapsedTime': 23801}",577285040449,2310176345,POINT (0.3426297177773455 0.3285048701083937),,,,,,,,,,,,
0,32,10,"{'x': 657.8490581325034, 'y': 354.7852597170652, 'elapsedTime': 23801}",577285057116,2310193012,POINT (0.3426297177773455 0.3285048701083937),,,,,,,,,,,,
0,32,10,"{'x': 657.8490581325034, 'y': 354.7852597170652, 'elapsedTime': 23801}",577285073789,2310209684,POINT (0.3426297177773455 0.3285048701083937),,,,,,,,,,,,
0,32,10,"{'x': 657.8490581325034, 'y': 354.7852597170652, 'elapsedTime': 23801}",577285090456,2310226351,POINT (0.3426297177773455 0.3285048701083937),,,,,,,,,,,,
0,32,10,"{'x': 622.607294316755, 'y': 359.66350476263864, 'elapsedTime': 23864.100000023842}",577285107123,2310243017,POINT (0.3242746324566432 0.3330217636691098),,,,,,,,,,,,
0,32,10,"{'x': 622.607294316755, 'y': 359.66350476263864, 'elapsedTime': 23864.100000023842}",577285123790,2310259684,POINT (0.3242746324566432 0.3330217636691098),,,,,,,,,,,,
0,32,10,"{'x': 634.7240909504537, 'y': 318.6741439377902, 'elapsedTime': 23911.300000071526}",577285140457,2310276350,POINT (0.3305854640366946 0.2950686517942502),,,,,,,,,,1,1,
0,32,10,"{'x': 634.7240909504537, 'y': 318.6741439377902, 'elapsedTime': 23911.300000071526}",577285157124,2310293017,POINT (0.3305854640366946 0.2950686517942502),,,,,,,,,,1,1,
0,32,10,"{'x': 634.7240909504537, 'y': 318.6741439377902, 'elapsedTime': 23911.300000071526}",577285173792,2310309684,POINT (0.3305854640366946 0.2950686517942502),,,,,,,,,,1,1,
0,32,10,"{'x': 703.7101326302544, 'y': 369.12787284896126, 'elapsedTime': 23959.700000047684}",577285190458,2310326350,POINT (0.3665156940782575 0.3417850674527419),,,,,,,,,,,,
0,32,10,"{'x': 703.7101326302544, 'y': 369.12787284896126, 'elapsedTime': 23959.700000047684}",577285207132,2310343023,POINT (0.3665156940782575 0.3417850674527419),,,,,,,,,,,,
0,32,10,"{'x': 703.7101326302544, 'y': 369.12787284896126, 'elapsedTime': 23959.700000047684}",577285223799,2310359690,POINT (0.3665156940782575 0.3417850674527419),,,,,,,,,,,,
0,32,10,"{'x': 751.6895235826063, 'y': 425.41098951216156, 'elapsedTime': 24008.700000047684}",577285240467,2310376357,POINT (0.3915049601992741 0.3938990643631126),,,,,,,,,,,,
0,32,10,"{'x': 751.6895235826063, 'y': 425.41098951216156, 'elapsedTime': 24008.700000047684}",577285257133,2310393023,POINT (0.3915049601992741 0.3938990643631126),,,,,,,,,,,,
0,32,10,"{'x': 751.6895235826063, 'y': 425.41098951216156, 'elapsedTime': 24008.700000047684}",577285273801,2310409690,POINT (0.3915049601992741 0.3938990643631126),,,,,,,,,,,,
0,32,10,"{'x': 804.9742775942954, 'y': 476.40588270946637, 'elapsedTime': 24057.200000047684}",577285290467,2310426356,POINT (0.4192574362470288 0.4411165580643207),,,,,,,,,,,,
0,32,10,"{'x': 921.0133741857637, 'y': 601.1510483512516, 'elapsedTime': 24104.200000047684}",577285307135,2310443023,POINT (0.479694465721752 0.5566213410659737),,,,,,,,,,,1,
0,32,10,"{'x': 921.0133741857637, 'y': 601.1510483512516, 'elapsedTime': 24104.200000047684}",577285323802,2310459690,POINT (0.479694465721752 0.5566213410659737),,,,,,,,,,,1,
0,32,10,"{'x': 921.0133741857637, 'y': 601.1510483512516, 'elapsedTime': 24104.200000047684}",577285340475,2310476362,POINT (0.479694465721752 0.5566213410659737),,,,,,,,,,,1,
0,32,10,"{'x': 921.0133741857637, 'y': 601.1510483512516, 'elapsedTime': 24104.200000047684}",577285357141,2310493028,POINT (0.479694465721752 0.5566213410659737),,,,,,,,,,,1,
0,32,10,"{'x': 921.0133741857637, 'y': 601.1510483512516, 'elapsedTime': 24104.200000047684}",577285373807,2310509694,POINT (0.479694465721752 0.5566213410659737),,,,,,,,,,,1,
0,32,10,"{'x': 855.5165688197591, 'y': 551.6644180672339, 'elapsedTime': 24156.899999976158}",577285390475,2310526361,POINT (0.4455815462602912 0.5108003870992907),,,,,,,,,,,1,
0,32,10,"{'x': 855.5165688197591, 'y': 551.6644180672339, 'elapsedTime': 24156.899999976158}",577285407142,2310543028,POINT (0.4455815462602912 0.5108003870992907),,,,,,,,,,,1,
0,32,10,"{'x': 855.5165688197591, 'y': 551.6644180672339, 'elapsedTime': 24156.899999976158}",577285423810,2310559695,POINT (0.4455815462602912 0.5108003870992907),,,,,,,,,,,1,
0,32,10,"{'x': 780.9276516730598, 'y': 483.97133190426473, 'elapsedTime': 24207.200000047684}",577285440477,2310576362,POINT (0.406733151913052 0.4481216036150599),,,,,,,,,,,,
0,32,10,"{'x': 780.9276516730598, 'y': 483.97133190426473, 'elapsedTime': 24207.200000047684}",577285457149,2310593033,POINT (0.406733151913052 0.4481216036150599),,,,,,,,,,,,
0,32,10,"{'x': 780.9276516730598, 'y': 483.97133190426473, 'elapsedTime': 24207.200000047684}",577285473815,2310609699,POINT (0.406733151913052 0.4481216036150599),,,,,,,,,,,,
0,32,10,"{'x': 747.6958632899035, 'y': 464.8224942124382, 'elapsedTime': 24253.899999976158}",577285490483,2310626366,POINT (0.3894249287968247 0.4303911983448502),,,,,,,,,,,,
0,32,10,"{'x': 747.6958632899035, 'y': 464.8224942124382, 'elapsedTime': 24253.899999976158}",577285507150,2310643033,POINT (0.3894249287968247 0.4303911983448502),,,,,,,,,,,,
0,32,10,"{'x': 706.2116060317355, 'y': 400.55385358530793, 'elapsedTime': 24302.100000023842}",577285523817,2310659699,POINT (0.3678185448081956 0.370883197764174),,,,,,,,,,,,
0,32,10,"{'x': 706.2116060317355, 'y': 400.55385358530793, 'elapsedTime': 24302.100000023842}",577285540484,2310676366,POINT (0.3678185448081956 0.370883197764174),,,,,,,,,,,,
0,32,10,"{'x': 706.2116060317355, 'y': 400.55385358530793, 'elapsedTime': 24302.100000023842}",577285557152,2310693033,POINT (0.3678185448081956 0.370883197764174),,,,,,,,,,,,
0,32,10,"{'x': 706.2116060317355, 'y': 400.55385358530793, 'elapsedTime': 24302.100000023842}",577285573818,2310709699,POINT (0.3678185448081956 0.370883197764174),,,,,,,,,,,,
0,32,10,"{'x': 659.9468879684345, 'y': 356.00709914545183, 'elapsedTime': 24357.700000047684}",577285590489,2310726369,POINT (0.3437223374835596 0.3296362029124554),,,,,,,,,,,,
0,32,10,"{'x': 659.9468879684345, 'y': 356.00709914545183, 'elapsedTime': 24357.700000047684}",577285607156,2310743036,POINT (0.3437223374835596 0.3296362029124554),,,,,,,,,,,,
0,32,10,"{'x': 659.9468879684345, 'y': 356.00709914545183, 'elapsedTime': 24357.700000047684}",577285623823,2310759702,POINT (0.3437223374835596 0.3296362029124554),,,,,,,,,,,,
0,32,10,"{'x': 677.3238792829904, 'y': 318.41847662517597, 'elapsedTime': 24407.100000023842}",577285640491,2310776370,POINT (0.3527728537932242 0.2948319228010889),,,,,,,,,,1,1,
0,32,10,"{'x': 677.3238792829904, 'y': 318.41847662517597, 'elapsedTime': 24407.100000023842}",577285657158,2310793036,POINT (0.3527728537932242 0.2948319228010889),,,,,,,,,,1,1,
0,32,10,"{'x': 677.3238792829904, 'y': 318.41847662517597, 'elapsedTime': 24407.100000023842}",577285673825,2310809703,POINT (0.3527728537932242 0.2948319228010889),,,,,,,,,,1,1,
0,32,10,"{'x': 686.926047786207, 'y': 267.52577439511344, 'elapsedTime': 24458.100000023842}",577285690492,2310826369,POINT (0.3577739832219828 0.2477090503658458),,,,,,,,,,,1,
0,32,10,"{'x': 686.926047786207, 'y': 267.52577439511344, 'elapsedTime': 24458.100000023842}",577285707159,2310843036,POINT (0.3577739832219828 0.2477090503658458),,,,,,,,,,,1,
0,32,10,"{'x': 686.926047786207, 'y': 267.52577439511344, 'elapsedTime': 24458.100000023842}",577285723832,2310859708,POINT (0.3577739832219828 0.2477090503658458),,,,,,,,,,,1,
0,32,10,"{'x': 717.1598780038346, 'y': 264.1413043833454, 'elapsedTime': 24505.399999976158}",577285740498,2310876374,POINT (0.3735207697936638 0.2445752818364309),,,,,,,,,,,1,
0,32,10,"{'x': 717.1598780038346, 'y': 264.1413043833454, 'elapsedTime': 24505.399999976158}",577285757166,2310893041,POINT (0.3735207697936638 0.2445752818364309),,,,,,,,,,,1,
0,32,10,"{'x': 717.1598780038346, 'y': 264.1413043833454, 'elapsedTime': 24505.399999976158}",577285773833,2310909708,POINT (0.3735207697936638 0.2445752818364309),,,,,,,,,,,1,
0,32,10,"{'x': 795.7829948685228, 'y': 270.08259689561083, 'elapsedTime': 24564.399999976158}",577285790500,2310926374,POINT (0.4144703098273556 0.2500764786070471),,,,,,,,,,1,1,
0,32,10,"{'x': 795.7829948685228, 'y': 270.08259689561083, 'elapsedTime': 24564.399999976158}",577285807167,2310943041,POINT (0.4144703098273556 0.2500764786070471),,,,,,,,,,1,1,
0,32,10,"{'x': 795.7829948685228, 'y': 270.08259689561083, 'elapsedTime': 24564.399999976158}",577285823834,2310959707,POINT (0.4144703098273556 0.2500764786070471),,,,,,,,,,1,1,
0,32,10,"{'x': 724.4043434803278, 'y': 276.8593239212056, 'elapsedTime': 24614.200000047684}",577285840499,2310976372,POINT (0.3772939288960041 0.2563512258529682),,,,,,,,,,1,1,
0,32,10,"{'x': 724.4043434803278, 'y': 276.8593239212056, 'elapsedTime': 24614.200000047684}",577285857172,2310993044,POINT (0.3772939288960041 0.2563512258529682),,,,,,,,,,1,1,
0,32,10,"{'x': 724.4043434803278, 'y': 276.8593239212056, 'elapsedTime': 24614.200000047684}",577285873840,2311009712,POINT (0.3772939288960041 0.2563512258529682),,,,,,,,,,1,1,
0,32,10,"{'x': 818.366500639349, 'y': 436.7928628544174, 'elapsedTime': 24664}",577285890508,2311026379,POINT (0.4262325524163276 0.4044378359763124),,,,,,,,,,,,
0,32,10,"{'x': 818.366500639349, 'y': 436.7928628544174, 'elapsedTime': 24664}",577285907175,2311043046,POINT (0.4262325524163276 0.4044378359763124),,,,,,,,,,,,
0,32,10,"{'x': 818.366500639349, 'y': 436.7928628544174, 'elapsedTime': 24664}",577285923842,2311059712,POINT (0.4262325524163276 0.4044378359763124),,,,,,,,,,,,
0,32,10,"{'x': 818.366500639349, 'y': 436.7928628544174, 'elapsedTime': 24664}",577285940509,2311076379,POINT (0.4262325524163276 0.4044378359763124),,,,,,,,,,,,
0,32,10,"{'x': 768.4875068908411, 'y': 511.9498314525778, 'elapsedTime': 24715.700000047684}",577285957177,2311093046,POINT (0.4002539098389797 0.4740276217153498),,,,,,,,,,,,
0,32,10,"{'x': 768.4875068908411, 'y': 511.9498314525778, 'elapsedTime': 24715.700000047684}",577285973844,2311109713,POINT (0.4002539098389797 0.4740276217153498),,,,,,,,,,,,
0,32,10,"{'x': 696.0213079156854, 'y': 497.2282967573089, 'elapsedTime': 24767}",577285990515,2311126383,POINT (0.3625110978727528 0.4603965710715823),,,,,,,,,,,,
0,32,10,"{'x': 696.0213079156854, 'y': 497.2282967573089, 'elapsedTime': 24767}",577286007181,2311143049,POINT (0.3625110978727528 0.4603965710715823),,,,,,,,,,,,
0,32,10,"{'x': 696.0213079156854, 'y': 497.2282967573089, 'elapsedTime': 24767}",577286023850,2311159717,POINT (0.3625110978727528 0.4603965710715823),,,,,,,,,,,,
0,32,10,"{'x': 696.0213079156854, 'y': 497.2282967573089, 'elapsedTime': 24767}",577286040516,2311176383,POINT (0.3625110978727528 0.4603965710715823),,,,,,,,,,,,
0,32,10,"{'x': 680.2853855916474, 'y': 413.1966467271198, 'elapsedTime': 24818.600000023842}",577286057184,2311193050,POINT (0.3543153049956497 0.3825894877102961),,,,,,,,,,,,
0,32,10,"{'x': 680.2853855916474, 'y': 413.1966467271198, 'elapsedTime': 24818.600000023842}",577286073851,2311209717,POINT (0.3543153049956497 0.3825894877102961),,,,,,,,,,,,
0,32,10,"{'x': 680.2853855916474, 'y': 413.1966467271198, 'elapsedTime': 24818.600000023842}",577286090518,2311226383,POINT (0.3543153049956497 0.3825894877102961),,,,,,,,,,,,
0,32,10,"{'x': 680.2853855916474, 'y': 413.1966467271198, 'elapsedTime': 24818.600000023842}",577286107185,2311243050,POINT (0.3543153049956497 0.3825894877102961),,,,,,,,,,,,
0,32,10,"{'x': 729.2508117622536, 'y': 295.2426344853858, 'elapsedTime': 24881.5}",577286123855,2311259719,POINT (0.3798181311261738 0.2733728097086906),,,,,,,,,,1,1,
0,32,10,"{'x': 729.2508117622536, 'y': 295.2426344853858, 'elapsedTime': 24881.5}",577286140522,2311276386,POINT (0.3798181311261738 0.2733728097086906),,,,,,,,,,1,1,
0,32,10,"{'x': 729.2508117622536, 'y': 295.2426344853858, 'elapsedTime': 24881.5}",577286157190,2311293053,POINT (0.3798181311261738 0.2733728097086906),,,,,,,,,,1,1,
0,32,10,"{'x': 719.2439528982295, 'y': 298.84251423684935, 'elapsedTime': 24945.399999976158}",577286173856,2311309719,POINT (0.3746062254678278 0.2767060317007864),,,,,,,,,,1,1,
0,32,10,"{'x': 719.2439528982295, 'y': 298.84251423684935, 'elapsedTime': 24945.399999976158}",577286190524,2311326386,POINT (0.3746062254678278 0.2767060317007864),,,,,,,,,,1,1,
0,32,10,"{'x': 719.2439528982295, 'y': 298.84251423684935, 'elapsedTime': 24945.399999976158}",577286207191,2311343053,POINT (0.3746062254678278 0.2767060317007864),,,,,,,,,,1,1,
0,32,10,"{'x': 674.0950502918424, 'y': 310.974988319583, 'elapsedTime': 24997.800000071526}",577286223858,2311359719,POINT (0.3510911720270012 0.2879398039996139),,,,,,,,,,1,1,
0,32,10,"{'x': 674.0950502918424, 'y': 310.974988319583, 'elapsedTime': 24997.800000071526}",577286240525,2311376386,POINT (0.3510911720270012 0.2879398039996139),,,,,,,,,,1,1,
0,32,10,"{'x': 674.0950502918424, 'y': 310.974988319583, 'elapsedTime': 24997.800000071526}",577286257201,2311393061,POINT (0.3510911720270012 0.2879398039996139),,,,,,,,,,1,1,
0,32,10,"{'x': 674.0950502918424, 'y': 310.974988319583, 'elapsedTime': 24997.800000071526}",577286273867,2311409727,POINT (0.3510911720270012 0.2879398039996139),,,,,,,,,,1,1,
0,32,10,"{'x': 758.6338599668823, 'y': 382.64275019181355, 'elapsedTime': 25052.100000023842}",577286290535,2311426394,POINT (0.3951218020660845 0.3542988427701977),,,,,,,,,,,,
0,32,10,"{'x': 758.6338599668823, 'y': 382.64275019181355, 'elapsedTime': 25052.100000023842}",577286307203,2311443061,POINT (0.3951218020660845 0.3542988427701977),,,,,,,,,,,,
0,32,10,"{'x': 758.6338599668823, 'y': 382.64275019181355, 'elapsedTime': 25052.100000023842}",577286323870,2311459727,POINT (0.3951218020660845 0.3542988427701977),,,,,,,,,,,,
0,32,10,"{'x': 758.6338599668823, 'y': 382.64275019181355, 'elapsedTime': 25052.100000023842}",577286340537,2311476394,POINT (0.3951218020660845 0.3542988427701977),,,,,,,,,,,,
0,32,10,"{'x': 699.7570102934458, 'y': 379.91763593547176, 'elapsedTime': 25102.399999976158}",577286357204,2311493060,POINT (0.364456776194503 0.3517755888291405),,,,,,,,,,,,
0,32,10,"{'x': 699.7570102934458, 'y': 379.91763593547176, 'elapsedTime': 25102.399999976158}",577286373873,2311509729,POINT (0.364456776194503 0.3517755888291405),,,,,,,,,,,,
0,32,10,"{'x': 738.5569824601597, 'y': 281.7050991575203, 'elapsedTime': 25163.600000023842}",577286390541,2311526396,POINT (0.3846650950313332 0.2608380547754818),,,,,,,,,,1,1,
0,32,10,"{'x': 738.5569824601597, 'y': 281.7050991575203, 'elapsedTime': 25163.600000023842}",577286407208,2311543062,POINT (0.3846650950313332 0.2608380547754818),,,,,,,,,,1,1,
0,32,10,"{'x': 738.5569824601597, 'y': 281.7050991575203, 'elapsedTime': 25163.600000023842}",577286423876,2311559729,POINT (0.3846650950313332 0.2608380547754818),,,,,,,,,,1,1,
0,32,10,"{'x': 738.5569824601597, 'y': 281.7050991575203, 'elapsedTime': 25163.600000023842}",577286440542,2311576395,POINT (0.3846650950313332 0.2608380547754818),,,,,,,,,,1,1,
0,32,10,"{'x': 768.5730801811275, 'y': 318.0856682022048, 'elapsedTime': 25224.600000023842}",577286457210,2311593062,POINT (0.4002984792610039 0.2945237668538933),,,,,,,,,,1,1,
0,32,10,"{'x': 768.5730801811275, 'y': 318.0856682022048, 'elapsedTime': 25224.600000023842}",577286473877,2311609729,POINT (0.4002984792610039 0.2945237668538933),,,,,,,,,,1,1,
0,32,10,"{'x': 768.5730801811275, 'y': 318.0856682022048, 'elapsedTime': 25224.600000023842}",577286490544,2311626395,POINT (0.4002984792610039 0.2945237668538933),,,,,,,,,,1,1,
0,32,10,"{'x': 755.0663364532272, 'y': 304.6479771777221, 'elapsedTime': 25277}",577286507217,2311643067,POINT (0.3932637169027225 0.2820814603497427),,,,,,,,,,1,1,
0,32,10,"{'x': 755.0663364532272, 'y': 304.6479771777221, 'elapsedTime': 25277}",577286523885,2311659734,POINT (0.3932637169027225 0.2820814603497427),,,,,,,,,,1,1,
0,32,10,"{'x': 755.0663364532272, 'y': 304.6479771777221, 'elapsedTime': 25277}",577286540552,2311676401,POINT (0.3932637169027225 0.2820814603497427),,,,,,,,,,1,1,
0,32,10,"{'x': 755.0663364532272, 'y': 304.6479771777221, 'elapsedTime': 25277}",577286557219,2311693068,POINT (0.3932637169027225 0.2820814603497427),,,,,,,,,,1,1,
0,32,10,"{'x': 755.0663364532272, 'y': 304.6479771777221, 'elapsedTime': 25277}",577286573886,2311709734,POINT (0.3932637169027225 0.2820814603497427),,,,,,,,,,1,1,
0,32,10,"{'x': 733.4107879261529, 'y': 271.3211972419094, 'elapsedTime': 25338.700000047684}",577286590553,2311726400,POINT (0.3819847853782046 0.2512233307795457),,,,,,,,,,1,1,
0,32,10,"{'x': 733.4107879261529, 'y': 271.3211972419094, 'elapsedTime': 25338.700000047684}",577286607222,2311743068,POINT (0.3819847853782046 0.2512233307795457),,,,,,,,,,1,1,
0,32,10,"{'x': 697.057155007831, 'y': 269.1191593077805, 'elapsedTime': 25394.700000047684}",577286623888,2311759734,POINT (0.3630506015665787 0.2491844067664634),,,,,,,,,,,1,
0,32,10,"{'x': 697.057155007831, 'y': 269.1191593077805, 'elapsedTime': 25394.700000047684}",577286640555,2311776400,POINT (0.3630506015665787 0.2491844067664634),,,,,,,,,,,1,
0,32,10,"{'x': 697.057155007831, 'y': 269.1191593077805, 'elapsedTime': 25394.700000047684}",577286657222,2311793067,POINT (0.3630506015665787 0.2491844067664634),,,,,,,,,,,1,
0,32,10,"{'x': 730.8198068475141, 'y': 265.82266381722394, 'elapsedTime': 25443.800000071526}",577286673890,2311809734,POINT (0.3806353160664136 0.2461320961270592),,,,,,,,,,,1,
0,32,10,"{'x': 730.8198068475141, 'y': 265.82266381722394, 'elapsedTime': 25443.800000071526}",577286690558,2311826401,POINT (0.3806353160664136 0.2461320961270592),,,,,,,,,,,1,
0,32,10,"{'x': 730.8198068475141, 'y': 265.82266381722394, 'elapsedTime': 25443.800000071526}",577286707225,2311843067,POINT (0.3806353160664136 0.2461320961270592),,,,,,,,,,,1,
0,32,10,"{'x': 679.017111241611, 'y': 292.3361992596909, 'elapsedTime': 25493.800000071526}",577286723892,2311859734,POINT (0.3536547454383391 0.2706816659811952),,,,,,,,,,1,1,
0,32,10,"{'x': 679.017111241611, 'y': 292.3361992596909, 'elapsedTime': 25493.800000071526}",577286740560,2311876401,POINT (0.3536547454383391 0.2706816659811952),,,,,,,,,,1,1,
0,32,10,"{'x': 679.017111241611, 'y': 292.3361992596909, 'elapsedTime': 25493.800000071526}",577286757226,2311893067,POINT (0.3536547454383391 0.2706816659811952),,,,,,,,,,1,1,
0,32,10,"{'x': 670.5405829629748, 'y': 281.2729164246303, 'elapsedTime': 25543.300000071526}",577286773904,2311909744,POINT (0.3492398869598827 0.2604378855783614),,,,,,,,,,1,1,
0,32,10,"{'x': 670.5405829629748, 'y': 281.2729164246303, 'elapsedTime': 25543.300000071526}",577286790571,2311926410,POINT (0.3492398869598827 0.2604378855783614),,,,,,,,,,1,1,
0,32,10,"{'x': 670.5405829629748, 'y': 281.2729164246303, 'elapsedTime': 25543.300000071526}",577286807239,2311943077,POINT (0.3492398869598827 0.2604378855783614),,,,,,,,,,1,1,
0,32,10,"{'x': 759.188597965796, 'y': 407.7967429181984, 'elapsedTime': 25593.200000047684}",577286823904,2311959742,POINT (0.3954107281071854 0.3775895767761096),,,,,,,,,,,,
0,32,10,"{'x': 759.188597965796, 'y': 407.7967429181984, 'elapsedTime': 25593.200000047684}",577286840574,2311976411,POINT (0.3954107281071854 0.3775895767761096),,,,,,,,,,,,
0,32,10,"{'x': 759.188597965796, 'y': 407.7967429181984, 'elapsedTime': 25593.200000047684}",577286857240,2311993077,POINT (0.3954107281071854 0.3775895767761096),,,,,,,,,,,,
0,32,10,"{'x': 821.5363503281055, 'y': 507.72514298221495, 'elapsedTime': 25645.300000071526}",577286873908,2312009744,POINT (0.4278835157958883 0.4701158731316805),,,,,,,,,,,1,
0,32,10,"{'x': 821.5363503281055, 'y': 507.72514298221495, 'elapsedTime': 25645.300000071526}",577286890575,2312026410,POINT (0.4278835157958883 0.4701158731316805),,,,,,,,,,,1,
0,32,10,"{'x': 821.5363503281055, 'y': 507.72514298221495, 'elapsedTime': 25645.300000071526}",577286907247,2312043081,POINT (0.4278835157958883 0.4701158731316805),,,,,,,,,,,1,
0,32,10,"{'x': 793.155461838071, 'y': 506.1438735294251, 'elapsedTime': 25696.700000047684}",577286923914,2312059748,POINT (0.413101803040662 0.4686517347494677),,,,,,,,,,,,
0,32,10,"{'x': 793.155461838071, 'y': 506.1438735294251, 'elapsedTime': 25696.700000047684}",577286940581,2312076414,POINT (0.413101803040662 0.4686517347494677),,,,,,,,,,,,
0,32,10,"{'x': 793.155461838071, 'y': 506.1438735294251, 'elapsedTime': 25696.700000047684}",577286957248,2312093081,POINT (0.413101803040662 0.4686517347494677),,,,,,,,,,,,
0,32,10,"{'x': 703.4602960402675, 'y': 467.3554030608232, 'elapsedTime': 25752.200000047684}",577286973916,2312109748,POINT (0.366385570854306 0.432736484315577),,,,,,,,,,,,
0,32,10,"{'x': 703.4602960402675, 'y': 467.3554030608232, 'elapsedTime': 25752.200000047684}",577286990584,2312126415,POINT (0.366385570854306 0.432736484315577),,,,,,,,,,,,
0,32,10,"{'x': 703.4602960402675, 'y': 467.3554030608232, 'elapsedTime': 25752.200000047684}",577287007251,2312143081,POINT (0.366385570854306 0.432736484315577),,,,,,,,,,,,
0,32,10,"{'x': 703.4602960402675, 'y': 467.3554030608232, 'elapsedTime': 25752.200000047684}",577287023917,2312159747,POINT (0.366385570854306 0.432736484315577),,,,,,,,,,,,
0,32,10,"{'x': 646.1352843649206, 'y': 487.4770979880422, 'elapsedTime': 25801.899999976158}",577287040590,2312176419,POINT (0.3365287939400628 0.4513676833222613),,,,,,,,,,,,
0,32,10,"{'x': 646.1352843649206, 'y': 487.4770979880422, 'elapsedTime': 25801.899999976158}",577287057257,2312193086,POINT (0.3365287939400628 0.4513676833222613),,,,,,,,,,,,
0,32,10,"{'x': 646.1352843649206, 'y': 487.4770979880422, 'elapsedTime': 25801.899999976158}",577287073925,2312209753,POINT (0.3365287939400628 0.4513676833222613),,,,,,,,,,,,
0,32,10,"{'x': 603.8591765335683, 'y': 421.3286154469621, 'elapsedTime': 25861.899999976158}",577287090593,2312226420,POINT (0.3145099877779002 0.3901190883768168),,,,,,,,,,,,
0,32,10,"{'x': 603.8591765335683, 'y': 421.3286154469621, 'elapsedTime': 25861.899999976158}",577287107260,2312243086,POINT (0.3145099877779002 0.3901190883768168),,,,,,,,,,,,
0,32,10,"{'x': 603.8591765335683, 'y': 421.3286154469621, 'elapsedTime': 25861.899999976158}",577287123927,2312259753,POINT (0.3145099877779002 0.3901190883768168),,,,,,,,,,,,
0,32,10,"{'x': 567.9124068234419, 'y': 389.83827356199276, 'elapsedTime': 25912}",577287140595,2312276420,POINT (0.2957877118872093 0.3609613644092526),,,,,,,,,,,,
0,32,10,"{'x': 567.9124068234419, 'y': 389.83827356199276, 'elapsedTime': 25912}",577287157261,2312293086,POINT (0.2957877118872093 0.3609613644092526),,,,,,,,,,,,
0,32,10,"{'x': 567.9124068234419, 'y': 389.83827356199276, 'elapsedTime': 25912}",577287173934,2312309758,POINT (0.2957877118872093 0.3609613644092526),,,,,,,,,,,,
0,32,10,"{'x': 567.9124068234419, 'y': 389.83827356199276, 'elapsedTime': 25912}",577287190602,2312326425,POINT (0.2957877118872093 0.3609613644092526),,,,,,,,,,,,
0,32,10,"{'x': 567.9124068234419, 'y': 389.83827356199276, 'elapsedTime': 25912}",577287207269,2312343091,POINT (0.2957877118872093 0.3609613644092526),,,,,,,,,,,,
0,32,10,"{'x': 500.1366984035543, 'y': 318.5200004979825, 'elapsedTime': 25964.200000047684}",577287223935,2312359757,POINT (0.2604878637518512 0.2949259263870208),,,,,,,,,,1,,
0,32,10,"{'x': 500.1366984035543, 'y': 318.5200004979825, 'elapsedTime': 25964.200000047684}",577287240604,2312376425,POINT (0.2604878637518512 0.2949259263870208),,,,,,,,,,1,,
0,32,10,"{'x': 500.1366984035543, 'y': 318.5200004979825, 'elapsedTime': 25964.200000047684}",577287257271,2312393091,POINT (0.2604878637518512 0.2949259263870208),,,,,,,,,,1,,
0,32,10,"{'x': 503.22767808502977, 'y': 345.8365081563576, 'elapsedTime': 26037.100000023842}",577287273938,2312409758,POINT (0.2620977490026197 0.3202189890336644),,,,,,,,,,,,
0,32,10,"{'x': 503.22767808502977, 'y': 345.8365081563576, 'elapsedTime': 26037.100000023842}",577287290605,2312426424,POINT (0.2620977490026197 0.3202189890336644),,,,,,,,,,,,
0,32,10,"{'x': 503.22767808502977, 'y': 345.8365081563576, 'elapsedTime': 26037.100000023842}",577287307279,2312443097,POINT (0.2620977490026197 0.3202189890336644),,,,,,,,,,,,
0,32,10,"{'x': 503.22767808502977, 'y': 345.8365081563576, 'elapsedTime': 26037.100000023842}",577287323946,2312459764,POINT (0.2620977490026197 0.3202189890336644),,,,,,,,,,,,
0,32,10,"{'x': 592.4791084243421, 'y': 330.1827263884339, 'elapsedTime': 26084.899999976158}",577287340614,2312476431,POINT (0.3085828689710116 0.3057247466559573),,,,,,,,,,,,
0,32,10,"{'x': 592.4791084243421, 'y': 330.1827263884339, 'elapsedTime': 26084.899999976158}",577287357281,2312493097,POINT (0.3085828689710116 0.3057247466559573),,,,,,,,,,,,
0,32,10,"{'x': 592.4791084243421, 'y': 330.1827263884339, 'elapsedTime': 26084.899999976158}",577287373948,2312509763,POINT (0.3085828689710116 0.3057247466559573),,,,,,,,,,,,
0,32,10,"{'x': 605.785576975395, 'y': 330.45247634608415, 'elapsedTime': 26159.600000023842}",577287390615,2312526430,POINT (0.3155133213413516 0.3059745151352631),,,,,,,,,,,,
0,32,10,"{'x': 605.785576975395, 'y': 330.45247634608415, 'elapsedTime': 26159.600000023842}",577287407283,2312543097,POINT (0.3155133213413516 0.3059745151352631),,,,,,,,,,,,
0,32,10,"{'x': 605.785576975395, 'y': 330.45247634608415, 'elapsedTime': 26159.600000023842}",577287423953,2312559767,POINT (0.3155133213413516 0.3059745151352631),,,,,,,,,,,,
0,32,10,"{'x': 565.1907004562377, 'y': 340.74531649983317, 'elapsedTime': 26216.600000023842}",577287440621,2312576434,POINT (0.2943701564876238 0.3155049226850307),,,,,,,,,,,,
0,32,10,"{'x': 565.1907004562377, 'y': 340.74531649983317, 'elapsedTime': 26216.600000023842}",577287457289,2312593101,POINT (0.2943701564876238 0.3155049226850307),,,,,,,,,,,,
0,32,10,"{'x': 565.1907004562377, 'y': 340.74531649983317, 'elapsedTime': 26216.600000023842}",577287473956,2312609767,POINT (0.2943701564876238 0.3155049226850307),,,,,,,,,,,,
0,32,10,"{'x': 567.954957520008, 'y': 383.49599796929465, 'elapsedTime': 26266.899999976158}",577287490623,2312626434,POINT (0.2958098737083375 0.3550888870086061),,,,,,,,,,,,
0,32,10,"{'x': 567.954957520008, 'y': 383.49599796929465, 'elapsedTime': 26266.899999976158}",577287507291,2312643101,POINT (0.2958098737083375 0.3550888870086061),,,,,,,,,,,,
0,32,10,"{'x': 567.954957520008, 'y': 383.49599796929465, 'elapsedTime': 26266.899999976158}",577287523957,2312659767,POINT (0.2958098737083375 0.3550888870086061),,,,,,,,,,,,
0,32,10,"{'x': 620.5099914585692, 'y': 394.3983407802461, 'elapsedTime': 26314.200000047684}",577287540625,2312676434,POINT (0.3231822872180048 0.3651836488705982),,,,,,,,,,,,
0,32,10,"{'x': 620.5099914585692, 'y': 394.3983407802461, 'elapsedTime': 26314.200000047684}",577287557296,2312693104,POINT (0.3231822872180048 0.3651836488705982),,,,,,,,,,,,
0,32,10,"{'x': 620.5099914585692, 'y': 394.3983407802461, 'elapsedTime': 26314.200000047684}",577287573964,2312709771,POINT (0.3231822872180048 0.3651836488705982),,,,,,,,,,,,
0,32,10,"{'x': 599.7709967743153, 'y': 377.17038384731023, 'elapsedTime': 26360.899999976158}",577287590631,2312726438,POINT (0.3123807274866225 0.3492318368956576),,,,,,,,,,,,
0,32,10,"{'x': 599.7709967743153, 'y': 377.17038384731023, 'elapsedTime': 26360.899999976158}",577287607298,2312743104,POINT (0.3123807274866225 0.3492318368956576),,,,,,,,,,,,
0,32,10,"{'x': 599.7709967743153, 'y': 377.17038384731023, 'elapsedTime': 26360.899999976158}",577287623966,2312759772,POINT (0.3123807274866225 0.3492318368956576),,,,,,,,,,,,
0,32,10,"{'x': 624.0704528220493, 'y': 318.35837295783955, 'elapsedTime': 26413.399999976158}",577287640634,2312776438,POINT (0.3250366941781507 0.2947762712572589),,,,,,,,,,1,1,
0,32,10,"{'x': 624.0704528220493, 'y': 318.35837295783955, 'elapsedTime': 26413.399999976158}",577287657300,2312793104,POINT (0.3250366941781507 0.2947762712572589),,,,,,,,,,1,1,
0,32,10,"{'x': 624.0704528220493, 'y': 318.35837295783955, 'elapsedTime': 26413.399999976158}",577287673969,2312809772,POINT (0.3250366941781507 0.2947762712572589),,,,,,,,,,1,1,
0,32,10,"{'x': 596.2194129820148, 'y': 318.25618402583797, 'elapsedTime': 26464.700000047684}",577287690641,2312826444,POINT (0.310530944261466 0.2946816518757759),,,,,,,,,,1,1,
0,32,10,"{'x': 596.2194129820148, 'y': 318.25618402583797, 'elapsedTime': 26464.700000047684}",577287707309,2312843111,POINT (0.310530944261466 0.2946816518757759),,,,,,,,,,1,1,
0,32,10,"{'x': 596.2194129820148, 'y': 318.25618402583797, 'elapsedTime': 26464.700000047684}",577287723975,2312859777,POINT (0.310530944261466 0.2946816518757759),,,,,,,,,,1,1,
0,32,10,"{'x': 630.3834774781309, 'y': 354.4152234835536, 'elapsedTime': 26517.800000071526}",577287740643,2312876444,POINT (0.3283247278531932 0.3281622439662533),,,,,,,,,,,,
0,32,10,"{'x': 630.3834774781309, 'y': 354.4152234835536, 'elapsedTime': 26517.800000071526}",577287757311,2312893111,POINT (0.3283247278531932 0.3281622439662533),,,,,,,,,,,,
0,32,10,"{'x': 630.3834774781309, 'y': 354.4152234835536, 'elapsedTime': 26517.800000071526}",577287773978,2312909778,POINT (0.3283247278531932 0.3281622439662533),,,,,,,,,,,,
0,32,10,"{'x': 630.3834774781309, 'y': 354.4152234835536, 'elapsedTime': 26517.800000071526}",577287790645,2312926444,POINT (0.3283247278531932 0.3281622439662533),,,,,,,,,,,,
0,32,10,"{'x': 619.3670550636759, 'y': 317.6186812422725, 'elapsedTime': 26572}",577287807312,2312943110,POINT (0.3225870078456646 0.2940913715206226),,,,,,,,,,1,1,
0,32,10,"{'x': 619.3670550636759, 'y': 317.6186812422725, 'elapsedTime': 26572}",577287823982,2312959780,POINT (0.3225870078456646 0.2940913715206226),,,,,,,,,,1,1,
0,32,10,"{'x': 619.3670550636759, 'y': 317.6186812422725, 'elapsedTime': 26572}",577287840650,2312976447,POINT (0.3225870078456646 0.2940913715206226),,,,,,,,,,1,1,
0,32,10,"{'x': 619.3670550636759, 'y': 317.6186812422725, 'elapsedTime': 26572}",577287857317,2312993113,POINT (0.3225870078456646 0.2940913715206226),,,,,,,,,,1,1,
0,32,10,"{'x': 600.7353446421305, 'y': 337.16058762115676, 'elapsedTime': 26637.5}",577287873984,2313009780,POINT (0.3128829920011096 0.3121857292788489),,,,,,,,,,,,
0,32,10,"{'x': 600.7353446421305, 'y': 337.16058762115676, 'elapsedTime': 26637.5}",577287890652,2313026447,POINT (0.3128829920011096 0.3121857292788489),,,,,,,,,,,,
0,32,10,"{'x': 674.5432467542546, 'y': 301.82807230816843, 'elapsedTime': 26689.200000047684}",577287907320,2313043114,POINT (0.3513246076845076 0.2794704373223782),,,,,,,,,,1,1,
0,32,10,"{'x': 674.5432467542546, 'y': 301.82807230816843, 'elapsedTime': 26689.200000047684}",577287923986,2313059780,POINT (0.3513246076845076 0.2794704373223782),,,,,,,,,,1,1,
0,32,10,"{'x': 674.5432467542546, 'y': 301.82807230816843, 'elapsedTime': 26689.200000047684}",577287940654,2313076447,POINT (0.3513246076845076 0.2794704373223782),,,,,,,,,,1,1,
0,32,10,"{'x': 674.5432467542546, 'y': 301.82807230816843, 'elapsedTime': 26689.200000047684}",577287957326,2313093118,POINT (0.3513246076845076 0.2794704373223782),,,,,,,,,,1,1,
0,32,10,"{'x': 722.575245960516, 'y': 303.6932002564293, 'elapsedTime': 26736.700000047684}",577287973993,2313109785,POINT (0.3763412739377687 0.2811974076448419),,,,,,,,,,1,1,
0,32,10,"{'x': 722.575245960516, 'y': 303.6932002564293, 'elapsedTime': 26736.700000047684}",577287990662,2313126452,POINT (0.3763412739377687 0.2811974076448419),,,,,,,,,,1,1,
0,32,10,"{'x': 722.575245960516, 'y': 303.6932002564293, 'elapsedTime': 26736.700000047684}",577288007329,2313143119,POINT (0.3763412739377687 0.2811974076448419),,,,,,,,,,1,1,
0,32,10,"{'x': 748.4617239301448, 'y': 277.0215291848703, 'elapsedTime': 26793}",577288023996,2313159785,POINT (0.3898238145469504 0.2565014159119169),,,,,,,,,,1,1,
0,32,10,"{'x': 748.4617239301448, 'y': 277.0215291848703, 'elapsedTime': 26793}",577288040663,2313176452,POINT (0.3898238145469504 0.2565014159119169),,,,,,,,,,1,1,
0,32,10,"{'x': 748.4617239301448, 'y': 277.0215291848703, 'elapsedTime': 26793}",577288057330,2313193118,POINT (0.3898238145469504 0.2565014159119169),,,,,,,,,,1,1,
0,32,10,"{'x': 749.3759661027013, 'y': 269.90973274061747, 'elapsedTime': 26847.600000023842}",577288073997,2313209785,POINT (0.390299982345157 0.2499164192042754),,,,,,,,,,1,1,
0,32,10,"{'x': 749.3759661027013, 'y': 269.90973274061747, 'elapsedTime': 26847.600000023842}",577288090669,2313226455,POINT (0.390299982345157 0.2499164192042754),,,,,,,,,,1,1,
0,32,10,"{'x': 749.3759661027013, 'y': 269.90973274061747, 'elapsedTime': 26847.600000023842}",577288107336,2313243122,POINT (0.390299982345157 0.2499164192042754),,,,,,,,,,1,1,
0,32,10,"{'x': 728.0995927162519, 'y': 248.89571166743934, 'elapsedTime': 26899.200000047684}",577288124004,2313259789,POINT (0.3792185378730479 0.2304589922846661),,,,,,,,,,,1,
0,32,10,"{'x': 728.0995927162519, 'y': 248.89571166743934, 'elapsedTime': 26899.200000047684}",577288140671,2313276456,POINT (0.3792185378730479 0.2304589922846661),,,,,,,,,,,1,
0,32,10,"{'x': 728.0995927162519, 'y': 248.89571166743934, 'elapsedTime': 26899.200000047684}",577288157338,2313293122,POINT (0.3792185378730479 0.2304589922846661),,,,,,,,,,,1,
0,32,10,"{'x': 752.6166742214426, 'y': 248.74907836845284, 'elapsedTime': 26951}",577288174005,2313309789,POINT (0.3919878511570014 0.2303232207115304),,,,,,,,,,,1,
0,32,10,"{'x': 752.6166742214426, 'y': 248.74907836845284, 'elapsedTime': 26951}",577288190674,2313326456,POINT (0.3919878511570014 0.2303232207115304),,,,,,,,,,,1,
0,32,10,"{'x': 752.6166742214426, 'y': 248.74907836845284, 'elapsedTime': 26951}",577288207340,2313343122,POINT (0.3919878511570014 0.2303232207115304),,,,,,,,,,,1,
0,32,10,"{'x': 774.7919473376342, 'y': 247.7063204330492, 'elapsedTime': 26997.899999976158}",577288224014,2313359795,POINT (0.4035374725716844 0.2293577041046752),,,,,,,,,,,1,
0,32,10,"{'x': 774.7919473376342, 'y': 247.7063204330492, 'elapsedTime': 26997.899999976158}",577288240680,2313376461,POINT (0.4035374725716844 0.2293577041046752),,,,,,,,,,,1,
0,32,10,"{'x': 774.7919473376342, 'y': 247.7063204330492, 'elapsedTime': 26997.899999976158}",577288257348,2313393128,POINT (0.4035374725716844 0.2293577041046752),,,,,,,,,,,1,
0,32,10,"{'x': 716.7216627541935, 'y': 191.81058952444653, 'elapsedTime': 27052.100000023842}",577288274016,2313409795,POINT (0.3732925326844758 0.1776023977078208),,,,,,,,,,1,,
0,32,10,"{'x': 716.7216627541935, 'y': 191.81058952444653, 'elapsedTime': 27052.100000023842}",577288290683,2313426461,POINT (0.3732925326844758 0.1776023977078208),,,,,,,,,,1,,
0,32,10,"{'x': 716.7216627541935, 'y': 191.81058952444653, 'elapsedTime': 27052.100000023842}",577288307350,2313443128,POINT (0.3732925326844758 0.1776023977078208),,,,,,,,,,1,,
0,32,10,"{'x': 716.7216627541935, 'y': 191.81058952444653, 'elapsedTime': 27052.100000023842}",577288324018,2313459795,POINT (0.3732925326844758 0.1776023977078208),,,,,,,,,,1,,
0,32,10,"{'x': 701.7511796973554, 'y': 173.9515446489711, 'elapsedTime': 27103.300000071526}",577288340688,2313476465,POINT (0.3654954060923726 0.1610662450453436),,,,,,,,,,1,,
0,32,10,"{'x': 701.7511796973554, 'y': 173.9515446489711, 'elapsedTime': 27103.300000071526}",577288357355,2313493131,POINT (0.3654954060923726 0.1610662450453436),,,,,,,,,,1,,
0,32,10,"{'x': 701.7511796973554, 'y': 173.9515446489711, 'elapsedTime': 27103.300000071526}",577288374023,2313509798,POINT (0.3654954060923726 0.1610662450453436),,,,,,,,,,1,,
0,32,10,"{'x': 673.3248393975919, 'y': 219.33999106130244, 'elapsedTime': 27160.899999976158}",577288390691,2313526465,POINT (0.3506900205195791 0.2030925843160208),,,,,,,,,,,,
0,32,10,"{'x': 673.3248393975919, 'y': 219.33999106130244, 'elapsedTime': 27160.899999976158}",577288407357,2313543131,POINT (0.3506900205195791 0.2030925843160208),,,,,,,,,,,,
0,32,10,"{'x': 673.3248393975919, 'y': 219.33999106130244, 'elapsedTime': 27160.899999976158}",577288424025,2313559798,POINT (0.3506900205195791 0.2030925843160208),,,,,,,,,,,,
0,32,10,"{'x': 591.614702817049, 'y': 169.3568979703816, 'elapsedTime': 27208.399999976158}",577288440692,2313576465,POINT (0.308132657717213 0.1568119425651681),,,,,,,,,,1,,
0,32,10,"{'x': 591.614702817049, 'y': 169.3568979703816, 'elapsedTime': 27208.399999976158}",577288457359,2313593131,POINT (0.308132657717213 0.1568119425651681),,,,,,,,,,1,,
0,32,10,"{'x': 587.5736527857612, 'y': 182.26749653218593, 'elapsedTime': 27256.600000023842}",577288474029,2313609800,POINT (0.3060279441592506 0.1687662004927648),,,,,,,,,,1,,
0,32,10,"{'x': 587.5736527857612, 'y': 182.26749653218593, 'elapsedTime': 27256.600000023842}",577288490697,2313626467,POINT (0.3060279441592506 0.1687662004927648),,,,,,,,,,1,,
0,32,10,"{'x': 587.5736527857612, 'y': 182.26749653218593, 'elapsedTime': 27256.600000023842}",577288507363,2313643133,POINT (0.3060279441592506 0.1687662004927648),,,,,,,,,,1,,
0,32,10,"{'x': 587.5736527857612, 'y': 182.26749653218593, 'elapsedTime': 27256.600000023842}",577288524031,2313659800,POINT (0.3060279441592506 0.1687662004927648),,,,,,,,,,1,,
0,32,10,"{'x': 592.7595684261245, 'y': 192.58786400299013, 'elapsedTime': 27309.5}",577288540698,2313676467,POINT (0.3087289418886065 0.1783220962990649),,,,,,,,,,,,
0,32,10,"{'x': 592.7595684261245, 'y': 192.58786400299013, 'elapsedTime': 27309.5}",577288557366,2313693133,POINT (0.3087289418886065 0.1783220962990649),,,,,,,,,,,,
0,32,10,"{'x': 592.7595684261245, 'y': 192.58786400299013, 'elapsedTime': 27309.5}",577288574033,2313709800,POINT (0.3087289418886065 0.1783220962990649),,,,,,,,,,,,
0,32,10,"{'x': 573.6518110969382, 'y': 199.74638370713245, 'elapsedTime': 27368.200000047684}",577288590700,2313726466,POINT (0.298776984946322 0.1849503552843819),,,,,,,,,,,,
0,32,10,"{'x': 573.6518110969382, 'y': 199.74638370713245, 'elapsedTime': 27368.200000047684}",577288607375,2313743141,POINT (0.298776984946322 0.1849503552843819),,,,,,,,,,,,
0,32,10,"{'x': 573.6518110969382, 'y': 199.74638370713245, 'elapsedTime': 27368.200000047684}",577288624043,2313759808,POINT (0.298776984946322 0.1849503552843819),,,,,,,,,,,,
0,32,10,"{'x': 540.3660757919829, 'y': 270.89251936356317, 'elapsedTime': 27416}",577288640710,2313776474,POINT (0.2814406644749911 0.250826406818114),,,,,,,,,,,1,
0,32,10,"{'x': 540.3660757919829, 'y': 270.89251936356317, 'elapsedTime': 27416}",577288657378,2313793141,POINT (0.2814406644749911 0.250826406818114),,,,,,,,,,,1,
0,32,10,"{'x': 540.3660757919829, 'y': 270.89251936356317, 'elapsedTime': 27416}",577288674044,2313809807,POINT (0.2814406644749911 0.250826406818114),,,,,,,,,,,1,
0,32,10,"{'x': 535.7256091885705, 'y': 299.3702582664749, 'elapsedTime': 27470.300000071526}",577288690713,2313826475,POINT (0.2790237547857138 0.2771946835800693),,,,,,,,,,1,1,
0,32,10,"{'x': 535.7256091885705, 'y': 299.3702582664749, 'elapsedTime': 27470.300000071526}",577288707380,2313843141,POINT (0.2790237547857138 0.2771946835800693),,,,,,,,,,1,1,
0,32,10,"{'x': 535.7256091885705, 'y': 299.3702582664749, 'elapsedTime': 27470.300000071526}",577288724046,2313859807,POINT (0.2790237547857138 0.2771946835800693),,,,,,,,,,1,1,
0,32,10,"{'x': 560.758732631834, 'y': 258.6349587194042, 'elapsedTime': 27517.800000071526}",577288740721,2313876481,POINT (0.2920618399124136 0.239476813629078),,,,,,,,,,,1,
0,32,10,"{'x': 560.758732631834, 'y': 258.6349587194042, 'elapsedTime': 27517.800000071526}",577288757388,2313893147,POINT (0.2920618399124136 0.239476813629078),,,,,,,,,,,1,
0,32,10,"{'x': 560.758732631834, 'y': 258.6349587194042, 'elapsedTime': 27517.800000071526}",577288774055,2313909814,POINT (0.2920618399124136 0.239476813629078),,,,,,,,,,,1,
0,32,10,"{'x': 560.758732631834, 'y': 258.6349587194042, 'elapsedTime': 27517.800000071526}",577288790723,2313926481,POINT (0.2920618399124136 0.239476813629078),,,,,,,,,,,1,
0,32,10,"{'x': 576.5426312223861, 'y': 282.76416892994615, 'elapsedTime': 27571.600000023842}",577288807390,2313943147,POINT (0.3002826204283261 0.2618186749351353),,,,,,,,,,1,1,
0,32,10,"{'x': 576.5426312223861, 'y': 282.76416892994615, 'elapsedTime': 27571.600000023842}",577288824057,2313959814,POINT (0.3002826204283261 0.2618186749351353),,,,,,,,,,1,1,
0,32,10,"{'x': 576.5426312223861, 'y': 282.76416892994615, 'elapsedTime': 27571.600000023842}",577288840724,2313976480,POINT (0.3002826204283261 0.2618186749351353),,,,,,,,,,1,1,
0,32,10,"{'x': 614.9478548380678, 'y': 298.7778451692249, 'elapsedTime': 27623.700000047684}",577288857392,2313993147,POINT (0.3202853410614936 0.2766461529344675),,,,,,,,,,1,1,
0,32,10,"{'x': 614.9478548380678, 'y': 298.7778451692249, 'elapsedTime': 27623.700000047684}",577288874063,2314009818,POINT (0.3202853410614936 0.2766461529344675),,,,,,,,,,1,1,
0,32,10,"{'x': 614.0746666251258, 'y': 320.35582752379196, 'elapsedTime': 27669.600000023842}",577288890730,2314026484,POINT (0.3198305555339197 0.2966257662257333),,,,,,,,,,,1,
0,32,10,"{'x': 614.0746666251258, 'y': 320.35582752379196, 'elapsedTime': 27669.600000023842}",577288907398,2314043151,POINT (0.3198305555339197 0.2966257662257333),,,,,,,,,,,1,
0,32,10,"{'x': 614.0746666251258, 'y': 320.35582752379196, 'elapsedTime': 27669.600000023842}",577288924065,2314059818,POINT (0.3198305555339197 0.2966257662257333),,,,,,,,,,,1,
0,32,10,"{'x': 659.6972985431884, 'y': 316.6576657333991, 'elapsedTime': 27717.899999976158}",577288940732,2314076484,POINT (0.3435923429912439 0.2932015423457399),,,,,,,,,,1,1,
0,32,10,"{'x': 659.6972985431884, 'y': 316.6576657333991, 'elapsedTime': 27717.899999976158}",577288957399,2314093151,POINT (0.3435923429912439 0.2932015423457399),,,,,,,,,,1,1,
0,32,10,"{'x': 659.6972985431884, 'y': 316.6576657333991, 'elapsedTime': 27717.899999976158}",577288974066,2314109817,POINT (0.3435923429912439 0.2932015423457399),,,,,,,,,,1,1,
0,32,10,"{'x': 668.2072588894932, 'y': 307.4621122647021, 'elapsedTime': 27763.899999976158}",577288990734,2314126484,POINT (0.3480246140049444 0.2846871409858353),,,,,,,,,,1,1,
0,32,10,"{'x': 668.2072588894932, 'y': 307.4621122647021, 'elapsedTime': 27763.899999976158}",577289007406,2314143155,POINT (0.3480246140049444 0.2846871409858353),,,,,,,,,,1,1,
0,32,10,"{'x': 668.2072588894932, 'y': 307.4621122647021, 'elapsedTime': 27763.899999976158}",577289024072,2314159821,POINT (0.3480246140049444 0.2846871409858353),,,,,,,,,,1,1,
0,32,10,"{'x': 668.2072588894932, 'y': 307.4621122647021, 'elapsedTime': 27763.899999976158}",577289040740,2314176488,POINT (0.3480246140049444 0.2846871409858353),,,,,,,,,,1,1,
0,32,10,"{'x': 682.373150040792, 'y': 326.79693116506826, 'elapsedTime': 27811.200000047684}",577289057407,2314193155,POINT (0.3554026823129125 0.3025897510787669),,,,,,,,,,,1,
0,32,10,"{'x': 682.373150040792, 'y': 326.79693116506826, 'elapsedTime': 27811.200000047684}",577289074076,2314209822,POINT (0.3554026823129125 0.3025897510787669),,,,,,,,,,,1,
0,32,10,"{'x': 682.373150040792, 'y': 326.79693116506826, 'elapsedTime': 27811.200000047684}",577289090742,2314226488,POINT (0.3554026823129125 0.3025897510787669),,,,,,,,,,,1,
0,32,10,"{'x': 654.7549135424881, 'y': 326.4376546646506, 'elapsedTime': 27875.899999976158}",577289107410,2314243155,POINT (0.3410181841367125 0.3022570876524543),,,,,,,,,,,1,
0,32,10,"{'x': 654.7549135424881, 'y': 326.4376546646506, 'elapsedTime': 27875.899999976158}",577289124081,2314259826,POINT (0.3410181841367125 0.3022570876524543),,,,,,,,,,,1,
0,32,10,"{'x': 645.4330897814076, 'y': 358.5620261098079, 'elapsedTime': 27924.300000071526}",577289140748,2314276492,POINT (0.3361630675944831 0.3320018760275999),,,,,,,,,,,,
0,32,10,"{'x': 645.4330897814076, 'y': 358.5620261098079, 'elapsedTime': 27924.300000071526}",577289157415,2314293159,POINT (0.3361630675944831 0.3320018760275999),,,,,,,,,,,,
0,32,10,"{'x': 645.4330897814076, 'y': 358.5620261098079, 'elapsedTime': 27924.300000071526}",577289174084,2314309826,POINT (0.3361630675944831 0.3320018760275999),,,,,,,,,,,,
0,32,10,"{'x': 683.6943810111064, 'y': 386.7595442582319, 'elapsedTime': 27968.800000071526}",577289190750,2314326492,POINT (0.3560908234432846 0.3581106891279925),,,,,,,,,,,,
0,32,10,"{'x': 683.6943810111064, 'y': 386.7595442582319, 'elapsedTime': 27968.800000071526}",577289207418,2314343159,POINT (0.3560908234432846 0.3581106891279925),,,,,,,,,,,,
0,32,10,"{'x': 683.6943810111064, 'y': 386.7595442582319, 'elapsedTime': 27968.800000071526}",577289224085,2314359826,POINT (0.3560908234432846 0.3581106891279925),,,,,,,,,,,,
0,32,10,"{'x': 648.7723189753513, 'y': 399.6622466218241, 'elapsedTime': 28019.200000047684}",577289240752,2314376492,POINT (0.3379022494663288 0.3700576357609482),,,,,,,,,,,,
0,32,10,"{'x': 648.7723189753513, 'y': 399.6622466218241, 'elapsedTime': 28019.200000047684}",577289257426,2314393165,POINT (0.3379022494663288 0.3700576357609482),,,,,,,,,,,,
0,32,10,"{'x': 648.7723189753513, 'y': 399.6622466218241, 'elapsedTime': 28019.200000047684}",577289274093,2314409831,POINT (0.3379022494663288 0.3700576357609482),,,,,,,,,,,,
0,32,10,"{'x': 648.7723189753513, 'y': 399.6622466218241, 'elapsedTime': 28019.200000047684}",577289290761,2314426498,POINT (0.3379022494663288 0.3700576357609482),,,,,,,,,,,,
0,32,10,"{'x': 633.7248118621683, 'y': 389.8335990339605, 'elapsedTime': 28064.300000071526}",577289307428,2314443165,POINT (0.3300650061782127 0.360957036142556),,,,,,,,,,,,
0,32,10,"{'x': 633.7248118621683, 'y': 389.8335990339605, 'elapsedTime': 28064.300000071526}",577289324095,2314459831,POINT (0.3300650061782127 0.360957036142556),,,,,,,,,,,,
0,32,10,"{'x': 633.7248118621683, 'y': 389.8335990339605, 'elapsedTime': 28064.300000071526}",577289340762,2314476498,POINT (0.3300650061782127 0.360957036142556),,,,,,,,,,,,
0,32,10,"{'x': 688.630197475596, 'y': 420.3533093940945, 'elapsedTime': 28119.600000023842}",577289357429,2314493164,POINT (0.3586615611852063 0.3892160272167541),,,,,,,,,,,,
0,32,10,"{'x': 688.630197475596, 'y': 420.3533093940945, 'elapsedTime': 28119.600000023842}",577289374097,2314509831,POINT (0.3586615611852063 0.3892160272167541),,,,,,,,,,,,
0,32,10,"{'x': 688.630197475596, 'y': 420.3533093940945, 'elapsedTime': 28119.600000023842}",577289390770,2314526503,POINT (0.3586615611852063 0.3892160272167541),,,,,,,,,,,,
0,32,10,"{'x': 769.7679005254806, 'y': 438.96776164029296, 'elapsedTime': 28180.200000047684}",577289407437,2314543170,POINT (0.4009207815236878 0.4064516311484194),,,,,,,,,,,,
0,32,10,"{'x': 769.7679005254806, 'y': 438.96776164029296, 'elapsedTime': 28180.200000047684}",577289424104,2314559836,POINT (0.4009207815236878 0.4064516311484194),,,,,,,,,,,,
0,32,10,"{'x': 760.7529647987435, 'y': 402.87215649950576, 'elapsedTime': 28224.800000071526}",577289440772,2314576503,POINT (0.3962255024993456 0.3730297745365794),,,,,,,,,,,,
0,32,10,"{'x': 760.7529647987435, 'y': 402.87215649950576, 'elapsedTime': 28224.800000071526}",577289457439,2314593170,POINT (0.3962255024993456 0.3730297745365794),,,,,,,,,,,,
0,32,10,"{'x': 760.7529647987435, 'y': 402.87215649950576, 'elapsedTime': 28224.800000071526}",577289474106,2314609836,POINT (0.3962255024993456 0.3730297745365794),,,,,,,,,,,,
0,32,10,"{'x': 752.3641388117412, 'y': 432.7093073343521, 'elapsedTime': 28269}",577289490774,2314626503,POINT (0.3918563222977819 0.400656766050326),,,,,,,,,,,,
0,32,10,"{'x': 752.3641388117412, 'y': 432.7093073343521, 'elapsedTime': 28269}",577289507441,2314643170,POINT (0.3918563222977819 0.400656766050326),,,,,,,,,,,,
0,32,10,"{'x': 752.3641388117412, 'y': 432.7093073343521, 'elapsedTime': 28269}",577289524110,2314659838,POINT (0.3918563222977819 0.400656766050326),,,,,,,,,,,,
0,32,10,"{'x': 752.3641388117412, 'y': 432.7093073343521, 'elapsedTime': 28269}",577289540778,2314676505,POINT (0.3918563222977819 0.400656766050326),,,,,,,,,,,,
0,32,10,"{'x': 729.0028820622188, 'y': 448.76726251619425, 'elapsedTime': 28315.100000023842}",577289557445,2314693172,POINT (0.3796890010740723 0.4155252430705502),,,,,,,,,,,,
0,32,10,"{'x': 729.0028820622188, 'y': 448.76726251619425, 'elapsedTime': 28315.100000023842}",577289574112,2314709838,POINT (0.3796890010740723 0.4155252430705502),,,,,,,,,,,,
0,32,10,"{'x': 729.0028820622188, 'y': 448.76726251619425, 'elapsedTime': 28315.100000023842}",577289590780,2314726505,POINT (0.3796890010740723 0.4155252430705502),,,,,,,,,,,,
0,32,10,"{'x': 675.2351708005981, 'y': 435.957582587699, 'elapsedTime': 28375.600000023842}",577289607446,2314743171,POINT (0.3516849847919782 0.4036644283219435),,,,,,,,,,,,
0,32,10,"{'x': 675.2351708005981, 'y': 435.957582587699, 'elapsedTime': 28375.600000023842}",577289624114,2314759838,POINT (0.3516849847919782 0.4036644283219435),,,,,,,,,,,,
0,32,10,"{'x': 675.2351708005981, 'y': 435.957582587699, 'elapsedTime': 28375.600000023842}",577289640782,2314776505,POINT (0.3516849847919782 0.4036644283219435),,,,,,,,,,,,
0,32,10,"{'x': 675.2351708005981, 'y': 435.957582587699, 'elapsedTime': 28375.600000023842}",577289657458,2314793180,POINT (0.3516849847919782 0.4036644283219435),,,,,,,,,,,,
0,32,10,"{'x': 671.0497773437835, 'y': 441.68382012823855, 'elapsedTime': 28430}",577289674124,2314809846,POINT (0.3495050923665539 0.4089665001187394),,,,,,,,,,,,
0,32,10,"{'x': 671.0497773437835, 'y': 441.68382012823855, 'elapsedTime': 28430}",577289690791,2314826512,POINT (0.3495050923665539 0.4089665001187394),,,,,,,,,,,,
0,32,10,"{'x': 687.7697833116443, 'y': 435.8197427515454, 'elapsedTime': 28488.5}",577289707459,2314843180,POINT (0.3582134288081481 0.4035367988440235),,,,,,,,,,,,
0,32,10,"{'x': 687.7697833116443, 'y': 435.8197427515454, 'elapsedTime': 28488.5}",577289724126,2314859846,POINT (0.3582134288081481 0.4035367988440235),,,,,,,,,,,,
0,32,10,"{'x': 687.7697833116443, 'y': 435.8197427515454, 'elapsedTime': 28488.5}",577289740794,2314876513,POINT (0.3582134288081481 0.4035367988440235),,,,,,,,,,,,
0,32,10,"{'x': 613.1332199280164, 'y': 442.89539290977984, 'elapsedTime': 28532.5}",577289757462,2314893180,POINT (0.3193402187125086 0.4100883267683147),,,,,,,,,,,,
0,32,10,"{'x': 613.1332199280164, 'y': 442.89539290977984, 'elapsedTime': 28532.5}",577289774128,2314909846,POINT (0.3193402187125086 0.4100883267683147),,,,,,,,,,,,
0,32,10,"{'x': 613.1332199280164, 'y': 442.89539290977984, 'elapsedTime': 28532.5}",577289790798,2314926515,POINT (0.3193402187125086 0.4100883267683147),,,,,,,,,,,,
0,32,10,"{'x': 572.5125913678763, 'y': 470.8695788025222, 'elapsedTime': 28576.100000023842}",577289807465,2314943182,POINT (0.2981836413374356 0.4359903507430761),,,,,,,,,,,,
0,32,10,"{'x': 572.5125913678763, 'y': 470.8695788025222, 'elapsedTime': 28576.100000023842}",577289824132,2314959848,POINT (0.2981836413374356 0.4359903507430761),,,,,,,,,,,,
0,32,10,"{'x': 572.5125913678763, 'y': 470.8695788025222, 'elapsedTime': 28576.100000023842}",577289840799,2314976514,POINT (0.2981836413374356 0.4359903507430761),,,,,,,,,,,,
0,32,10,"{'x': 529.8706943498855, 'y': 461.0863441003679, 'elapsedTime': 28628.700000047684}",577289857467,2314993181,POINT (0.2759743199738987 0.4269318000929332),,,,,,,,,,,,
0,32,10,"{'x': 529.8706943498855, 'y': 461.0863441003679, 'elapsedTime': 28628.700000047684}",577289874134,2315009848,POINT (0.2759743199738987 0.4269318000929332),,,,,,,,,,,,
0,32,10,"{'x': 529.8706943498855, 'y': 461.0863441003679, 'elapsedTime': 28628.700000047684}",577289890802,2315026515,POINT (0.2759743199738987 0.4269318000929332),,,,,,,,,,,,
0,32,10,"{'x': 661.3565131177352, 'y': 553.8726068966412, 'elapsedTime': 28675.100000023842}",577289907471,2315043183,POINT (0.3444565172488204 0.5128450063857789),,,,,,,,,,,1,
0,32,10,"{'x': 661.3565131177352, 'y': 553.8726068966412, 'elapsedTime': 28675.100000023842}",577289924144,2315059855,POINT (0.3444565172488204 0.5128450063857789),,,,,,,,,,,1,
0,32,10,"{'x': 759.1508771421437, 'y': 633.3980784275187, 'elapsedTime': 28717.700000047684}",577289940810,2315076520,POINT (0.3953910818448665 0.5864797022477025),,,,,,,,,,,1,
0,32,10,"{'x': 759.1508771421437, 'y': 633.3980784275187, 'elapsedTime': 28717.700000047684}",577289957476,2315093186,POINT (0.3953910818448665 0.5864797022477025),,,,,,,,,,,1,
0,32,10,"{'x': 759.1508771421437, 'y': 633.3980784275187, 'elapsedTime': 28717.700000047684}",577289974144,2315109853,POINT (0.3953910818448665 0.5864797022477025),,,,,,,,,,,1,
0,32,10,"{'x': 700.1098625270848, 'y': 573.242441022455, 'elapsedTime': 28767.100000023842}",577289990811,2315126520,POINT (0.3646405533995233 0.5307800379837546),,,,,,,,,,,1,
0,32,10,"{'x': 700.1098625270848, 'y': 573.242441022455, 'elapsedTime': 28767.100000023842}",577290007478,2315143186,POINT (0.3646405533995233 0.5307800379837546),,,,,,,,,,,1,
0,32,10,"{'x': 700.1098625270848, 'y': 573.242441022455, 'elapsedTime': 28767.100000023842}",577290024146,2315159853,POINT (0.3646405533995233 0.5307800379837546),,,,,,,,,,,1,
0,32,10,"{'x': 700.1098625270848, 'y': 573.242441022455, 'elapsedTime': 28767.100000023842}",577290040814,2315176520,POINT (0.3646405533995233 0.5307800379837546),,,,,,,,,,,1,
0,32,10,"{'x': 686.9931814602808, 'y': 542.5082174606489, 'elapsedTime': 28814.300000071526}",577290057485,2315193191,POINT (0.3578089486772296 0.5023224235746749),,,,,,,,,,,1,
0,32,10,"{'x': 686.9931814602808, 'y': 542.5082174606489, 'elapsedTime': 28814.300000071526}",577290074153,2315209858,POINT (0.3578089486772296 0.5023224235746749),,,,,,,,,,,1,
0,32,10,"{'x': 686.9931814602808, 'y': 542.5082174606489, 'elapsedTime': 28814.300000071526}",577290090820,2315226525,POINT (0.3578089486772296 0.5023224235746749),,,,,,,,,,,1,
0,32,10,"{'x': 708.7101768754632, 'y': 466.56708681470036, 'elapsedTime': 28882.899999976158}",577290107487,2315243191,POINT (0.3691198837893037 0.4320065618654633),,,,,,,,,,,,
0,32,10,"{'x': 708.7101768754632, 'y': 466.56708681470036, 'elapsedTime': 28882.899999976158}",577290124155,2315259858,POINT (0.3691198837893037 0.4320065618654633),,,,,,,,,,,,
0,32,10,"{'x': 708.7101768754632, 'y': 466.56708681470036, 'elapsedTime': 28882.899999976158}",577290140822,2315276524,POINT (0.3691198837893037 0.4320065618654633),,,,,,,,,,,,
0,32,10,"{'x': 654.8805340167416, 'y': 410.8097146101021, 'elapsedTime': 28931.5}",577290157489,2315293191,POINT (0.341083611467053 0.3803793653797242),,,,,,,,,,,,
0,32,10,"{'x': 654.8805340167416, 'y': 410.8097146101021, 'elapsedTime': 28931.5}",577290174161,2315309862,POINT (0.341083611467053 0.3803793653797242),,,,,,,,,,,,
0,32,10,"{'x': 654.8805340167416, 'y': 410.8097146101021, 'elapsedTime': 28931.5}",577290190827,2315326528,POINT (0.341083611467053 0.3803793653797242),,,,,,,,,,,,
0,32,10,"{'x': 654.8805340167416, 'y': 410.8097146101021, 'elapsedTime': 28931.5}",577290207495,2315343195,POINT (0.341083611467053 0.3803793653797242),,,,,,,,,,,,
0,32,10,"{'x': 576.5552535005949, 'y': 338.82013523063034, 'elapsedTime': 28980}",577290224163,2315359862,POINT (0.3002891945315598 0.3137223474357688),,,,,,,,,,,,
0,32,10,"{'x': 576.5552535005949, 'y': 338.82013523063034, 'elapsedTime': 28980}",577290240831,2315376529,POINT (0.3002891945315598 0.3137223474357688),,,,,,,,,,,,
0,32,10,"{'x': 629.1689585689688, 'y': 349.68701814924816, 'elapsedTime': 29043.399999976158}",577290257497,2315393195,POINT (0.3276921659213379 0.3237842760641187),,,,,,,,,,,,
0,32,10,"{'x': 629.1689585689688, 'y': 349.68701814924816, 'elapsedTime': 29043.399999976158}",577290274165,2315409862,POINT (0.3276921659213379 0.3237842760641187),,,,,,,,,,,,
0,32,10,"{'x': 629.1689585689688, 'y': 349.68701814924816, 'elapsedTime': 29043.399999976158}",577290290832,2315426528,POINT (0.3276921659213379 0.3237842760641187),,,,,,,,,,,,
0,32,10,"{'x': 629.1689585689688, 'y': 349.68701814924816, 'elapsedTime': 29043.399999976158}",577290307506,2315443201,POINT (0.3276921659213379 0.3237842760641187),,,,,,,,,,,,
0,32,10,"{'x': 629.1689585689688, 'y': 349.68701814924816, 'elapsedTime': 29043.399999976158}",577290324172,2315459867,POINT (0.3276921659213379 0.3237842760641187),,,,,,,,,,,,
0,32,10,"{'x': 628.948577915009, 'y': 304.27241369243944, 'elapsedTime': 29088.200000047684}",577290340841,2315476535,POINT (0.3275773843307339 0.2817337163818884),,,,,,,,,,1,1,
0,32,10,"{'x': 628.948577915009, 'y': 304.27241369243944, 'elapsedTime': 29088.200000047684}",577290357507,2315493201,POINT (0.3275773843307339 0.2817337163818884),,,,,,,,,,1,1,
0,32,10,"{'x': 643.9201952520802, 'y': 315.9423166648249, 'elapsedTime': 29155}",577290374175,2315509868,POINT (0.3353751016937918 0.2925391820970601),,,,,,,,,,1,1,
0,32,10,"{'x': 643.9201952520802, 'y': 315.9423166648249, 'elapsedTime': 29155}",577290390843,2315526535,POINT (0.3353751016937918 0.2925391820970601),,,,,,,,,,1,1,
0,32,10,"{'x': 643.9201952520802, 'y': 315.9423166648249, 'elapsedTime': 29155}",577290407510,2315543201,POINT (0.3353751016937918 0.2925391820970601),,,,,,,,,,1,1,
0,32,10,"{'x': 661.7881458008701, 'y': 294.4437301045727, 'elapsedTime': 29204.5}",577290424177,2315559868,POINT (0.3446813259379532 0.2726330834301599),,,,,,,,,,1,1,
0,32,10,"{'x': 661.7881458008701, 'y': 294.4437301045727, 'elapsedTime': 29204.5}",577290440847,2315576537,POINT (0.3446813259379532 0.2726330834301599),,,,,,,,,,1,1,
0,32,10,"{'x': 661.7881458008701, 'y': 294.4437301045727, 'elapsedTime': 29204.5}",577290457514,2315593204,POINT (0.3446813259379532 0.2726330834301599),,,,,,,,,,1,1,
0,32,10,"{'x': 636.5209393775223, 'y': 308.58180235370645, 'elapsedTime': 29253.200000047684}",577290474182,2315609871,POINT (0.3315213225924595 0.2857238910682467),,,,,,,,,,1,1,
0,32,10,"{'x': 636.5209393775223, 'y': 308.58180235370645, 'elapsedTime': 29253.200000047684}",577290490849,2315626537,POINT (0.3315213225924595 0.2857238910682467),,,,,,,,,,1,1,
0,32,10,"{'x': 636.5209393775223, 'y': 308.58180235370645, 'elapsedTime': 29253.200000047684}",577290507517,2315643204,POINT (0.3315213225924595 0.2857238910682467),,,,,,,,,,1,1,
0,32,10,"{'x': 684.191566102272, 'y': 295.78813624720624, 'elapsedTime': 29302.100000023842}",577290524185,2315659871,POINT (0.3563497740116 0.2738779039325984),,,,,,,,,,1,1,
0,32,10,"{'x': 684.191566102272, 'y': 295.78813624720624, 'elapsedTime': 29302.100000023842}",577290540851,2315676537,POINT (0.3563497740116 0.2738779039325984),,,,,,,,,,1,1,
0,32,10,"{'x': 684.191566102272, 'y': 295.78813624720624, 'elapsedTime': 29302.100000023842}",577290557519,2315693204,POINT (0.3563497740116 0.2738779039325984),,,,,,,,,,1,1,
0,32,10,"{'x': 677.0702837736699, 'y': 298.83491119818035, 'elapsedTime': 29348.399999976158}",577290574193,2315709877,POINT (0.3526407727987864 0.276698991850167),,,,,,,,,,1,1,
0,32,10,"{'x': 677.0702837736699, 'y': 298.83491119818035, 'elapsedTime': 29348.399999976158}",577290590860,2315726543,POINT (0.3526407727987864 0.276698991850167),,,,,,,,,,1,1,
0,32,10,"{'x': 677.0702837736699, 'y': 298.83491119818035, 'elapsedTime': 29348.399999976158}",577290607527,2315743210,POINT (0.3526407727987864 0.276698991850167),,,,,,,,,,1,1,
0,32,10,"{'x': 675.1339561688428, 'y': 315.35790728396125, 'elapsedTime': 29396.600000023842}",577290624194,2315759876,POINT (0.351632268837939 0.2919980622999641),,,,,,,,,,1,1,
0,32,10,"{'x': 675.1339561688428, 'y': 315.35790728396125, 'elapsedTime': 29396.600000023842}",577290640861,2315776543,POINT (0.351632268837939 0.2919980622999641),,,,,,,,,,1,1,
0,32,10,"{'x': 675.1339561688428, 'y': 315.35790728396125, 'elapsedTime': 29396.600000023842}",577290657529,2315793210,POINT (0.351632268837939 0.2919980622999641),,,,,,,,,,1,1,
0,32,10,"{'x': 705.0352363095827, 'y': 311.67040239756665, 'elapsedTime': 29450.100000023842}",577290674196,2315809876,POINT (0.3672058522445744 0.2885837059236728),,,,,,,,,,1,1,
0,32,10,"{'x': 705.0352363095827, 'y': 311.67040239756665, 'elapsedTime': 29450.100000023842}",577290690864,2315826543,POINT (0.3672058522445744 0.2885837059236728),,,,,,,,,,1,1,
0,32,10,"{'x': 705.0352363095827, 'y': 311.67040239756665, 'elapsedTime': 29450.100000023842}",577290707537,2315843216,POINT (0.3672058522445744 0.2885837059236728),,,,,,,,,,1,1,
0,32,10,"{'x': 705.0352363095827, 'y': 311.67040239756665, 'elapsedTime': 29450.100000023842}",577290724205,2315859883,POINT (0.3672058522445744 0.2885837059236728),,,,,,,,,,1,1,
0,32,10,"{'x': 778.8420450077579, 'y': 332.49253213066135, 'elapsedTime': 29501.399999976158}",577290740872,2315876550,POINT (0.4056468984415406 0.3078634556765383),,,,,,,,,,,1,
0,32,10,"{'x': 778.8420450077579, 'y': 332.49253213066135, 'elapsedTime': 29501.399999976158}",577290757540,2315893216,POINT (0.4056468984415406 0.3078634556765383),,,,,,,,,,,1,
0,32,10,"{'x': 778.8420450077579, 'y': 332.49253213066135, 'elapsedTime': 29501.399999976158}",577290774208,2315909884,POINT (0.4056468984415406 0.3078634556765383),,,,,,,,,,,1,
0,32,10,"{'x': 700.0197717072517, 'y': 311.2972383195701, 'elapsedTime': 29556.600000023842}",577290790875,2315926550,POINT (0.364593631097527 0.2882381836292316),,,,,,,,,,1,1,
0,32,10,"{'x': 700.0197717072517, 'y': 311.2972383195701, 'elapsedTime': 29556.600000023842}",577290807541,2315943216,POINT (0.364593631097527 0.2882381836292316),,,,,,,,,,1,1,
0,32,10,"{'x': 700.0197717072517, 'y': 311.2972383195701, 'elapsedTime': 29556.600000023842}",577290824210,2315959884,POINT (0.364593631097527 0.2882381836292316),,,,,,,,,,1,1,
0,32,10,"{'x': 728.7495782323523, 'y': 287.6997221506118, 'elapsedTime': 29612.399999976158}",577290840879,2315976552,POINT (0.3795570719960168 0.2663886316209368),,,,,,,,,,1,1,
0,32,10,"{'x': 728.7495782323523, 'y': 287.6997221506118, 'elapsedTime': 29612.399999976158}",577290857547,2315993219,POINT (0.3795570719960168 0.2663886316209368),,,,,,,,,,1,1,
0,32,10,"{'x': 728.7495782323523, 'y': 287.6997221506118, 'elapsedTime': 29612.399999976158}",577290874213,2316009885,POINT (0.3795570719960168 0.2663886316209368),,,,,,,,,,1,1,
0,32,10,"{'x': 670.9824397215054, 'y': 286.7325838406639, 'elapsedTime': 29666}",577290890881,2316026552,POINT (0.3494700206882841 0.2654931331857999),,,,,,,,,,1,1,
0,32,10,"{'x': 670.9824397215054, 'y': 286.7325838406639, 'elapsedTime': 29666}",577290907548,2316043219,POINT (0.3494700206882841 0.2654931331857999),,,,,,,,,,1,1,
0,32,10,"{'x': 670.9824397215054, 'y': 286.7325838406639, 'elapsedTime': 29666}",577290924215,2316059885,POINT (0.3494700206882841 0.2654931331857999),,,,,,,,,,1,1,
0,32,10,"{'x': 653.3539206495755, 'y': 239.10835354199835, 'elapsedTime': 29714.600000023842}",577290940883,2316076552,POINT (0.3402885003383205 0.2213966236499985),,,,,,,,,,,1,
0,32,10,"{'x': 653.3539206495755, 'y': 239.10835354199835, 'elapsedTime': 29714.600000023842}",577290957551,2316093219,POINT (0.3402885003383205 0.2213966236499985),,,,,,,,,,,1,
0,32,10,"{'x': 653.3539206495755, 'y': 239.10835354199835, 'elapsedTime': 29714.600000023842}",577290974222,2316109890,POINT (0.3402885003383205 0.2213966236499985),,,,,,,,,,,1,
0,32,10,"{'x': 776.931462439705, 'y': 360.83211512453306, 'elapsedTime': 29763.700000047684}",577290990890,2316126557,POINT (0.404651803354013 0.3341038103004936),,,,,,,,,,,1,
0,32,10,"{'x': 776.931462439705, 'y': 360.83211512453306, 'elapsedTime': 29763.700000047684}",577291007556,2316143223,POINT (0.404651803354013 0.3341038103004936),,,,,,,,,,,1,
0,32,10,"{'x': 776.931462439705, 'y': 360.83211512453306, 'elapsedTime': 29763.700000047684}",577291024225,2316159890,POINT (0.404651803354013 0.3341038103004936),,,,,,,,,,,1,
0,32,10,"{'x': 776.931462439705, 'y': 360.83211512453306, 'elapsedTime': 29763.700000047684}",577291040892,2316176557,POINT (0.404651803354013 0.3341038103004936),,,,,,,,,,,1,
0,32,10,"{'x': 781.3065748427027, 'y': 417.8292637138733, 'elapsedTime': 29809.700000047684}",577291057560,2316193224,POINT (0.4069305077305743 0.386878947883216),,,,,,,,,,,,
0,32,10,"{'x': 781.3065748427027, 'y': 417.8292637138733, 'elapsedTime': 29809.700000047684}",577291074226,2316209890,POINT (0.4069305077305743 0.386878947883216),,,,,,,,,,,,
0,32,10,"{'x': 786.5950736452096, 'y': 485.05402384212215, 'elapsedTime': 29871.399999976158}",577291090894,2316226557,POINT (0.4096849341902134 0.4491240961501131),,,,,,,,,,,,
0,32,10,"{'x': 786.5950736452096, 'y': 485.05402384212215, 'elapsedTime': 29871.399999976158}",577291107566,2316243228,POINT (0.4096849341902134 0.4491240961501131),,,,,,,,,,,,
0,32,10,"{'x': 786.5950736452096, 'y': 485.05402384212215, 'elapsedTime': 29871.399999976158}",577291124234,2316259895,POINT (0.4096849341902134 0.4491240961501131),,,,,,,,,,,,
0,32,10,"{'x': 786.5950736452096, 'y': 485.05402384212215, 'elapsedTime': 29871.399999976158}",577291140901,2316276562,POINT (0.4096849341902134 0.4491240961501131),,,,,,,,,,,,
0,32,10,"{'x': 688.9184974687066, 'y': 460.68166416315074, 'elapsedTime': 29924}",577291157569,2316293229,POINT (0.358811717431618 0.4265570964473618),,,,,,,,,,,,
0,32,10,"{'x': 688.9184974687066, 'y': 460.68166416315074, 'elapsedTime': 29924}",577291174236,2316309895,POINT (0.358811717431618 0.4265570964473618),,,,,,,,,,,,
0,32,10,"{'x': 688.9184974687066, 'y': 460.68166416315074, 'elapsedTime': 29924}",577291190903,2316326562,POINT (0.358811717431618 0.4265570964473618),,,,,,,,,,,,
0,32,10,"{'x': 704.058706352787, 'y': 411.7407639219564, 'elapsedTime': 29979.700000047684}",577291207572,2316343229,POINT (0.3666972428920766 0.3812414480758856),,,,,,,,,,,,
0,32,10,"{'x': 704.058706352787, 'y': 411.7407639219564, 'elapsedTime': 29979.700000047684}",577291224242,2316359899,POINT (0.3666972428920766 0.3812414480758856),,,,,,,,,,,,
0,32,10,"{'x': 704.058706352787, 'y': 411.7407639219564, 'elapsedTime': 29979.700000047684}",577291240910,2316376566,POINT (0.3666972428920766 0.3812414480758856),,,,,,,,,,,,
0,32,10,"{'x': 704.058706352787, 'y': 411.7407639219564, 'elapsedTime': 29979.700000047684}",577291257577,2316393233,POINT (0.3666972428920766 0.3812414480758856),,,,,,,,,,,,
0,32,10,"{'x': 704.058706352787, 'y': 411.7407639219564, 'elapsedTime': 29979.700000047684}",577291274244,2316409899,POINT (0.3666972428920766 0.3812414480758856),,,,,,,,,,,,
0,32,10,"{'x': 691.0587188076862, 'y': 375.95644819112607, 'elapsedTime': 30036.700000047684}",577291290911,2316426566,POINT (0.3599264160456699 0.3481078223991908),,,,,,,,,,,,
0,32,10,"{'x': 691.0587188076862, 'y': 375.95644819112607, 'elapsedTime': 30036.700000047684}",577291307579,2316443233,POINT (0.3599264160456699 0.3481078223991908),,,,,,,,,,,,
0,32,10,"{'x': 691.0587188076862, 'y': 375.95644819112607, 'elapsedTime': 30036.700000047684}",577291324245,2316459899,POINT (0.3599264160456699 0.3481078223991908),,,,,,,,,,,,
0,32,10,"{'x': 691.0587188076862, 'y': 375.95644819112607, 'elapsedTime': 30036.700000047684}",577291340913,2316476566,POINT (0.3599264160456699 0.3481078223991908),,,,,,,,,,,,
0,32,10,"{'x': 686.5116487631824, 'y': 367.3713118834241, 'elapsedTime': 30122.600000023842}",577291357585,2316493238,POINT (0.3575581503974908 0.3401586221142816),,,,,,,,,,,,
0,32,10,"{'x': 686.5116487631824, 'y': 367.3713118834241, 'elapsedTime': 30122.600000023842}",577291374252,2316509904,POINT (0.3575581503974908 0.3401586221142816),,,,,,,,,,,,
0,32,10,"{'x': 638.5616250855683, 'y': 471.6023215563064, 'elapsedTime': 30173.600000023842}",577291390919,2316526571,POINT (0.3325841797320668 0.4366688162558392),,,,,,,,,,,,
0,32,10,"{'x': 638.5616250855683, 'y': 471.6023215563064, 'elapsedTime': 30173.600000023842}",577291407587,2316543238,POINT (0.3325841797320668 0.4366688162558392),,,,,,,,,,,,
0,32,10,"{'x': 638.5616250855683, 'y': 471.6023215563064, 'elapsedTime': 30173.600000023842}",577291424253,2316559904,POINT (0.3325841797320668 0.4366688162558392),,,,,,,,,,,,
0,32,10,"{'x': 644.8119176513932, 'y': 478.45940897489214, 'elapsedTime': 30223.300000071526}",577291440921,2316576571,POINT (0.335839540443434 0.4430179712730483),,,,,,,,,,,,
0,32,10,"{'x': 644.8119176513932, 'y': 478.45940897489214, 'elapsedTime': 30223.300000071526}",577291457587,2316593237,POINT (0.335839540443434 0.4430179712730483),,,,,,,,,,,,
0,32,10,"{'x': 644.8119176513932, 'y': 478.45940897489214, 'elapsedTime': 30223.300000071526}",577291474255,2316609904,POINT (0.335839540443434 0.4430179712730483),,,,,,,,,,,,
0,32,10,"{'x': 644.8119176513932, 'y': 478.45940897489214, 'elapsedTime': 30223.300000071526}",577291490926,2316626575,POINT (0.335839540443434 0.4430179712730483),,,,,,,,,,,,
0,32,10,"{'x': 699.7159546965092, 'y': 479.53059155825764, 'elapsedTime': 30273.100000023842}",577291507593,2316643241,POINT (0.3644353930710986 0.4440098069983867),,,,,,,,,,,,
0,32,10,"{'x': 699.7159546965092, 'y': 479.53059155825764, 'elapsedTime': 30273.100000023842}",577291524260,2316659908,POINT (0.3644353930710986 0.4440098069983867),,,,,,,,,,,,
0,32,10,"{'x': 699.7159546965092, 'y': 479.53059155825764, 'elapsedTime': 30273.100000023842}",577291540928,2316676575,POINT (0.3644353930710986 0.4440098069983867),,,,,,,,,,,,
0,32,10,"{'x': 696.5015639936624, 'y': 471.3627904414336, 'elapsedTime': 30321.5}",577291557594,2316693241,POINT (0.3627612312466992 0.4364470281865126),,,,,,,,,,,,
0,32,10,"{'x': 696.5015639936624, 'y': 471.3627904414336, 'elapsedTime': 30321.5}",577291574262,2316709908,POINT (0.3627612312466992 0.4364470281865126),,,,,,,,,,,,
0,32,10,"{'x': 684.6946539981395, 'y': 464.70887018198334, 'elapsedTime': 30371.800000071526}",577291590929,2316726575,POINT (0.3566117989573643 0.4302859909092438),,,,,,,,,,,,
0,32,10,"{'x': 684.6946539981395, 'y': 464.70887018198334, 'elapsedTime': 30371.800000071526}",577291607596,2316743241,POINT (0.3566117989573643 0.4302859909092438),,,,,,,,,,,,
0,32,10,"{'x': 684.6946539981395, 'y': 464.70887018198334, 'elapsedTime': 30371.800000071526}",577291624268,2316759913,POINT (0.3566117989573643 0.4302859909092438),,,,,,,,,,,,
0,32,10,"{'x': 684.6946539981395, 'y': 464.70887018198334, 'elapsedTime': 30371.800000071526}",577291640936,2316776580,POINT (0.3566117989573643 0.4302859909092438),,,,,,,,,,,,
0,32,10,"{'x': 654.4102923997391, 'y': 405.4967479600693, 'elapsedTime': 30422.200000047684}",577291657602,2316793246,POINT (0.3408386939581974 0.375459951814879),,,,,,,,,,,,
0,32,10,"{'x': 654.4102923997391, 'y': 405.4967479600693, 'elapsedTime': 30422.200000047684}",577291674270,2316809913,POINT (0.3408386939581974 0.375459951814879),,,,,,,,,,,,
0,32,10,"{'x': 648.9388984327923, 'y': 391.89668127158194, 'elapsedTime': 30469.399999976158}",577291690937,2316826580,POINT (0.3379890096004126 0.362867297473687),,,,,,,,,,,,
0,32,10,"{'x': 648.9388984327923, 'y': 391.89668127158194, 'elapsedTime': 30469.399999976158}",577291707604,2316843246,POINT (0.3379890096004126 0.362867297473687),,,,,,,,,,,,
0,32,10,"{'x': 648.9388984327923, 'y': 391.89668127158194, 'elapsedTime': 30469.399999976158}",577291724271,2316859913,POINT (0.3379890096004126 0.362867297473687),,,,,,,,,,,,
0,32,10,"{'x': 611.662674885615, 'y': 331.2841755975839, 'elapsedTime': 30518.899999976158}",577291740939,2316876580,POINT (0.3185743098362578 0.3067446070347999),,,,,,,,,,,,
0,32,10,"{'x': 611.662674885615, 'y': 331.2841755975839, 'elapsedTime': 30518.899999976158}",577291757610,2316893251,POINT (0.3185743098362578 0.3067446070347999),,,,,,,,,,,,
0,32,10,"{'x': 611.662674885615, 'y': 331.2841755975839, 'elapsedTime': 30518.899999976158}",577291774278,2316909918,POINT (0.3185743098362578 0.3067446070347999),,,,,,,,,,,,
0,32,10,"{'x': 576.4013783864586, 'y': 269.349004714679, 'elapsedTime': 30566.800000071526}",577291790946,2316926585,POINT (0.3002090512429472 0.2493972265876657),,,,,,,,,,,1,
0,32,10,"{'x': 576.4013783864586, 'y': 269.349004714679, 'elapsedTime': 30566.800000071526}",577291807612,2316943251,POINT (0.3002090512429472 0.2493972265876657),,,,,,,,,,,1,
0,32,10,"{'x': 576.4013783864586, 'y': 269.349004714679, 'elapsedTime': 30566.800000071526}",577291824280,2316959918,POINT (0.3002090512429472 0.2493972265876657),,,,,,,,,,,1,
0,32,10,"{'x': 576.4013783864586, 'y': 269.349004714679, 'elapsedTime': 30566.800000071526}",577291840947,2316976585,POINT (0.3002090512429472 0.2493972265876657),,,,,,,,,,,1,
0,32,10,"{'x': 577.6772026680729, 'y': 209.84470532835013, 'elapsedTime': 30618.300000071526}",577291857614,2316993251,POINT (0.300873543056288 0.1943006530818057),,,,,,,,,,,,
0,32,10,"{'x': 577.6772026680729, 'y': 209.84470532835013, 'elapsedTime': 30618.300000071526}",577291874281,2317009918,POINT (0.300873543056288 0.1943006530818057),,,,,,,,,,,,
0,32,10,"{'x': 577.6772026680729, 'y': 209.84470532835013, 'elapsedTime': 30618.300000071526}",577291890954,2317026590,POINT (0.300873543056288 0.1943006530818057),,,,,,,,,,,,
0,32,10,"{'x': 565.6794519106661, 'y': 248.23184208010764, 'elapsedTime': 30678.100000023842}",577291907620,2317043256,POINT (0.2946247145368053 0.2298442982223219),,,,,,,,,,,1,
0,32,10,"{'x': 565.6794519106661, 'y': 248.23184208010764, 'elapsedTime': 30678.100000023842}",577291924288,2317059923,POINT (0.2946247145368053 0.2298442982223219),,,,,,,,,,,1,
0,32,10,"{'x': 565.6794519106661, 'y': 248.23184208010764, 'elapsedTime': 30678.100000023842}",577291940955,2317076590,POINT (0.2946247145368053 0.2298442982223219),,,,,,,,,,,1,
0,32,10,"{'x': 565.6794519106661, 'y': 248.23184208010764, 'elapsedTime': 30678.100000023842}",577291957622,2317093256,POINT (0.2946247145368053 0.2298442982223219),,,,,,,,,,,1,
0,32,10,"{'x': 611.4957301249423, 'y': 214.23614256562587, 'elapsedTime': 30727}",577291974289,2317109923,POINT (0.3184873594400741 0.1983667986718758),,,,,,,,,,,,
0,32,10,"{'x': 611.4957301249423, 'y': 214.23614256562587, 'elapsedTime': 30727}",577291990956,2317126589,POINT (0.3184873594400741 0.1983667986718758),,,,,,,,,,,,
0,32,10,"{'x': 611.4957301249423, 'y': 214.23614256562587, 'elapsedTime': 30727}",577292007623,2317143256,POINT (0.3184873594400741 0.1983667986718758),,,,,,,,,,,,
0,32,10,"{'x': 580.5716534211635, 'y': 247.42334634932297, 'elapsedTime': 30778.700000047684}",577292024296,2317159928,POINT (0.3023810694901893 0.2290956910641879),,,,,,,,,,,1,
0,32,10,"{'x': 580.5716534211635, 'y': 247.42334634932297, 'elapsedTime': 30778.700000047684}",577292040962,2317176594,POINT (0.3023810694901893 0.2290956910641879),,,,,,,,,,,1,
0,32,10,"{'x': 580.5716534211635, 'y': 247.42334634932297, 'elapsedTime': 30778.700000047684}",577292057630,2317193261,POINT (0.3023810694901893 0.2290956910641879),,,,,,,,,,,1,
0,32,10,"{'x': 648.0635198577803, 'y': 290.6377533962855, 'elapsedTime': 30840.100000023842}",577292074297,2317209928,POINT (0.3375330832592606 0.2691090309224866),,,,,,,,,,1,1,
0,32,10,"{'x': 648.0635198577803, 'y': 290.6377533962855, 'elapsedTime': 30840.100000023842}",577292090964,2317226594,POINT (0.3375330832592606 0.2691090309224866),,,,,,,,,,1,1,
0,32,10,"{'x': 648.0635198577803, 'y': 290.6377533962855, 'elapsedTime': 30840.100000023842}",577292107631,2317243261,POINT (0.3375330832592606 0.2691090309224866),,,,,,,,,,1,1,
0,32,10,"{'x': 667.2538365357549, 'y': 343.3163663996477, 'elapsedTime': 30900.200000047684}",577292124299,2317259928,POINT (0.3475280398623724 0.3178855244441182),,,,,,,,,,,,
0,32,10,"{'x': 667.2538365357549, 'y': 343.3163663996477, 'elapsedTime': 30900.200000047684}",577292140968,2317276597,POINT (0.3475280398623724 0.3178855244441182),,,,,,,,,,,,
0,32,10,"{'x': 667.2538365357549, 'y': 343.3163663996477, 'elapsedTime': 30900.200000047684}",577292157636,2317293264,POINT (0.3475280398623724 0.3178855244441182),,,,,,,,,,,,
0,32,10,"{'x': 578.6868536573396, 'y': 406.2545071175119, 'elapsedTime': 30951.300000071526}",577292174303,2317309931,POINT (0.3013994029465311 0.3761615806643628),,,,,,,,,,,,
0,32,10,"{'x': 578.6868536573396, 'y': 406.2545071175119, 'elapsedTime': 30951.300000071526}",577292190970,2317326597,POINT (0.3013994029465311 0.3761615806643628),,,,,,,,,,,,
0,32,10,"{'x': 578.6868536573396, 'y': 406.2545071175119, 'elapsedTime': 30951.300000071526}",577292207637,2317343264,POINT (0.3013994029465311 0.3761615806643628),,,,,,,,,,,,
0,32,10,"{'x': 578.6868536573396, 'y': 406.2545071175119, 'elapsedTime': 30951.300000071526}",577292224305,2317359931,POINT (0.3013994029465311 0.3761615806643628),,,,,,,,,,,,
0,32,10,"{'x': 592.7247928352754, 'y': 399.7582994679275, 'elapsedTime': 31003}",577292240971,2317376597,POINT (0.3087108296017059 0.3701465735814143),,,,,,,,,,,,
0,32,10,"{'x': 592.7247928352754, 'y': 399.7582994679275, 'elapsedTime': 31003}",577292257639,2317393264,POINT (0.3087108296017059 0.3701465735814143),,,,,,,,,,,,
0,32,10,"{'x': 592.7247928352754, 'y': 399.7582994679275, 'elapsedTime': 31003}",577292274312,2317409937,POINT (0.3087108296017059 0.3701465735814143),,,,,,,,,,,,
0,32,10,"{'x': 522.3277883449305, 'y': 362.57462957605014, 'elapsedTime': 31059.399999976158}",577292290979,2317426603,POINT (0.272045723096318 0.3357172496074539),,,,,,,,,,,,
0,32,10,"{'x': 522.3277883449305, 'y': 362.57462957605014, 'elapsedTime': 31059.399999976158}",577292307646,2317443270,POINT (0.272045723096318 0.3357172496074539),,,,,,,,,,,,
0,32,10,"{'x': 522.3277883449305, 'y': 362.57462957605014, 'elapsedTime': 31059.399999976158}",577292324314,2317459937,POINT (0.272045723096318 0.3357172496074539),,,,,,,,,,,,
0,32,10,"{'x': 530.7975509153648, 'y': 378.95421967013175, 'elapsedTime': 31118.300000071526}",577292340980,2317476603,POINT (0.2764570577684192 0.3508835367316035),,,,,,,,,,,,
0,32,10,"{'x': 530.7975509153648, 'y': 378.95421967013175, 'elapsedTime': 31118.300000071526}",577292357648,2317493270,POINT (0.2764570577684192 0.3508835367316035),,,,,,,,,,,,
0,32,10,"{'x': 530.7975509153648, 'y': 378.95421967013175, 'elapsedTime': 31118.300000071526}",577292374315,2317509937,POINT (0.2764570577684192 0.3508835367316035),,,,,,,,,,,,
0,32,10,"{'x': 604.0194456639255, 'y': 442.20347570536984, 'elapsedTime': 31172.600000023842}",577292390982,2317526603,POINT (0.3145934612832945 0.4094476626901572),,,,,,,,,,,,
0,32,10,"{'x': 604.0194456639255, 'y': 442.20347570536984, 'elapsedTime': 31172.600000023842}",577292407649,2317543270,POINT (0.3145934612832945 0.4094476626901572),,,,,,,,,,,,
0,32,10,"{'x': 604.0194456639255, 'y': 442.20347570536984, 'elapsedTime': 31172.600000023842}",577292424317,2317559937,POINT (0.3145934612832945 0.4094476626901572),,,,,,,,,,,,
0,32,10,"{'x': 604.0194456639255, 'y': 442.20347570536984, 'elapsedTime': 31172.600000023842}",577292440984,2317576603,POINT (0.3145934612832945 0.4094476626901572),,,,,,,,,,,,
0,32,10,"{'x': 601.0306575313874, 'y': 403.4848983890229, 'elapsedTime': 31222.700000047684}",577292457651,2317593270,POINT (0.3130368007975976 0.3735971281379841),,,,,,,,,,,,
0,32,10,"{'x': 601.0306575313874, 'y': 403.4848983890229, 'elapsedTime': 31222.700000047684}",577292474319,2317609937,POINT (0.3130368007975976 0.3735971281379841),,,,,,,,,,,,
0,32,10,"{'x': 601.0306575313874, 'y': 403.4848983890229, 'elapsedTime': 31222.700000047684}",577292490985,2317626603,POINT (0.3130368007975976 0.3735971281379841),,,,,,,,,,,,
0,32,10,"{'x': 631.285200295112, 'y': 418.7034506384714, 'elapsedTime': 31277.899999976158}",577292507653,2317643270,POINT (0.3287943751537041 0.3876883802208069),,,,,,,,,,,,
0,32,10,"{'x': 631.285200295112, 'y': 418.7034506384714, 'elapsedTime': 31277.899999976158}",577292524319,2317659936,POINT (0.3287943751537041 0.3876883802208069),,,,,,,,,,,,
0,32,10,"{'x': 631.285200295112, 'y': 418.7034506384714, 'elapsedTime': 31277.899999976158}",577292540997,2317676613,POINT (0.3287943751537041 0.3876883802208069),,,,,,,,,,,,
0,32,10,"{'x': 641.7194510648426, 'y': 392.46770082927253, 'elapsedTime': 31332.800000071526}",577292557664,2317693280,POINT (0.3342288807629388 0.3633960192863634),,,,,,,,,,,,
0,32,10,"{'x': 641.7194510648426, 'y': 392.46770082927253, 'elapsedTime': 31332.800000071526}",577292574331,2317709946,POINT (0.3342288807629388 0.3633960192863634),,,,,,,,,,,,
0,32,10,"{'x': 641.7194510648426, 'y': 392.46770082927253, 'elapsedTime': 31332.800000071526}",577292590998,2317726613,POINT (0.3342288807629388 0.3633960192863634),,,,,,,,,,,,
0,32,10,"{'x': 641.7194510648426, 'y': 392.46770082927253, 'elapsedTime': 31332.800000071526}",577292607666,2317743280,POINT (0.3342288807629388 0.3633960192863634),,,,,,,,,,,,
0,32,10,"{'x': 688.9860087754017, 'y': 436.3168177022194, 'elapsedTime': 31382.700000047684}",577292624332,2317759946,POINT (0.3588468795705218 0.4039970534279809),,,,,,,,,,,,
0,32,10,"{'x': 688.9860087754017, 'y': 436.3168177022194, 'elapsedTime': 31382.700000047684}",577292641000,2317776613,POINT (0.3588468795705218 0.4039970534279809),,,,,,,,,,,,
0,32,10,"{'x': 688.9860087754017, 'y': 436.3168177022194, 'elapsedTime': 31382.700000047684}",577292657667,2317793280,POINT (0.3588468795705218 0.4039970534279809),,,,,,,,,,,,
0,32,10,"{'x': 709.8970915096982, 'y': 467.55601278717097, 'elapsedTime': 31432.200000047684}",577292674337,2317809949,POINT (0.3697380684946345 0.4329222340621953),,,,,,,,,,,,
0,32,10,"{'x': 709.8970915096982, 'y': 467.55601278717097, 'elapsedTime': 31432.200000047684}",577292691004,2317826616,POINT (0.3697380684946345 0.4329222340621953),,,,,,,,,,,,
0,32,10,"{'x': 709.8970915096982, 'y': 467.55601278717097, 'elapsedTime': 31432.200000047684}",577292707672,2317843283,POINT (0.3697380684946345 0.4329222340621953),,,,,,,,,,,,
0,32,10,"{'x': 712.4189652575238, 'y': 508.05198364282865, 'elapsedTime': 31497.700000047684}",577292724338,2317859949,POINT (0.3710515444049604 0.4704185033729895),,,,,,,,,,,,
0,32,10,"{'x': 712.4189652575238, 'y': 508.05198364282865, 'elapsedTime': 31497.700000047684}",577292741006,2317876616,POINT (0.3710515444049604 0.4704185033729895),,,,,,,,,,,,
0,32,10,"{'x': 712.4189652575238, 'y': 508.05198364282865, 'elapsedTime': 31497.700000047684}",577292757673,2317893283,POINT (0.3710515444049604 0.4704185033729895),,,,,,,,,,,,
0,32,10,"{'x': 690.527086990033, 'y': 508.92533363774794, 'elapsedTime': 31544}",577292774340,2317909949,POINT (0.3596495244739755 0.4712271607756925),,,,,,,,,,,,
0,32,10,"{'x': 690.527086990033, 'y': 508.92533363774794, 'elapsedTime': 31544}",577292791007,2317926616,POINT (0.3596495244739755 0.4712271607756925),,,,,,,,,,,,
0,32,10,"{'x': 690.527086990033, 'y': 508.92533363774794, 'elapsedTime': 31544}",577292807680,2317943288,POINT (0.3596495244739755 0.4712271607756925),,,,,,,,,,,,
0,32,10,"{'x': 669.5319373470314, 'y': 500.5008602158424, 'elapsedTime': 31594.100000023842}",577292824346,2317959954,POINT (0.3487145507015789 0.4634267224220763),,,,,,,,,,,,
0,32,10,"{'x': 669.5319373470314, 'y': 500.5008602158424, 'elapsedTime': 31594.100000023842}",577292841014,2317976621,POINT (0.3487145507015789 0.4634267224220763),,,,,,,,,,,,
0,32,10,"{'x': 669.5319373470314, 'y': 500.5008602158424, 'elapsedTime': 31594.100000023842}",577292857681,2317993288,POINT (0.3487145507015789 0.4634267224220763),,,,,,,,,,,,
0,32,10,"{'x': 659.8179970860294, 'y': 468.2091677252435, 'elapsedTime': 31647.700000047684}",577292874348,2318009954,POINT (0.3436552068156403 0.4335270071530032),,,,,,,,,,,,
0,32,10,"{'x': 659.8179970860294, 'y': 468.2091677252435, 'elapsedTime': 31647.700000047684}",577292891015,2318026621,POINT (0.3436552068156403 0.4335270071530032),,,,,,,,,,,,
0,32,10,"{'x': 659.8179970860294, 'y': 468.2091677252435, 'elapsedTime': 31647.700000047684}",577292907683,2318043288,POINT (0.3436552068156403 0.4335270071530032),,,,,,,,,,,,
0,32,10,"{'x': 673.5132501434152, 'y': 463.6439856307738, 'elapsedTime': 31697.100000023842}",577292924349,2318059954,POINT (0.3507881511163621 0.4292999866951609),,,,,,,,,,,,
0,32,10,"{'x': 673.5132501434152, 'y': 463.6439856307738, 'elapsedTime': 31697.100000023842}",577292941022,2318076626,POINT (0.3507881511163621 0.4292999866951609),,,,,,,,,,,,
0,32,10,"{'x': 673.5132501434152, 'y': 463.6439856307738, 'elapsedTime': 31697.100000023842}",577292957689,2318093293,POINT (0.3507881511163621 0.4292999866951609),,,,,,,,,,,,
0,32,10,"{'x': 710.1959214486018, 'y': 452.75374976020385, 'elapsedTime': 31744.800000071526}",577292974356,2318109959,POINT (0.3698937090878134 0.4192164349631517),,,,,,,,,,,,
0,32,10,"{'x': 710.1959214486018, 'y': 452.75374976020385, 'elapsedTime': 31744.800000071526}",577292991023,2318126626,POINT (0.3698937090878134 0.4192164349631517),,,,,,,,,,,,
0,32,10,"{'x': 710.1959214486018, 'y': 452.75374976020385, 'elapsedTime': 31744.800000071526}",577293007691,2318143293,POINT (0.3698937090878134 0.4192164349631517),,,,,,,,,,,,
0,32,10,"{'x': 749.1883146622497, 'y': 401.5633331927934, 'elapsedTime': 31795}",577293024357,2318159959,POINT (0.3902022472199217 0.3718179011044383),,,,,,,,,,,,
0,32,10,"{'x': 749.1883146622497, 'y': 401.5633331927934, 'elapsedTime': 31795}",577293041025,2318176626,POINT (0.3902022472199217 0.3718179011044383),,,,,,,,,,,,
0,32,10,"{'x': 749.1883146622497, 'y': 401.5633331927934, 'elapsedTime': 31795}",577293057691,2318193292,POINT (0.3902022472199217 0.3718179011044383),,,,,,,,,,,,
0,32,10,"{'x': 660.7997340678002, 'y': 414.75666188319724, 'elapsedTime': 31851.700000047684}",577293074364,2318209964,POINT (0.3441665281603126 0.3840339461881456),,,,,,,,,,,,
0,32,10,"{'x': 660.7997340678002, 'y': 414.75666188319724, 'elapsedTime': 31851.700000047684}",577293091032,2318226631,POINT (0.3441665281603126 0.3840339461881456),,,,,,,,,,,,
0,32,10,"{'x': 660.7997340678002, 'y': 414.75666188319724, 'elapsedTime': 31851.700000047684}",577293107698,2318243297,POINT (0.3441665281603126 0.3840339461881456),,,,,,,,,,,,
0,32,10,"{'x': 684.4984755500227, 'y': 406.08929721004085, 'elapsedTime': 31898}",577293124366,2318259964,POINT (0.3565096226823035 0.3760086085278156),,,,,,,,,,,,
0,32,10,"{'x': 684.4984755500227, 'y': 406.08929721004085, 'elapsedTime': 31898}",577293141033,2318276631,POINT (0.3565096226823035 0.3760086085278156),,,,,,,,,,,,
0,32,10,"{'x': 684.4984755500227, 'y': 406.08929721004085, 'elapsedTime': 31898}",577293157700,2318293297,POINT (0.3565096226823035 0.3760086085278156),,,,,,,,,,,,
0,32,10,"{'x': 684.4984755500227, 'y': 406.08929721004085, 'elapsedTime': 31898}",577293174367,2318309964,POINT (0.3565096226823035 0.3760086085278156),,,,,,,,,,,,
0,32,10,"{'x': 762.0037344184681, 'y': 362.5299360378818, 'elapsedTime': 31953.700000047684}",577293191039,2318326635,POINT (0.3968769450096188 0.3356758667017424),,,,,,,,,,,,
0,32,10,"{'x': 762.0037344184681, 'y': 362.5299360378818, 'elapsedTime': 31953.700000047684}",577293207705,2318343301,POINT (0.3968769450096188 0.3356758667017424),,,,,,,,,,,,
0,32,10,"{'x': 762.0037344184681, 'y': 362.5299360378818, 'elapsedTime': 31953.700000047684}",577293224373,2318359968,POINT (0.3968769450096188 0.3356758667017424),,,,,,,,,,,,
0,32,10,"{'x': 771.7353567571784, 'y': 362.1484351193265, 'elapsedTime': 32010.200000047684}",577293241040,2318376635,POINT (0.4019454983110304 0.3353226251104875),,,,,,,,,,,1,
0,32,10,"{'x': 771.7353567571784, 'y': 362.1484351193265, 'elapsedTime': 32010.200000047684}",577293257707,2318393301,POINT (0.4019454983110304 0.3353226251104875),,,,,,,,,,,1,
0,32,10,"{'x': 771.7353567571784, 'y': 362.1484351193265, 'elapsedTime': 32010.200000047684}",577293274374,2318409968,POINT (0.4019454983110304 0.3353226251104875),,,,,,,,,,,1,
0,32,10,"{'x': 761.299799444196, 'y': 367.7213406556433, 'elapsedTime': 32064.600000023842}",577293291042,2318426635,POINT (0.3965103122105187 0.3404827228292994),,,,,,,,,,,,
0,32,10,"{'x': 761.299799444196, 'y': 367.7213406556433, 'elapsedTime': 32064.600000023842}",577293307708,2318443301,POINT (0.3965103122105187 0.3404827228292994),,,,,,,,,,,,
0,32,10,"{'x': 761.299799444196, 'y': 367.7213406556433, 'elapsedTime': 32064.600000023842}",577293324379,2318459971,POINT (0.3965103122105187 0.3404827228292994),,,,,,,,,,,,
0,32,10,"{'x': 736.6521382829181, 'y': 313.27459230627244, 'elapsedTime': 32112.800000071526}",577293341046,2318476638,POINT (0.3836729886890199 0.2900690669502522),,,,,,,,,,1,1,
0,32,10,"{'x': 736.6521382829181, 'y': 313.27459230627244, 'elapsedTime': 32112.800000071526}",577293357714,2318493305,POINT (0.3836729886890199 0.2900690669502522),,,,,,,,,,1,1,
0,32,10,"{'x': 736.6521382829181, 'y': 313.27459230627244, 'elapsedTime': 32112.800000071526}",577293374381,2318509972,POINT (0.3836729886890199 0.2900690669502522),,,,,,,,,,1,1,
0,32,10,"{'x': 767.0493409107125, 'y': 349.41491339185245, 'elapsedTime': 32161}",577293391048,2318526638,POINT (0.3995048650576628 0.3235323272146782),,,,,,,,,,,1,
0,32,10,"{'x': 767.0493409107125, 'y': 349.41491339185245, 'elapsedTime': 32161}",577293407715,2318543305,POINT (0.3995048650576628 0.3235323272146782),,,,,,,,,,,1,
0,32,10,"{'x': 767.0493409107125, 'y': 349.41491339185245, 'elapsedTime': 32161}",577293424382,2318559971,POINT (0.3995048650576628 0.3235323272146782),,,,,,,,,,,1,
0,32,10,"{'x': 757.9134378638487, 'y': 379.8757487916143, 'elapsedTime': 32212.899999976158}",577293441050,2318576639,POINT (0.3947465822207545 0.3517368044366799),,,,,,,,,,,,
0,32,10,"{'x': 757.9134378638487, 'y': 379.8757487916143, 'elapsedTime': 32212.899999976158}",577293457723,2318593311,POINT (0.3947465822207545 0.3517368044366799),,,,,,,,,,,,
0,32,10,"{'x': 757.9134378638487, 'y': 379.8757487916143, 'elapsedTime': 32212.899999976158}",577293474389,2318609977,POINT (0.3947465822207545 0.3517368044366799),,,,,,,,,,,,
0,32,10,"{'x': 772.825057856317, 'y': 361.9974632177724, 'elapsedTime': 32264.700000047684}",577293491058,2318626645,POINT (0.4025130509668318 0.3351828363127522),,,,,,,,,,,1,
0,32,10,"{'x': 772.825057856317, 'y': 361.9974632177724, 'elapsedTime': 32264.700000047684}",577293507724,2318643311,POINT (0.4025130509668318 0.3351828363127522),,,,,,,,,,,1,
0,32,10,"{'x': 772.825057856317, 'y': 361.9974632177724, 'elapsedTime': 32264.700000047684}",577293524391,2318659977,POINT (0.4025130509668318 0.3351828363127522),,,,,,,,,,,1,
0,32,10,"{'x': 750.6247781783043, 'y': 392.9599583990426, 'elapsedTime': 32314.800000071526}",577293541059,2318676645,POINT (0.3909504053012001 0.3638518133324468),,,,,,,,,,,,
0,32,10,"{'x': 632.0672435032177, 'y': 383.8082377097579, 'elapsedTime': 32362.700000047684}",577293557726,2318693311,POINT (0.3292016893245925 0.3553779978794055),,,,,,,,,,,,
0,32,10,"{'x': 632.0672435032177, 'y': 383.8082377097579, 'elapsedTime': 32362.700000047684}",577293574393,2318709978,POINT (0.3292016893245925 0.3553779978794055),,,,,,,,,,,,
0,32,10,"{'x': 632.0672435032177, 'y': 383.8082377097579, 'elapsedTime': 32362.700000047684}",577293591064,2318726648,POINT (0.3292016893245925 0.3553779978794055),,,,,,,,,,,,
0,32,10,"{'x': 632.0672435032177, 'y': 383.8082377097579, 'elapsedTime': 32362.700000047684}",577293607731,2318743315,POINT (0.3292016893245925 0.3553779978794055),,,,,,,,,,,,
0,32,10,"{'x': 632.0672435032177, 'y': 383.8082377097579, 'elapsedTime': 32362.700000047684}",577293624399,2318759982,POINT (0.3292016893245925 0.3553779978794055),,,,,,,,,,,,
0,32,10,"{'x': 653.7714549727931, 'y': 381.3269892950598, 'elapsedTime': 32414.100000023842}",577293641065,2318776648,POINT (0.3405059661316631 0.3530805456435739),,,,,,,,,,,,
0,32,10,"{'x': 653.7714549727931, 'y': 381.3269892950598, 'elapsedTime': 32414.100000023842}",577293657733,2318793315,POINT (0.3405059661316631 0.3530805456435739),,,,,,,,,,,,
0,32,10,"{'x': 653.7714549727931, 'y': 381.3269892950598, 'elapsedTime': 32414.100000023842}",577293674400,2318809982,POINT (0.3405059661316631 0.3530805456435739),,,,,,,,,,,,
0,32,10,"{'x': 653.7714549727931, 'y': 381.3269892950598, 'elapsedTime': 32414.100000023842}",577293691067,2318826648,POINT (0.3405059661316631 0.3530805456435739),,,,,,,,,,,,
0,32,10,"{'x': 613.0230189547555, 'y': 357.743187500991, 'elapsedTime': 32466}",577293707735,2318843315,POINT (0.3192828223722685 0.3312436921305472),,,,,,,,,,,,
0,32,10,"{'x': 613.0230189547555, 'y': 357.743187500991, 'elapsedTime': 32466}",577293724406,2318859986,POINT (0.3192828223722685 0.3312436921305472),,,,,,,,,,,,
0,32,10,"{'x': 613.0230189547555, 'y': 357.743187500991, 'elapsedTime': 32466}",577293741073,2318876652,POINT (0.3192828223722685 0.3312436921305472),,,,,,,,,,,,
0,32,10,"{'x': 552.5723296693594, 'y': 279.3612746765864, 'elapsedTime': 32521.700000047684}",577293757740,2318893319,POINT (0.287798088369458 0.2586678469227652),,,,,,,,,,,1,
0,32,10,"{'x': 552.5723296693594, 'y': 279.3612746765864, 'elapsedTime': 32521.700000047684}",577293774407,2318909985,POINT (0.287798088369458 0.2586678469227652),,,,,,,,,,,1,
0,32,10,"{'x': 552.5723296693594, 'y': 279.3612746765864, 'elapsedTime': 32521.700000047684}",577293791074,2318926652,POINT (0.287798088369458 0.2586678469227652),,,,,,,,,,,1,
0,32,10,"{'x': 529.281817218025, 'y': 327.26941468588143, 'elapsedTime': 32578.399999976158}",577293807742,2318943319,POINT (0.275667613134388 0.3030272358202606),,,,,,,,,,,,
0,32,10,"{'x': 529.281817218025, 'y': 327.26941468588143, 'elapsedTime': 32578.399999976158}",577293824409,2318959986,POINT (0.275667613134388 0.3030272358202606),,,,,,,,,,,,
0,32,10,"{'x': 529.281817218025, 'y': 327.26941468588143, 'elapsedTime': 32578.399999976158}",577293841076,2318976652,POINT (0.275667613134388 0.3030272358202606),,,,,,,,,,,,
0,32,10,"{'x': 511.13216631314395, 'y': 328.068262034967, 'elapsedTime': 32628.200000047684}",577293857745,2318993321,POINT (0.2662146699547624 0.3037669092916361),,,,,,,,,,,,
0,32,10,"{'x': 511.13216631314395, 'y': 328.068262034967, 'elapsedTime': 32628.200000047684}",577293874413,2319009988,POINT (0.2662146699547624 0.3037669092916361),,,,,,,,,,,,
0,32,10,"{'x': 511.13216631314395, 'y': 328.068262034967, 'elapsedTime': 32628.200000047684}",577293891079,2319026654,POINT (0.2662146699547624 0.3037669092916361),,,,,,,,,,,,
0,32,10,"{'x': 552.3408629833232, 'y': 283.3048669401337, 'elapsedTime': 32680}",577293907746,2319043320,POINT (0.2876775328038141 0.2623193212408645),,,,,,,,,,,1,
0,32,10,"{'x': 552.3408629833232, 'y': 283.3048669401337, 'elapsedTime': 32680}",577293924414,2319059988,POINT (0.2876775328038141 0.2623193212408645),,,,,,,,,,,1,
0,32,10,"{'x': 552.3408629833232, 'y': 283.3048669401337, 'elapsedTime': 32680}",577293941081,2319076654,POINT (0.2876775328038141 0.2623193212408645),,,,,,,,,,,1,
0,32,10,"{'x': 552.3408629833232, 'y': 283.3048669401337, 'elapsedTime': 32680}",577293957747,2319093320,POINT (0.2876775328038141 0.2623193212408645),,,,,,,,,,,1,
0,32,10,"{'x': 532.9710891787004, 'y': 270.3688828174997, 'elapsedTime': 32733.100000023842}",577293974416,2319109988,POINT (0.2775891089472398 0.2503415581643516),,,,,,,,,,,1,
0,32,10,"{'x': 532.9710891787004, 'y': 270.3688828174997, 'elapsedTime': 32733.100000023842}",577293991091,2319126663,POINT (0.2775891089472398 0.2503415581643516),,,,,,,,,,,1,
0,32,10,"{'x': 532.9710891787004, 'y': 270.3688828174997, 'elapsedTime': 32733.100000023842}",577294007759,2319143330,POINT (0.2775891089472398 0.2503415581643516),,,,,,,,,,,1,
0,32,10,"{'x': 579.0837355758688, 'y': 251.92919540016933, 'elapsedTime': 32785}",577294024426,2319159997,POINT (0.3016061122790983 0.2332677735186753),,,,,,,,,,,1,
0,32,10,"{'x': 579.0837355758688, 'y': 251.92919540016933, 'elapsedTime': 32785}",577294041093,2319176663,POINT (0.3016061122790983 0.2332677735186753),,,,,,,,,,,1,
0,32,10,"{'x': 579.0837355758688, 'y': 251.92919540016933, 'elapsedTime': 32785}",577294057760,2319193330,POINT (0.3016061122790983 0.2332677735186753),,,,,,,,,,,1,
0,32,10,"{'x': 549.8619536339962, 'y': 251.0959455543948, 'elapsedTime': 32847.10000002384}",577294074428,2319209997,POINT (0.286386434184373 0.2324962458836989),,,,,,,,,,,1,
0,32,10,"{'x': 549.8619536339962, 'y': 251.0959455543948, 'elapsedTime': 32847.10000002384}",577294091094,2319226663,POINT (0.286386434184373 0.2324962458836989),,,,,,,,,,,1,
0,32,10,"{'x': 549.8619536339962, 'y': 251.0959455543948, 'elapsedTime': 32847.10000002384}",577294107765,2319243333,POINT (0.286386434184373 0.2324962458836989),,,,,,,,,,,1,
0,32,10,"{'x': 461.35681385442285, 'y': 351.98647296423997, 'elapsedTime': 32900.39999997616}",577294124432,2319260000,POINT (0.2402900072158452 0.3259134008928148),,,,,,,,,,,,
0,32,10,"{'x': 461.35681385442285, 'y': 351.98647296423997, 'elapsedTime': 32900.39999997616}",577294141100,2319276667,POINT (0.2402900072158452 0.3259134008928148),,,,,,,,,,,,
0,32,10,"{'x': 461.35681385442285, 'y': 351.98647296423997, 'elapsedTime': 32900.39999997616}",577294157765,2319293332,POINT (0.2402900072158452 0.3259134008928148),,,,,,,,,,,,
0,32,10,"{'x': 486.98442613288097, 'y': 349.66793684591426, 'elapsedTime': 32950.5}",577294174435,2319310001,POINT (0.2536377219442089 0.3237666081906613),,,,,,,,,,,,
0,32,10,"{'x': 486.98442613288097, 'y': 349.66793684591426, 'elapsedTime': 32950.5}",577294191101,2319326667,POINT (0.2536377219442089 0.3237666081906613),,,,,,,,,,,,
0,32,10,"{'x': 486.98442613288097, 'y': 349.66793684591426, 'elapsedTime': 32950.5}",577294207768,2319343333,POINT (0.2536377219442089 0.3237666081906613),,,,,,,,,,,,
0,32,10,"{'x': 572.78536460689, 'y': 416.07433648550693, 'elapsedTime': 33002.200000047684}",577294224435,2319360000,POINT (0.2983257107327552 0.3852540152643583),,,,,,,,,,,,
0,32,10,"{'x': 572.78536460689, 'y': 416.07433648550693, 'elapsedTime': 33002.200000047684}",577294241108,2319376672,POINT (0.2983257107327552 0.3852540152643583),,,,,,,,,,,,
0,32,10,"{'x': 572.78536460689, 'y': 416.07433648550693, 'elapsedTime': 33002.200000047684}",577294257775,2319393339,POINT (0.2983257107327552 0.3852540152643583),,,,,,,,,,,,
0,32,10,"{'x': 572.78536460689, 'y': 416.07433648550693, 'elapsedTime': 33002.200000047684}",577294274442,2319410005,POINT (0.2983257107327552 0.3852540152643583),,,,,,,,,,,,
0,32,10,"{'x': 615.7889374283377, 'y': 415.682843387283, 'elapsedTime': 33053.60000002384}",577294291109,2319426672,POINT (0.3207234049105925 0.3848915216548917),,,,,,,,,,,,
0,32,10,"{'x': 615.7889374283377, 'y': 415.682843387283, 'elapsedTime': 33053.60000002384}",577294307776,2319443338,POINT (0.3207234049105925 0.3848915216548917),,,,,,,,,,,,
0,32,10,"{'x': 615.7889374283377, 'y': 415.682843387283, 'elapsedTime': 33053.60000002384}",577294324443,2319460005,POINT (0.3207234049105925 0.3848915216548917),,,,,,,,,,,,
0,32,10,"{'x': 615.7889374283377, 'y': 415.682843387283, 'elapsedTime': 33053.60000002384}",577294341111,2319476672,POINT (0.3207234049105925 0.3848915216548917),,,,,,,,,,,,
0,32,10,"{'x': 573.1017706773616, 'y': 399.870285581303, 'elapsedTime': 33118.89999997616}",577294357779,2319493339,POINT (0.2984905055611258 0.3702502644271324),,,,,,,,,,,,
0,32,10,"{'x': 573.1017706773616, 'y': 399.870285581303, 'elapsedTime': 33118.89999997616}",577294374449,2319510009,POINT (0.2984905055611258 0.3702502644271324),,,,,,,,,,,,
0,32,10,"{'x': 573.1017706773616, 'y': 399.870285581303, 'elapsedTime': 33118.89999997616}",577294391117,2319526676,POINT (0.2984905055611258 0.3702502644271324),,,,,,,,,,,,
0,32,10,"{'x': 613.6481331358187, 'y': 325.1350482706091, 'elapsedTime': 33177.5}",577294407784,2319543343,POINT (0.3196084026749056 0.3010509706209343),,,,,,,,,,,1,
0,32,10,"{'x': 613.6481331358187, 'y': 325.1350482706091, 'elapsedTime': 33177.5}",577294424451,2319560009,POINT (0.3196084026749056 0.3010509706209343),,,,,,,,,,,1,
0,32,10,"{'x': 613.6481331358187, 'y': 325.1350482706091, 'elapsedTime': 33177.5}",577294441118,2319576676,POINT (0.3196084026749056 0.3010509706209343),,,,,,,,,,,1,
0,32,10,"{'x': 584.2136881393071, 'y': 274.32987489143346, 'elapsedTime': 33228.800000071526}",577294457786,2319593343,POINT (0.3042779625725558 0.254009143417994),,,,,,,,,,,1,
0,32,10,"{'x': 584.2136881393071, 'y': 274.32987489143346, 'elapsedTime': 33228.800000071526}",577294474452,2319610009,POINT (0.3042779625725558 0.254009143417994),,,,,,,,,,,1,
0,32,10,"{'x': 584.2136881393071, 'y': 274.32987489143346, 'elapsedTime': 33228.800000071526}",577294491120,2319626676,POINT (0.3042779625725558 0.254009143417994),,,,,,,,,,,1,
0,32,10,"{'x': 628.8760047202021, 'y': 233.22672120479422, 'elapsedTime': 33280.39999997616}",577294507793,2319643349,POINT (0.327539585791772 0.2159506677822169),,,,,,,,,,,1,
0,32,10,"{'x': 628.8760047202021, 'y': 233.22672120479422, 'elapsedTime': 33280.39999997616}",577294524460,2319660015,POINT (0.327539585791772 0.2159506677822169),,,,,,,,,,,1,
0,32,10,"{'x': 628.8760047202021, 'y': 233.22672120479422, 'elapsedTime': 33280.39999997616}",577294541127,2319676682,POINT (0.327539585791772 0.2159506677822169),,,,,,,,,,,1,
0,32,10,"{'x': 618.8328747598006, 'y': 178.6446880903202, 'elapsedTime': 33336.200000047684}",577294557795,2319693349,POINT (0.3223087889373961 0.165411748231778),,,,,,,,,,1,,
0,32,10,"{'x': 618.8328747598006, 'y': 178.6446880903202, 'elapsedTime': 33336.200000047684}",577294574461,2319710015,POINT (0.3223087889373961 0.165411748231778),,,,,,,,,,1,,
0,32,10,"{'x': 618.8328747598006, 'y': 178.6446880903202, 'elapsedTime': 33336.200000047684}",577294591129,2319726682,POINT (0.3223087889373961 0.165411748231778),,,,,,,,,,1,,
0,32,10,"{'x': 618.8328747598006, 'y': 178.6446880903202, 'elapsedTime': 33336.200000047684}",577294607795,2319743348,POINT (0.3223087889373961 0.165411748231778),,,,,,,,,,1,,
0,32,10,"{'x': 671.2107020189418, 'y': 223.8144486056845, 'elapsedTime': 33390.5}",577294624463,2319760015,POINT (0.3495889073015322 0.207235600560819),,,,,,,,,,,,
0,32,10,"{'x': 671.2107020189418, 'y': 223.8144486056845, 'elapsedTime': 33390.5}",577294641131,2319776683,POINT (0.3495889073015322 0.207235600560819),,,,,,,,,,,,
0,32,10,"{'x': 671.2107020189418, 'y': 223.8144486056845, 'elapsedTime': 33390.5}",577294657798,2319793349,POINT (0.3495889073015322 0.207235600560819),,,,,,,,,,,,
0,32,10,"{'x': 658.3877306545875, 'y': 235.8702166851055, 'elapsedTime': 33441.200000047684}",577294674465,2319810016,POINT (0.3429102763825976 0.2183983487825051),,,,,,,,,,,1,
0,32,10,"{'x': 658.3877306545875, 'y': 235.8702166851055, 'elapsedTime': 33441.200000047684}",577294691133,2319826683,POINT (0.3429102763825976 0.2183983487825051),,,,,,,,,,,1,
0,32,10,"{'x': 658.3877306545875, 'y': 235.8702166851055, 'elapsedTime': 33441.200000047684}",577294707799,2319843349,POINT (0.3429102763825976 0.2183983487825051),,,,,,,,,,,1,
0,32,10,"{'x': 664.9754801185014, 'y': 270.7248975294271, 'elapsedTime': 33493.200000047684}",577294724467,2319860016,POINT (0.3463413958950528 0.2506712014161362),,,,,,,,,,,1,
0,32,10,"{'x': 664.9754801185014, 'y': 270.7248975294271, 'elapsedTime': 33493.200000047684}",577294741134,2319876683,POINT (0.3463413958950528 0.2506712014161362),,,,,,,,,,,1,
0,32,10,"{'x': 664.9754801185014, 'y': 270.7248975294271, 'elapsedTime': 33493.200000047684}",577294757801,2319893349,POINT (0.3463413958950528 0.2506712014161362),,,,,,,,,,,1,
0,32,10,"{'x': 714.3970706039692, 'y': 308.06860101626967, 'elapsedTime': 33545.800000071526}",577294774475,2319910023,POINT (0.3720818076062339 0.2852487046446942),,,,,,,,,,1,1,
0,32,10,"{'x': 714.3970706039692, 'y': 308.06860101626967, 'elapsedTime': 33545.800000071526}",577294791142,2319926689,POINT (0.3720818076062339 0.2852487046446942),,,,,,,,,,1,1,
0,32,10,"{'x': 714.3970706039692, 'y': 308.06860101626967, 'elapsedTime': 33545.800000071526}",577294807809,2319943356,POINT (0.3720818076062339 0.2852487046446942),,,,,,,,,,1,1,
0,32,10,"{'x': 714.3970706039692, 'y': 308.06860101626967, 'elapsedTime': 33545.800000071526}",577294824477,2319960023,POINT (0.3720818076062339 0.2852487046446942),,,,,,,,,,1,1,
0,32,10,"{'x': 752.3643594035173, 'y': 294.9784581145648, 'elapsedTime': 33602}",577294841143,2319976689,POINT (0.3918564371893319 0.2731282019579304),,,,,,,,,,1,1,
0,32,10,"{'x': 752.3643594035173, 'y': 294.9784581145648, 'elapsedTime': 33602}",577294857811,2319993356,POINT (0.3918564371893319 0.2731282019579304),,,,,,,,,,1,1,
0,32,10,"{'x': 749.5346052956282, 'y': 259.81779531991197, 'elapsedTime': 33652.200000047684}",577294874478,2320010023,POINT (0.3903826069248064 0.2405720327036222),,,,,,,,,,,1,
0,32,10,"{'x': 749.5346052956282, 'y': 259.81779531991197, 'elapsedTime': 33652.200000047684}",577294891146,2320026690,POINT (0.3903826069248064 0.2405720327036222),,,,,,,,,,,1,
0,32,10,"{'x': 749.5346052956282, 'y': 259.81779531991197, 'elapsedTime': 33652.200000047684}",577294907816,2320043360,POINT (0.3903826069248064 0.2405720327036222),,,,,,,,,,,1,
0,32,10,"{'x': 749.5346052956282, 'y': 259.81779531991197, 'elapsedTime': 33652.200000047684}",577294924483,2320060026,POINT (0.3903826069248064 0.2405720327036222),,,,,,,,,,,1,
0,32,10,"{'x': 793.0214971122803, 'y': 278.42609178524907, 'elapsedTime': 33705}",577294941151,2320076694,POINT (0.4130320297459793 0.2578019368381936),,,,,,,,,,1,1,
0,32,10,"{'x': 793.0214971122803, 'y': 278.42609178524907, 'elapsedTime': 33705}",577294957818,2320093360,POINT (0.4130320297459793 0.2578019368381936),,,,,,,,,,1,1,
0,32,10,"{'x': 793.0214971122803, 'y': 278.42609178524907, 'elapsedTime': 33705}",577294974486,2320110027,POINT (0.4130320297459793 0.2578019368381936),,,,,,,,,,1,1,
0,32,10,"{'x': 735.4232689094233, 'y': 287.35540485984103, 'elapsedTime': 33756.39999997616}",577294991152,2320126693,POINT (0.3830329525569913 0.2660698193146676),,,,,,,,,,1,1,
0,32,10,"{'x': 735.4232689094233, 'y': 287.35540485984103, 'elapsedTime': 33756.39999997616}",577295007820,2320143360,POINT (0.3830329525569913 0.2660698193146676),,,,,,,,,,1,1,
0,32,10,"{'x': 735.4232689094233, 'y': 287.35540485984103, 'elapsedTime': 33756.39999997616}",577295024486,2320160026,POINT (0.3830329525569913 0.2660698193146676),,,,,,,,,,1,1,
0,32,10,"{'x': 692.4359826277648, 'y': 324.05532897094685, 'elapsedTime': 33804.89999997616}",577295041160,2320176699,POINT (0.3606437409519608 0.3000512305286545),,,,,,,,,,,1,
0,32,10,"{'x': 692.4359826277648, 'y': 324.05532897094685, 'elapsedTime': 33804.89999997616}",577295057826,2320193365,POINT (0.3606437409519608 0.3000512305286545),,,,,,,,,,,1,
0,32,10,"{'x': 692.4359826277648, 'y': 324.05532897094685, 'elapsedTime': 33804.89999997616}",577295074494,2320210032,POINT (0.3606437409519608 0.3000512305286545),,,,,,,,,,,1,
0,32,10,"{'x': 692.4359826277648, 'y': 324.05532897094685, 'elapsedTime': 33804.89999997616}",577295091160,2320226698,POINT (0.3606437409519608 0.3000512305286545),,,,,,,,,,,1,
0,32,10,"{'x': 771.7844039129674, 'y': 411.16013913816386, 'elapsedTime': 33867.5}",577295107828,2320243365,POINT (0.4019710437046705 0.3807038325353369),,,,,,,,,,,,
0,32,10,"{'x': 771.7844039129674, 'y': 411.16013913816386, 'elapsedTime': 33867.5}",577295124495,2320260032,POINT (0.4019710437046705 0.3807038325353369),,,,,,,,,,,,
0,32,10,"{'x': 771.7844039129674, 'y': 411.16013913816386, 'elapsedTime': 33867.5}",577295141162,2320276698,POINT (0.4019710437046705 0.3807038325353369),,,,,,,,,,,,
0,32,10,"{'x': 722.521638813083, 'y': 453.3519029333905, 'elapsedTime': 33926.10000002384}",577295157833,2320293369,POINT (0.3763133535484807 0.41977028049388),,,,,,,,,,,,
0,32,10,"{'x': 722.521638813083, 'y': 453.3519029333905, 'elapsedTime': 33926.10000002384}",577295174500,2320310035,POINT (0.3763133535484807 0.41977028049388),,,,,,,,,,,,
0,32,10,"{'x': 722.521638813083, 'y': 453.3519029333905, 'elapsedTime': 33926.10000002384}",577295191168,2320326703,POINT (0.3763133535484807 0.41977028049388),,,,,,,,,,,,
0,32,10,"{'x': 685.8578101273098, 'y': 434.5354294343006, 'elapsedTime': 33976.300000071526}",577295207835,2320343369,POINT (0.3572176094413072 0.4023476198465746),,,,,,,,,,,,
0,32,10,"{'x': 685.8578101273098, 'y': 434.5354294343006, 'elapsedTime': 33976.300000071526}",577295224501,2320360035,POINT (0.3572176094413072 0.4023476198465746),,,,,,,,,,,,
0,32,10,"{'x': 685.8578101273098, 'y': 434.5354294343006, 'elapsedTime': 33976.300000071526}",577295241169,2320376702,POINT (0.3572176094413072 0.4023476198465746),,,,,,,,,,,,
0,32,10,"{'x': 650.732049297068, 'y': 426.5337380840204, 'elapsedTime': 34025.800000071526}",577295257836,2320393369,POINT (0.3389229423422229 0.394938646374093),,,,,,,,,,,,
0,32,10,"{'x': 650.732049297068, 'y': 426.5337380840204, 'elapsedTime': 34025.800000071526}",577295274504,2320410036,POINT (0.3389229423422229 0.394938646374093),,,,,,,,,,,,
0,32,10,"{'x': 650.732049297068, 'y': 426.5337380840204, 'elapsedTime': 34025.800000071526}",577295291175,2320426707,POINT (0.3389229423422229 0.394938646374093),,,,,,,,,,,,
0,32,10,"{'x': 647.4159017739617, 'y': 370.0537780297117, 'elapsedTime': 34078}",577295307843,2320443374,POINT (0.3371957821739384 0.3426423870645479),,,,,,,,,,,,
0,32,10,"{'x': 647.4159017739617, 'y': 370.0537780297117, 'elapsedTime': 34078}",577295324510,2320460041,POINT (0.3371957821739384 0.3426423870645479),,,,,,,,,,,,
0,32,10,"{'x': 647.4159017739617, 'y': 370.0537780297117, 'elapsedTime': 34078}",577295341177,2320476707,POINT (0.3371957821739384 0.3426423870645479),,,,,,,,,,,,
0,32,10,"{'x': 612.7902529228115, 'y': 347.36123354196064, 'elapsedTime': 34126.200000047684}",577295357844,2320493374,POINT (0.3191615900639643 0.3216307717981117),,,,,,,,,,,,
0,32,10,"{'x': 612.7902529228115, 'y': 347.36123354196064, 'elapsedTime': 34126.200000047684}",577295374511,2320510040,POINT (0.3191615900639643 0.3216307717981117),,,,,,,,,,,,
0,32,10,"{'x': 612.7902529228115, 'y': 347.36123354196064, 'elapsedTime': 34126.200000047684}",577295391178,2320526707,POINT (0.3191615900639643 0.3216307717981117),,,,,,,,,,,,
0,32,10,"{'x': 705.1012270369362, 'y': 378.63384919429296, 'elapsedTime': 34181.300000071526}",577295407845,2320543373,POINT (0.3672402224150709 0.3505868974021231),,,,,,,,,,,,
0,32,10,"{'x': 705.1012270369362, 'y': 378.63384919429296, 'elapsedTime': 34181.300000071526}",577295424517,2320560045,POINT (0.3672402224150709 0.3505868974021231),,,,,,,,,,,,
0,32,10,"{'x': 705.1012270369362, 'y': 378.63384919429296, 'elapsedTime': 34181.300000071526}",577295441185,2320576712,POINT (0.3672402224150709 0.3505868974021231),,,,,,,,,,,,
0,32,10,"{'x': 729.1127735289056, 'y': 427.93047345731026, 'elapsedTime': 34229.60000002384}",577295457852,2320593379,POINT (0.3797462362129717 0.3962319198678799),,,,,,,,,,,,
0,32,10,"{'x': 729.1127735289056, 'y': 427.93047345731026, 'elapsedTime': 34229.60000002384}",577295474520,2320610046,POINT (0.3797462362129717 0.3962319198678799),,,,,,,,,,,,
0,32,10,"{'x': 729.1127735289056, 'y': 427.93047345731026, 'elapsedTime': 34229.60000002384}",577295491186,2320626712,POINT (0.3797462362129717 0.3962319198678799),,,,,,,,,,,,
0,32,10,"{'x': 704.2996318895524, 'y': 418.70501325420355, 'elapsedTime': 34278.800000071526}",577295507853,2320643378,POINT (0.3668227249424752 0.3876898270872255),,,,,,,,,,,,
0,32,10,"{'x': 704.2996318895524, 'y': 418.70501325420355, 'elapsedTime': 34278.800000071526}",577295524520,2320660045,POINT (0.3668227249424752 0.3876898270872255),,,,,,,,,,,,
0,32,10,"{'x': 704.2996318895524, 'y': 418.70501325420355, 'elapsedTime': 34278.800000071526}",577295541188,2320676712,POINT (0.3668227249424752 0.3876898270872255),,,,,,,,,,,,
0,32,10,"{'x': 694.7030210370948, 'y': 471.2316793091152, 'elapsedTime': 34328}",577295557859,2320693383,POINT (0.3618244901234869 0.4363256289899214),,,,,,,,,,,,
0,32,10,"{'x': 694.7030210370948, 'y': 471.2316793091152, 'elapsedTime': 34328}",577295574526,2320710049,POINT (0.3618244901234869 0.4363256289899214),,,,,,,,,,,,
0,32,10,"{'x': 694.7030210370948, 'y': 471.2316793091152, 'elapsedTime': 34328}",577295591193,2320726716,POINT (0.3618244901234869 0.4363256289899214),,,,,,,,,,,,
0,32,10,"{'x': 694.7030210370948, 'y': 471.2316793091152, 'elapsedTime': 34328}",577295607861,2320743383,POINT (0.3618244901234869 0.4363256289899214),,,,,,,,,,,,
0,32,10,"{'x': 660.3714177072164, 'y': 442.57637347334645, 'elapsedTime': 34381}",577295624528,2320760049,POINT (0.3439434467225085 0.4097929384012467),,,,,,,,,,,,
0,32,10,"{'x': 660.3714177072164, 'y': 442.57637347334645, 'elapsedTime': 34381}",577295641195,2320776716,POINT (0.3439434467225085 0.4097929384012467),,,,,,,,,,,,
0,32,10,"{'x': 660.3714177072164, 'y': 442.57637347334645, 'elapsedTime': 34381}",577295657862,2320793382,POINT (0.3439434467225085 0.4097929384012467),,,,,,,,,,,,
0,32,10,"{'x': 673.7879360425575, 'y': 392.30152497167774, 'elapsedTime': 34439.300000071526}",577295674529,2320810049,POINT (0.350931216688832 0.3632421527515535),,,,,,,,,,,,
0,32,10,"{'x': 673.7879360425575, 'y': 392.30152497167774, 'elapsedTime': 34439.300000071526}",577295691202,2320826721,POINT (0.350931216688832 0.3632421527515535),,,,,,,,,,,,
0,32,10,"{'x': 673.7879360425575, 'y': 392.30152497167774, 'elapsedTime': 34439.300000071526}",577295707868,2320843387,POINT (0.350931216688832 0.3632421527515535),,,,,,,,,,,,
0,32,10,"{'x': 665.8314867274806, 'y': 379.5964853053824, 'elapsedTime': 34506.10000002384}",577295724536,2320860054,POINT (0.3467872326705628 0.3514782271346133),,,,,,,,,,,,
0,32,10,"{'x': 665.8314867274806, 'y': 379.5964853053824, 'elapsedTime': 34506.10000002384}",577295741203,2320876721,POINT (0.3467872326705628 0.3514782271346133),,,,,,,,,,,,
0,32,10,"{'x': 665.8314867274806, 'y': 379.5964853053824, 'elapsedTime': 34506.10000002384}",577295757871,2320893388,POINT (0.3467872326705628 0.3514782271346133),,,,,,,,,,,,
0,32,10,"{'x': 665.8314867274806, 'y': 379.5964853053824, 'elapsedTime': 34506.10000002384}",577295774537,2320910054,POINT (0.3467872326705628 0.3514782271346133),,,,,,,,,,,,
0,32,10,"{'x': 678.919848229391, 'y': 399.8085075545701, 'elapsedTime': 34554.5}",577295791205,2320926721,POINT (0.3536040876194745 0.3701930625505279),,,,,,,,,,,,
0,32,10,"{'x': 678.919848229391, 'y': 399.8085075545701, 'elapsedTime': 34554.5}",577295807871,2320943387,POINT (0.3536040876194745 0.3701930625505279),,,,,,,,,,,,
0,32,10,"{'x': 678.919848229391, 'y': 399.8085075545701, 'elapsedTime': 34554.5}",577295824542,2320960057,POINT (0.3536040876194745 0.3701930625505279),,,,,,,,,,,,
0,32,10,"{'x': 707.9049848362191, 'y': 373.8676682891452, 'elapsedTime': 34602.200000047684}",577295841209,2320976724,POINT (0.3687005129355308 0.3461737669343937),,,,,,,,,,,,
0,32,10,"{'x': 707.9049848362191, 'y': 373.8676682891452, 'elapsedTime': 34602.200000047684}",577295857877,2320993391,POINT (0.3687005129355308 0.3461737669343937),,,,,,,,,,,,
0,32,10,"{'x': 707.9049848362191, 'y': 373.8676682891452, 'elapsedTime': 34602.200000047684}",577295874543,2321010057,POINT (0.3687005129355308 0.3461737669343937),,,,,,,,,,,,
0,32,10,"{'x': 716.8936828881136, 'y': 311.4431095883149, 'elapsedTime': 34661.39999997616}",577295891211,2321026724,POINT (0.3733821265042259 0.2883732496188101),,,,,,,,,,1,1,
0,32,10,"{'x': 716.8936828881136, 'y': 311.4431095883149, 'elapsedTime': 34661.39999997616}",577295907878,2321043391,POINT (0.3733821265042259 0.2883732496188101),,,,,,,,,,1,1,
0,32,10,"{'x': 716.8936828881136, 'y': 311.4431095883149, 'elapsedTime': 34661.39999997616}",577295924545,2321060057,POINT (0.3733821265042259 0.2883732496188101),,,,,,,,,,1,1,
0,32,10,"{'x': 733.2493060288857, 'y': 255.3575834822165, 'elapsedTime': 34710}",577295941212,2321076724,POINT (0.381900680223378 0.2364422069279783),,,,,,,,,,,1,
0,32,10,"{'x': 733.2493060288857, 'y': 255.3575834822165, 'elapsedTime': 34710}",577295957887,2321093398,POINT (0.381900680223378 0.2364422069279783),,,,,,,,,,,1,
0,32,10,"{'x': 733.2493060288857, 'y': 255.3575834822165, 'elapsedTime': 34710}",577295974553,2321110064,POINT (0.381900680223378 0.2364422069279783),,,,,,,,,,,1,
0,32,10,"{'x': 683.5461708130099, 'y': 337.8314767752133, 'elapsedTime': 34764.10000002384}",577295991220,2321126730,POINT (0.356013630631776 0.3128069229400123),,,,,,,,,,,1,
0,32,10,"{'x': 683.5461708130099, 'y': 337.8314767752133, 'elapsedTime': 34764.10000002384}",577296007887,2321143397,POINT (0.356013630631776 0.3128069229400123),,,,,,,,,,,1,
0,32,10,"{'x': 683.5461708130099, 'y': 337.8314767752133, 'elapsedTime': 34764.10000002384}",577296024555,2321160064,POINT (0.356013630631776 0.3128069229400123),,,,,,,,,,,1,
0,32,10,"{'x': 683.5461708130099, 'y': 337.8314767752133, 'elapsedTime': 34764.10000002384}",577296041222,2321176731,POINT (0.356013630631776 0.3128069229400123),,,,,,,,,,,1,
0,32,10,"{'x': 683.5461708130099, 'y': 337.8314767752133, 'elapsedTime': 34764.10000002384}",577296057890,2321193398,POINT (0.356013630631776 0.3128069229400123),,,,,,,,,,,1,
0,32,10,"{'x': 683.5461708130099, 'y': 337.8314767752133, 'elapsedTime': 34764.10000002384}",577296074559,2321210067,POINT (0.356013630631776 0.3128069229400123),,,,,,,,,,,1,
0,32,10,"{'x': 634.2865254920999, 'y': 347.5089372139904, 'elapsedTime': 34820.800000071526}",577296091226,2321226733,POINT (0.3303575653604687 0.3217675344573985),,,,,,,,,,,,
0,32,10,"{'x': 634.2865254920999, 'y': 347.5089372139904, 'elapsedTime': 34820.800000071526}",577296107894,2321243401,POINT (0.3303575653604687 0.3217675344573985),,,,,,,,,,,,
0,32,10,"{'x': 679.0065840108031, 'y': 352.21354620692347, 'elapsedTime': 34904.200000047684}",577296124561,2321260067,POINT (0.3536492625056266 0.3261236538952995),,,,,,,,,,,,
0,32,10,"{'x': 679.0065840108031, 'y': 352.21354620692347, 'elapsedTime': 34904.200000047684}",577296141227,2321276733,POINT (0.3536492625056266 0.3261236538952995),,,,,,,,,,,,
0,32,10,"{'x': 679.0065840108031, 'y': 352.21354620692347, 'elapsedTime': 34904.200000047684}",577296157895,2321293400,POINT (0.3536492625056266 0.3261236538952995),,,,,,,,,,,,
0,32,10,"{'x': 679.0065840108031, 'y': 352.21354620692347, 'elapsedTime': 34904.200000047684}",577296174562,2321310067,POINT (0.3536492625056266 0.3261236538952995),,,,,,,,,,,,
0,32,10,"{'x': 706.2685232480565, 'y': 275.2565685569465, 'elapsedTime': 34953.800000071526}",577296191229,2321326733,POINT (0.3678481891916961 0.2548671931082838),,,,,,,,,,1,1,
0,32,10,"{'x': 706.2685232480565, 'y': 275.2565685569465, 'elapsedTime': 34953.800000071526}",577296207900,2321343404,POINT (0.3678481891916961 0.2548671931082838),,,,,,,,,,1,1,
0,32,10,"{'x': 706.2685232480565, 'y': 275.2565685569465, 'elapsedTime': 34953.800000071526}",577296224567,2321360070,POINT (0.3678481891916961 0.2548671931082838),,,,,,,,,,1,1,
0,32,10,"{'x': 709.6640990193848, 'y': 191.58909787261456, 'elapsedTime': 35003.800000071526}",577296241234,2321376736,POINT (0.369616718239263 0.1773973128450135),,,,,,,,,,1,,
0,32,10,"{'x': 709.6640990193848, 'y': 191.58909787261456, 'elapsedTime': 35003.800000071526}",577296257901,2321393403,POINT (0.369616718239263 0.1773973128450135),,,,,,,,,,1,,
0,32,10,"{'x': 709.6640990193848, 'y': 191.58909787261456, 'elapsedTime': 35003.800000071526}",577296274569,2321410070,POINT (0.369616718239263 0.1773973128450135),,,,,,,,,,1,,
0,32,10,"{'x': 739.4038269467814, 'y': 115.28682450965641, 'elapsedTime': 35057.89999997616}",577296291235,2321426736,POINT (0.3851061598681153 0.1067470597311633),,,,,,,,,,,,
0,32,10,"{'x': 739.4038269467814, 'y': 115.28682450965641, 'elapsedTime': 35057.89999997616}",577296307903,2321443403,POINT (0.3851061598681153 0.1067470597311633),,,,,,,,,,,,
0,32,10,"{'x': 739.4038269467814, 'y': 115.28682450965641, 'elapsedTime': 35057.89999997616}",577296324570,2321460070,POINT (0.3851061598681153 0.1067470597311633),,,,,,,,,,,,
0,32,10,"{'x': 739.4038269467814, 'y': 115.28682450965641, 'elapsedTime': 35057.89999997616}",577296341246,2321476745,POINT (0.3851061598681153 0.1067470597311633),,,,,,,,,,,,
0,32,10,"{'x': 724.010496277907, 'y': 96.96856329289523, 'elapsedTime': 35118.700000047684}",577296357912,2321493411,POINT (0.3770888001447432 0.0897857067526808),,,,,,,,,,,,
0,32,10,"{'x': 724.010496277907, 'y': 96.96856329289523, 'elapsedTime': 35118.700000047684}",577296374580,2321510078,POINT (0.3770888001447432 0.0897857067526808),,,,,,,,,,,,
0,32,10,"{'x': 724.010496277907, 'y': 96.96856329289523, 'elapsedTime': 35118.700000047684}",577296391247,2321526745,POINT (0.3770888001447432 0.0897857067526808),,,,,,,,,,,,
0,32,10,"{'x': 670.8500950095329, 'y': 149.7808795395115, 'elapsedTime': 35177.300000071526}",577296407914,2321543411,POINT (0.3494010911507984 0.1386859995736217),,,,,,,,,,,,
0,32,10,"{'x': 670.8500950095329, 'y': 149.7808795395115, 'elapsedTime': 35177.300000071526}",577296424581,2321560078,POINT (0.3494010911507984 0.1386859995736217),,,,,,,,,,,,
0,32,10,"{'x': 670.8500950095329, 'y': 149.7808795395115, 'elapsedTime': 35177.300000071526}",577296441248,2321576744,POINT (0.3494010911507984 0.1386859995736217),,,,,,,,,,,,
0,32,10,"{'x': 726.7780290588387, 'y': 242.6900052724713, 'elapsedTime': 35228.300000071526}",577296457915,2321593411,POINT (0.3785302234681451 0.2247129678448808),,,,,,,,,,,1,
0,32,10,"{'x': 726.7780290588387, 'y': 242.6900052724713, 'elapsedTime': 35228.300000071526}",577296474585,2321610080,POINT (0.3785302234681451 0.2247129678448808),,,,,,,,,,,1,
0,32,10,"{'x': 726.7780290588387, 'y': 242.6900052724713, 'elapsedTime': 35228.300000071526}",577296491251,2321626746,POINT (0.3785302234681451 0.2247129678448808),,,,,,,,,,,1,
0,32,10,"{'x': 714.1336894088187, 'y': 314.90434328575384, 'elapsedTime': 35275.60000002384}",577296507919,2321643413,POINT (0.3719446299004264 0.2915780956349572),,,,,,,,,,1,1,
0,32,10,"{'x': 714.1336894088187, 'y': 314.90434328575384, 'elapsedTime': 35275.60000002384}",577296524585,2321660079,POINT (0.3719446299004264 0.2915780956349572),,,,,,,,,,1,1,
0,32,10,"{'x': 714.1336894088187, 'y': 314.90434328575384, 'elapsedTime': 35275.60000002384}",577296541254,2321676747,POINT (0.3719446299004264 0.2915780956349572),,,,,,,,,,1,1,
0,32,10,"{'x': 668.6048476397185, 'y': 288.1054381736068, 'elapsedTime': 35329.200000047684}",577296557920,2321693413,POINT (0.3482316914790201 0.2667642946051915),,,,,,,,,,1,1,
0,32,10,"{'x': 668.6048476397185, 'y': 288.1054381736068, 'elapsedTime': 35329.200000047684}",577296574587,2321710079,POINT (0.3482316914790201 0.2667642946051915),,,,,,,,,,1,1,
0,32,10,"{'x': 668.6048476397185, 'y': 288.1054381736068, 'elapsedTime': 35329.200000047684}",577296591256,2321726747,POINT (0.3482316914790201 0.2667642946051915),,,,,,,,,,1,1,
0,32,10,"{'x': 668.6048476397185, 'y': 288.1054381736068, 'elapsedTime': 35329.200000047684}",577296607930,2321743420,POINT (0.3482316914790201 0.2667642946051915),,,,,,,,,,1,1,
0,32,10,"{'x': 760.8218673794706, 'y': 420.10417893348085, 'elapsedTime': 35383.700000047684}",577296624597,2321760087,POINT (0.3962613892601409 0.3889853508643341),,,,,,,,,,,,
0,32,10,"{'x': 760.8218673794706, 'y': 420.10417893348085, 'elapsedTime': 35383.700000047684}",577296641265,2321776754,POINT (0.3962613892601409 0.3889853508643341),,,,,,,,,,,,
0,32,10,"{'x': 760.8218673794706, 'y': 420.10417893348085, 'elapsedTime': 35383.700000047684}",577296657931,2321793420,POINT (0.3962613892601409 0.3889853508643341),,,,,,,,,,,,
0,32,10,"{'x': 746.3731136976712, 'y': 459.7651578725289, 'elapsedTime': 35443.89999997616}",577296674599,2321810087,POINT (0.3887359967175371 0.4257084795116008),,,,,,,,,,,,
0,32,10,"{'x': 746.3731136976712, 'y': 459.7651578725289, 'elapsedTime': 35443.89999997616}",577296691265,2321826753,POINT (0.3887359967175371 0.4257084795116008),,,,,,,,,,,,
0,32,10,"{'x': 746.3731136976712, 'y': 459.7651578725289, 'elapsedTime': 35443.89999997616}",577296707933,2321843420,POINT (0.3887359967175371 0.4257084795116008),,,,,,,,,,,,
0,32,10,"{'x': 679.905295048491, 'y': 413.8117690876162, 'elapsedTime': 35497.39999997616}",577296724599,2321860086,POINT (0.3541173411710891 0.3831590454514965),,,,,,,,,,,,
0,32,10,"{'x': 679.905295048491, 'y': 413.8117690876162, 'elapsedTime': 35497.39999997616}",577296741270,2321876756,POINT (0.3541173411710891 0.3831590454514965),,,,,,,,,,,,
0,32,10,"{'x': 679.905295048491, 'y': 413.8117690876162, 'elapsedTime': 35497.39999997616}",577296757937,2321893423,POINT (0.3541173411710891 0.3831590454514965),,,,,,,,,,,,
0,32,10,"{'x': 632.1745850902083, 'y': 413.12102098023297, 'elapsedTime': 35547.5}",577296774604,2321910089,POINT (0.3292575964011502 0.3825194638705861),,,,,,,,,,,,
0,32,10,"{'x': 632.1745850902083, 'y': 413.12102098023297, 'elapsedTime': 35547.5}",577296791271,2321926756,POINT (0.3292575964011502 0.3825194638705861),,,,,,,,,,,,
0,32,10,"{'x': 632.1745850902083, 'y': 413.12102098023297, 'elapsedTime': 35547.5}",577296807939,2321943423,POINT (0.3292575964011502 0.3825194638705861),,,,,,,,,,,,
0,32,10,"{'x': 597.1461575012054, 'y': 356.8674840905363, 'elapsedTime': 35598.39999997616}",577296824605,2321960089,POINT (0.3110136236985445 0.3304328556393855),,,,,,,,,,,,
0,32,10,"{'x': 597.1461575012054, 'y': 356.8674840905363, 'elapsedTime': 35598.39999997616}",577296841273,2321976756,POINT (0.3110136236985445 0.3304328556393855),,,,,,,,,,,,
0,32,10,"{'x': 597.1461575012054, 'y': 356.8674840905363, 'elapsedTime': 35598.39999997616}",577296857940,2321993423,POINT (0.3110136236985445 0.3304328556393855),,,,,,,,,,,,
0,32,10,"{'x': 580.1799726836842, 'y': 344.21582405201355, 'elapsedTime': 35647.800000071526}",577296874615,2322010097,POINT (0.3021770691060856 0.3187183556037162),,,,,,,,,,,,
0,32,10,"{'x': 580.1799726836842, 'y': 344.21582405201355, 'elapsedTime': 35647.800000071526}",577296891282,2322026763,POINT (0.3021770691060856 0.3187183556037162),,,,,,,,,,,,
0,32,10,"{'x': 580.1799726836842, 'y': 344.21582405201355, 'elapsedTime': 35647.800000071526}",577296907949,2322043430,POINT (0.3021770691060856 0.3187183556037162),,,,,,,,,,,,
0,32,10,"{'x': 532.377643137093, 'y': 340.49099517748823, 'elapsedTime': 35695.700000047684}",577296924616,2322060096,POINT (0.2772800224672359 0.3152694399791557),,,,,,,,,,,,
0,32,10,"{'x': 532.377643137093, 'y': 340.49099517748823, 'elapsedTime': 35695.700000047684}",577296941284,2322076763,POINT (0.2772800224672359 0.3152694399791557),,,,,,,,,,,,
0,32,10,"{'x': 532.377643137093, 'y': 340.49099517748823, 'elapsedTime': 35695.700000047684}",577296957951,2322093430,POINT (0.2772800224672359 0.3152694399791557),,,,,,,,,,,,
0,32,10,"{'x': 532.377643137093, 'y': 340.49099517748823, 'elapsedTime': 35695.700000047684}",577296974619,2322110097,POINT (0.2772800224672359 0.3152694399791557),,,,,,,,,,,,
0,32,10,"{'x': 551.5681275572157, 'y': 274.47127784362164, 'elapsedTime': 35749.5}",577296991290,2322126767,POINT (0.2872750664360498 0.2541400720774274),,,,,,,,,,,1,
0,32,10,"{'x': 551.5681275572157, 'y': 274.47127784362164, 'elapsedTime': 35749.5}",577297007957,2322143434,POINT (0.2872750664360498 0.2541400720774274),,,,,,,,,,,1,
0,32,10,"{'x': 551.5681275572157, 'y': 274.47127784362164, 'elapsedTime': 35749.5}",577297024624,2322160100,POINT (0.2872750664360498 0.2541400720774274),,,,,,,,,,,1,
0,32,10,"{'x': 551.5681275572157, 'y': 274.47127784362164, 'elapsedTime': 35749.5}",577297041291,2322176767,POINT (0.2872750664360498 0.2541400720774274),,,,,,,,,,,1,
0,32,10,"{'x': 502.10348386911085, 'y': 260.25606972328546, 'elapsedTime': 35811.700000047684}",577297057959,2322193434,POINT (0.2615122311818286 0.2409778423363754),,,,,,,,,,,1,
0,32,10,"{'x': 502.10348386911085, 'y': 260.25606972328546, 'elapsedTime': 35811.700000047684}",577297074625,2322210100,POINT (0.2615122311818286 0.2409778423363754),,,,,,,,,,,1,
0,32,10,"{'x': 502.10348386911085, 'y': 260.25606972328546, 'elapsedTime': 35811.700000047684}",577297091293,2322226767,POINT (0.2615122311818286 0.2409778423363754),,,,,,,,,,,1,
0,32,10,"{'x': 537.8196509241363, 'y': 248.26833714717853, 'elapsedTime': 35873.39999997616}",577297107960,2322243434,POINT (0.2801144015229877 0.2298780899510912),,,,,,,,,,,1,
0,32,10,"{'x': 537.8196509241363, 'y': 248.26833714717853, 'elapsedTime': 35873.39999997616}",577297124632,2322260105,POINT (0.2801144015229877 0.2298780899510912),,,,,,,,,,,1,
0,32,10,"{'x': 537.8196509241363, 'y': 248.26833714717853, 'elapsedTime': 35873.39999997616}",577297141298,2322276771,POINT (0.2801144015229877 0.2298780899510912),,,,,,,,,,,1,
0,32,10,"{'x': 574.042057914547, 'y': 297.39184948959604, 'elapsedTime': 35926.5}",577297157965,2322293437,POINT (0.2989802384971599 0.2753628236014778),,,,,,,,,,1,1,
0,32,10,"{'x': 574.042057914547, 'y': 297.39184948959604, 'elapsedTime': 35926.5}",577297174632,2322310104,POINT (0.2989802384971599 0.2753628236014778),,,,,,,,,,1,1,
0,32,10,"{'x': 574.042057914547, 'y': 297.39184948959604, 'elapsedTime': 35926.5}",577297191300,2322326771,POINT (0.2989802384971599 0.2753628236014778),,,,,,,,,,1,1,
0,32,10,"{'x': 648.7547039589372, 'y': 313.94618995072005, 'elapsedTime': 35979.700000047684}",577297207967,2322343438,POINT (0.3378930749786131 0.2906909166210371),,,,,,,,,,1,1,
0,32,10,"{'x': 648.7547039589372, 'y': 313.94618995072005, 'elapsedTime': 35979.700000047684}",577297224635,2322360105,POINT (0.3378930749786131 0.2906909166210371),,,,,,,,,,1,1,
0,32,10,"{'x': 648.7547039589372, 'y': 313.94618995072005, 'elapsedTime': 35979.700000047684}",577297241301,2322376771,POINT (0.3378930749786131 0.2906909166210371),,,,,,,,,,1,1,
0,32,10,"{'x': 648.7547039589372, 'y': 313.94618995072005, 'elapsedTime': 35979.700000047684}",577297257974,2322393442,POINT (0.3378930749786131 0.2906909166210371),,,,,,,,,,1,1,
0,32,10,"{'x': 619.5467601840486, 'y': 327.7074305038683, 'elapsedTime': 36026.89999997616}",577297274642,2322410110,POINT (0.3226806042625253 0.3034328060221003),,,,,,,,,,,1,
0,32,10,"{'x': 619.5467601840486, 'y': 327.7074305038683, 'elapsedTime': 36026.89999997616}",577297291309,2322426776,POINT (0.3226806042625253 0.3034328060221003),,,,,,,,,,,1,
0,32,10,"{'x': 608.7581876827373, 'y': 320.98453110750063, 'elapsedTime': 36075.700000047684}",577297307976,2322443443,POINT (0.3170615560847591 0.2972078991736117),,,,,,,,,,,1,
0,32,10,"{'x': 608.7581876827373, 'y': 320.98453110750063, 'elapsedTime': 36075.700000047684}",577297324643,2322460109,POINT (0.3170615560847591 0.2972078991736117),,,,,,,,,,,1,
0,32,10,"{'x': 608.7581876827373, 'y': 320.98453110750063, 'elapsedTime': 36075.700000047684}",577297341310,2322476776,POINT (0.3170615560847591 0.2972078991736117),,,,,,,,,,,1,
0,32,10,"{'x': 650.6348086222121, 'y': 362.8476488364221, 'elapsedTime': 36132.200000047684}",577297357978,2322493443,POINT (0.3388722961574021 0.3359700452189093),,,,,,,,,,,,
0,32,10,"{'x': 650.6348086222121, 'y': 362.8476488364221, 'elapsedTime': 36132.200000047684}",577297374644,2322510109,POINT (0.3388722961574021 0.3359700452189093),,,,,,,,,,,,
0,32,10,"{'x': 650.6348086222121, 'y': 362.8476488364221, 'elapsedTime': 36132.200000047684}",577297391317,2322526781,POINT (0.3388722961574021 0.3359700452189093),,,,,,,,,,,,
0,32,10,"{'x': 650.6348086222121, 'y': 362.8476488364221, 'elapsedTime': 36132.200000047684}",577297407983,2322543447,POINT (0.3388722961574021 0.3359700452189093),,,,,,,,,,,,
0,32,10,"{'x': 658.7214966182274, 'y': 300.39261607274693, 'elapsedTime': 36185.800000071526}",577297424651,2322560114,POINT (0.3430841128219935 0.2781413111784694),,,,,,,,,,1,1,
0,32,10,"{'x': 658.7214966182274, 'y': 300.39261607274693, 'elapsedTime': 36185.800000071526}",577297441318,2322576781,POINT (0.3430841128219935 0.2781413111784694),,,,,,,,,,1,1,
0,32,10,"{'x': 696.7918829473989, 'y': 358.4793287790184, 'elapsedTime': 36231.60000002384}",577297457986,2322593448,POINT (0.3629124390351036 0.331925304425017),,,,,,,,,,,,
0,32,10,"{'x': 696.7918829473989, 'y': 358.4793287790184, 'elapsedTime': 36231.60000002384}",577297474652,2322610114,POINT (0.3629124390351036 0.331925304425017),,,,,,,,,,,,
0,32,10,"{'x': 696.7918829473989, 'y': 358.4793287790184, 'elapsedTime': 36231.60000002384}",577297491320,2322626781,POINT (0.3629124390351036 0.331925304425017),,,,,,,,,,,,
0,32,10,"{'x': 685.2093516106908, 'y': 342.5074273739492, 'elapsedTime': 36279.10000002384}",577297507987,2322643447,POINT (0.3568798706305681 0.3171365068277308),,,,,,,,,,,1,
0,32,10,"{'x': 685.2093516106908, 'y': 342.5074273739492, 'elapsedTime': 36279.10000002384}",577297524659,2322660119,POINT (0.3568798706305681 0.3171365068277308),,,,,,,,,,,1,
0,32,10,"{'x': 685.2093516106908, 'y': 342.5074273739492, 'elapsedTime': 36279.10000002384}",577297541327,2322676786,POINT (0.3568798706305681 0.3171365068277308),,,,,,,,,,,1,
0,32,10,"{'x': 724.5870221911908, 'y': 333.2112250373355, 'elapsedTime': 36325.89999997616}",577297557994,2322693453,POINT (0.3773890740579119 0.3085289120716069),,,,,,,,,,,1,
0,32,10,"{'x': 724.5870221911908, 'y': 333.2112250373355, 'elapsedTime': 36325.89999997616}",577297574661,2322710119,POINT (0.3773890740579119 0.3085289120716069),,,,,,,,,,,1,
0,32,10,"{'x': 758.4712408757553, 'y': 376.5522942597468, 'elapsedTime': 36374}",577297591328,2322726785,POINT (0.3950371046227892 0.3486595317219878),,,,,,,,,,,,
0,32,10,"{'x': 758.4712408757553, 'y': 376.5522942597468, 'elapsedTime': 36374}",577297607996,2322743452,POINT (0.3950371046227892 0.3486595317219878),,,,,,,,,,,,
0,32,10,"{'x': 758.4712408757553, 'y': 376.5522942597468, 'elapsedTime': 36374}",577297624663,2322760119,POINT (0.3950371046227892 0.3486595317219878),,,,,,,,,,,,
0,32,10,"{'x': 769.3576148579067, 'y': 391.5606645098785, 'elapsedTime': 36421.10000002384}",577297641331,2322776786,POINT (0.4007070910718264 0.3625561708424801),,,,,,,,,,,,
0,32,10,"{'x': 769.3576148579067, 'y': 391.5606645098785, 'elapsedTime': 36421.10000002384}",577297658001,2322793456,POINT (0.4007070910718264 0.3625561708424801),,,,,,,,,,,,
0,32,10,"{'x': 769.3576148579067, 'y': 391.5606645098785, 'elapsedTime': 36421.10000002384}",577297674669,2322810123,POINT (0.4007070910718264 0.3625561708424801),,,,,,,,,,,,
0,32,10,"{'x': 775.7787919622225, 'y': 422.5966890488491, 'elapsedTime': 36466.39999997616}",577297691336,2322826790,POINT (0.4040514541469909 0.3912932306007862),,,,,,,,,,,,
0,32,10,"{'x': 775.7787919622225, 'y': 422.5966890488491, 'elapsedTime': 36466.39999997616}",577297708003,2322843456,POINT (0.4040514541469909 0.3912932306007862),,,,,,,,,,,,
0,32,10,"{'x': 775.7787919622225, 'y': 422.5966890488491, 'elapsedTime': 36466.39999997616}",577297724670,2322860123,POINT (0.4040514541469909 0.3912932306007862),,,,,,,,,,,,
0,32,10,"{'x': 792.6236357533822, 'y': 431.0104248267021, 'elapsedTime': 36512.89999997616}",577297741338,2322876790,POINT (0.4128248102882199 0.3990837266913908),,,,,,,,,,,,
0,32,10,"{'x': 792.6236357533822, 'y': 431.0104248267021, 'elapsedTime': 36512.89999997616}",577297758004,2322893456,POINT (0.4128248102882199 0.3990837266913908),,,,,,,,,,,,
0,32,10,"{'x': 764.8241203416273, 'y': 462.47451024916614, 'elapsedTime': 36559.200000047684}",577297774672,2322910123,POINT (0.3983458960112642 0.4282171391195983),,,,,,,,,,,,
0,32,10,"{'x': 764.8241203416273, 'y': 462.47451024916614, 'elapsedTime': 36559.200000047684}",577297791344,2322926795,POINT (0.3983458960112642 0.4282171391195983),,,,,,,,,,,,
0,32,10,"{'x': 764.8241203416273, 'y': 462.47451024916614, 'elapsedTime': 36559.200000047684}",577297808012,2322943462,POINT (0.3983458960112642 0.4282171391195983),,,,,,,,,,,,
0,32,10,"{'x': 741.4231722592391, 'y': 488.72908056011994, 'elapsedTime': 36602.200000047684}",577297824678,2322960128,POINT (0.3861579022183537 0.4525269264445555),,,,,,,,,,,,
0,32,10,"{'x': 741.4231722592391, 'y': 488.72908056011994, 'elapsedTime': 36602.200000047684}",577297841345,2322976794,POINT (0.3861579022183537 0.4525269264445555),,,,,,,,,,,,
0,32,10,"{'x': 741.4231722592391, 'y': 488.72908056011994, 'elapsedTime': 36602.200000047684}",577297858012,2322993461,POINT (0.3861579022183537 0.4525269264445555),,,,,,,,,,,,
0,32,10,"{'x': 760.6865209769311, 'y': 493.46545628558977, 'elapsedTime': 36646.200000047684}",577297874680,2323010128,POINT (0.3961908963421516 0.4569124595236942),,,,,,,,,,,,
0,32,10,"{'x': 760.6865209769311, 'y': 493.46545628558977, 'elapsedTime': 36646.200000047684}",577297891347,2323026795,POINT (0.3961908963421516 0.4569124595236942),,,,,,,,,,,,
0,32,10,"{'x': 760.6865209769311, 'y': 493.46545628558977, 'elapsedTime': 36646.200000047684}",577297908014,2323043461,POINT (0.3961908963421516 0.4569124595236942),,,,,,,,,,,,
0,32,10,"{'x': 760.6865209769311, 'y': 493.46545628558977, 'elapsedTime': 36646.200000047684}",577297924686,2323060132,POINT (0.3961908963421516 0.4569124595236942),,,,,,,,,,,,
0,32,10,"{'x': 698.4478522862443, 'y': 477.87808658890776, 'elapsedTime': 36700.60000002384}",577297941354,2323076799,POINT (0.3637749230657522 0.4424797098045442),,,,,,,,,,,,
0,32,10,"{'x': 698.4478522862443, 'y': 477.87808658890776, 'elapsedTime': 36700.60000002384}",577297958020,2323093465,POINT (0.3637749230657522 0.4424797098045442),,,,,,,,,,,,
0,32,10,"{'x': 698.4478522862443, 'y': 477.87808658890776, 'elapsedTime': 36700.60000002384}",577297974688,2323110132,POINT (0.3637749230657522 0.4424797098045442),,,,,,,,,,,,
0,32,10,"{'x': 698.4478522862443, 'y': 477.87808658890776, 'elapsedTime': 36700.60000002384}",577297991354,2323126798,POINT (0.3637749230657522 0.4424797098045442),,,,,,,,,,,,
0,32,10,"{'x': 777.3445746808079, 'y': 557.4895994327385, 'elapsedTime': 36745.39999997616}",577298008024,2323143467,POINT (0.4048669659795874 0.516194073548832),,,,,,,,,,,1,
0,32,10,"{'x': 777.3445746808079, 'y': 557.4895994327385, 'elapsedTime': 36745.39999997616}",577298024689,2323160132,POINT (0.4048669659795874 0.516194073548832),,,,,,,,,,,1,
0,32,10,"{'x': 777.3445746808079, 'y': 557.4895994327385, 'elapsedTime': 36745.39999997616}",577298041363,2323176805,POINT (0.4048669659795874 0.516194073548832),,,,,,,,,,,1,
0,32,10,"{'x': 890.9955848802398, 'y': 619.0802171063849, 'elapsedTime': 36842.39999997616}",577298058029,2323193471,POINT (0.4640602004584582 0.5732224232466527),,,,,,,,,,,1,
0,32,10,"{'x': 890.9955848802398, 'y': 619.0802171063849, 'elapsedTime': 36842.39999997616}",577298074697,2323210138,POINT (0.4640602004584582 0.5732224232466527),,,,,,,,,,,1,
0,32,10,"{'x': 890.9955848802398, 'y': 619.0802171063849, 'elapsedTime': 36842.39999997616}",577298091363,2323226804,POINT (0.4640602004584582 0.5732224232466527),,,,,,,,,,,1,
0,32,10,"{'x': 811.3552787535294, 'y': 569.9508924563614, 'elapsedTime': 36887.39999997616}",577298108031,2323243471,POINT (0.4225808743507966 0.5277323078299643),,,,,,,,,,,1,
0,32,10,"{'x': 811.3552787535294, 'y': 569.9508924563614, 'elapsedTime': 36887.39999997616}",577298124699,2323260138,POINT (0.4225808743507966 0.5277323078299643),,,,,,,,,,,1,
0,32,10,"{'x': 811.3552787535294, 'y': 569.9508924563614, 'elapsedTime': 36887.39999997616}",577298141366,2323276805,POINT (0.4225808743507966 0.5277323078299643),,,,,,,,,,,1,
0,32,10,"{'x': 770.8087726365559, 'y': 561.3186926271918, 'elapsedTime': 36930.300000071526}",577298158033,2323293471,POINT (0.4014629024148729 0.5197395302103628),,,,,,,,,,,1,
0,32,10,"{'x': 770.8087726365559, 'y': 561.3186926271918, 'elapsedTime': 36930.300000071526}",577298174703,2323310141,POINT (0.4014629024148729 0.5197395302103628),,,,,,,,,,,1,
0,32,10,"{'x': 770.8087726365559, 'y': 561.3186926271918, 'elapsedTime': 36930.300000071526}",577298191370,2323326807,POINT (0.4014629024148729 0.5197395302103628),,,,,,,,,,,1,
0,32,10,"{'x': 712.1188953253823, 'y': 479.256028117243, 'elapsedTime': 36977}",577298208037,2323343474,POINT (0.3708952579819699 0.4437555815900398),,,,,,,,,,,,
0,32,10,"{'x': 712.1188953253823, 'y': 479.256028117243, 'elapsedTime': 36977}",577298224705,2323360141,POINT (0.3708952579819699 0.4437555815900398),,,,,,,,,,,,
0,32,10,"{'x': 712.1188953253823, 'y': 479.256028117243, 'elapsedTime': 36977}",577298241371,2323376807,POINT (0.3708952579819699 0.4437555815900398),,,,,,,,,,,,
0,32,10,"{'x': 676.7832942403307, 'y': 419.7139717630211, 'elapsedTime': 37027.700000047684}",577298258040,2323393474,POINT (0.3524912990835056 0.3886240479287232),,,,,,,,,,,,
0,32,10,"{'x': 676.7832942403307, 'y': 419.7139717630211, 'elapsedTime': 37027.700000047684}",577298274707,2323410141,POINT (0.3524912990835056 0.3886240479287232),,,,,,,,,,,,
0,32,10,"{'x': 676.7832942403307, 'y': 419.7139717630211, 'elapsedTime': 37027.700000047684}",577298291375,2323426808,POINT (0.3524912990835056 0.3886240479287232),,,,,,,,,,,,
0,32,10,"{'x': 654.7193972864541, 'y': 361.53423551978653, 'elapsedTime': 37073.300000071526}",577298308047,2323443480,POINT (0.3409996860866948 0.3347539217775801),,,,,,,,,,,,
0,32,10,"{'x': 654.7193972864541, 'y': 361.53423551978653, 'elapsedTime': 37073.300000071526}",577298324714,2323460146,POINT (0.3409996860866948 0.3347539217775801),,,,,,,,,,,,
0,32,10,"{'x': 654.7193972864541, 'y': 361.53423551978653, 'elapsedTime': 37073.300000071526}",577298341382,2323476814,POINT (0.3409996860866948 0.3347539217775801),,,,,,,,,,,,
0,32,10,"{'x': 603.5688832770081, 'y': 306.0005717121354, 'elapsedTime': 37124.300000071526}",577298358049,2323493480,POINT (0.3143587933734418 0.2833338626964217),,,,,,,,,,1,1,
0,32,10,"{'x': 603.5688832770081, 'y': 306.0005717121354, 'elapsedTime': 37124.300000071526}",577298374716,2323510147,POINT (0.3143587933734418 0.2833338626964217),,,,,,,,,,1,1,
0,32,10,"{'x': 603.5688832770081, 'y': 306.0005717121354, 'elapsedTime': 37124.300000071526}",577298391383,2323526813,POINT (0.3143587933734418 0.2833338626964217),,,,,,,,,,1,1,
0,32,10,"{'x': 544.3478276369708, 'y': 270.78562788502063, 'elapsedTime': 37172.5}",577298408050,2323543480,POINT (0.2835144935609223 0.250727433226871),,,,,,,,,,,1,
0,32,10,"{'x': 544.3478276369708, 'y': 270.78562788502063, 'elapsedTime': 37172.5}",577298424717,2323560146,POINT (0.2835144935609223 0.250727433226871),,,,,,,,,,,1,
0,32,10,"{'x': 543.0228144641884, 'y': 291.9469927914765, 'elapsedTime': 37223.5}",577298441389,2323576817,POINT (0.2828243825334314 0.2703212896217375),,,,,,,,,,1,1,
0,32,10,"{'x': 543.0228144641884, 'y': 291.9469927914765, 'elapsedTime': 37223.5}",577298458056,2323593484,POINT (0.2828243825334314 0.2703212896217375),,,,,,,,,,1,1,
0,32,10,"{'x': 543.0228144641884, 'y': 291.9469927914765, 'elapsedTime': 37223.5}",577298474724,2323610151,POINT (0.2828243825334314 0.2703212896217375),,,,,,,,,,1,1,
0,32,10,"{'x': 534.00796465938, 'y': 287.15436639150926, 'elapsedTime': 37265.300000071526}",577298491390,2323626817,POINT (0.2781291482600938 0.2658836725847308),,,,,,,,,,1,1,
0,32,10,"{'x': 534.00796465938, 'y': 287.15436639150926, 'elapsedTime': 37265.300000071526}",577298508058,2323643484,POINT (0.2781291482600938 0.2658836725847308),,,,,,,,,,1,1,
0,32,10,"{'x': 534.00796465938, 'y': 287.15436639150926, 'elapsedTime': 37265.300000071526}",577298524724,2323660150,POINT (0.2781291482600938 0.2658836725847308),,,,,,,,,,1,1,
0,32,10,"{'x': 534.00796465938, 'y': 287.15436639150926, 'elapsedTime': 37265.300000071526}",577298541393,2323676818,POINT (0.2781291482600938 0.2658836725847308),,,,,,,,,,1,1,
0,32,10,"{'x': 538.2011733726237, 'y': 330.172626204605, 'elapsedTime': 37310.200000047684}",577298558059,2323693484,POINT (0.2803131111315748 0.3057153946338935),,,,,,,,,,,,
0,32,10,"{'x': 538.2011733726237, 'y': 330.172626204605, 'elapsedTime': 37310.200000047684}",577298574735,2323710159,POINT (0.2803131111315748 0.3057153946338935),,,,,,,,,,,,
0,32,10,"{'x': 538.2011733726237, 'y': 330.172626204605, 'elapsedTime': 37310.200000047684}",577298591403,2323726826,POINT (0.2803131111315748 0.3057153946338935),,,,,,,,,,,,
0,32,10,"{'x': 634.8030763853179, 'y': 413.07691155884703, 'elapsedTime': 37374.800000071526}",577298608070,2323743493,POINT (0.3306266022840197 0.3824786218137472),,,,,,,,,,,,
0,32,10,"{'x': 634.8030763853179, 'y': 413.07691155884703, 'elapsedTime': 37374.800000071526}",577298624738,2323760160,POINT (0.3306266022840197 0.3824786218137472),,,,,,,,,,,,
0,32,10,"{'x': 634.8030763853179, 'y': 413.07691155884703, 'elapsedTime': 37374.800000071526}",577298641404,2323776826,POINT (0.3306266022840197 0.3824786218137472),,,,,,,,,,,,
0,32,10,"{'x': 698.5799480580847, 'y': 482.29257193283803, 'elapsedTime': 37423.60000002384}",577298658071,2323793492,POINT (0.3638437229469191 0.4465671962341093),,,,,,,,,,,,
0,32,10,"{'x': 698.5799480580847, 'y': 482.29257193283803, 'elapsedTime': 37423.60000002384}",577298674739,2323810160,POINT (0.3638437229469191 0.4465671962341093),,,,,,,,,,,,
0,32,10,"{'x': 698.5799480580847, 'y': 482.29257193283803, 'elapsedTime': 37423.60000002384}",577298691406,2323826826,POINT (0.3638437229469191 0.4465671962341093),,,,,,,,,,,,
0,32,10,"{'x': 731.2348897721698, 'y': 461.3943970200912, 'elapsedTime': 37471.89999997616}",577298708073,2323843493,POINT (0.3808515050896718 0.4272170342778622),,,,,,,,,,,,
0,32,10,"{'x': 731.2348897721698, 'y': 461.3943970200912, 'elapsedTime': 37471.89999997616}",577298724740,2323860159,POINT (0.3808515050896718 0.4272170342778622),,,,,,,,,,,,
0,32,10,"{'x': 692.137414677123, 'y': 452.59875565687224, 'elapsedTime': 37525.10000002384}",577298741407,2323876826,POINT (0.3604882368110016 0.4190729219045113),,,,,,,,,,,,
0,32,10,"{'x': 692.137414677123, 'y': 452.59875565687224, 'elapsedTime': 37525.10000002384}",577298758075,2323893492,POINT (0.3604882368110016 0.4190729219045113),,,,,,,,,,,,
0,32,10,"{'x': 692.137414677123, 'y': 452.59875565687224, 'elapsedTime': 37525.10000002384}",577298774743,2323910160,POINT (0.3604882368110016 0.4190729219045113),,,,,,,,,,,,
0,32,10,"{'x': 680.1321837686845, 'y': 411.5267928449334, 'elapsedTime': 37573}",577298791410,2323926826,POINT (0.3542355123795232 0.3810433267082717),,,,,,,,,,,,
0,32,10,"{'x': 680.1321837686845, 'y': 411.5267928449334, 'elapsedTime': 37573}",577298808076,2323943492,POINT (0.3542355123795232 0.3810433267082717),,,,,,,,,,,,
0,32,10,"{'x': 680.1321837686845, 'y': 411.5267928449334, 'elapsedTime': 37573}",577298824745,2323960160,POINT (0.3542355123795232 0.3810433267082717),,,,,,,,,,,,
0,32,10,"{'x': 702.7831240789562, 'y': 359.8281345258469, 'elapsedTime': 37617.89999997616}",577298841417,2323976832,POINT (0.3660328771244564 0.3331741986350434),,,,,,,,,,,,
0,32,10,"{'x': 702.7831240789562, 'y': 359.8281345258469, 'elapsedTime': 37617.89999997616}",577298858084,2323993498,POINT (0.3660328771244564 0.3331741986350434),,,,,,,,,,,,
0,32,10,"{'x': 702.7831240789562, 'y': 359.8281345258469, 'elapsedTime': 37617.89999997616}",577298874751,2324010165,POINT (0.3660328771244564 0.3331741986350434),,,,,,,,,,,,
0,32,10,"{'x': 656.2625247748138, 'y': 323.20908010280107, 'elapsedTime': 37666.300000071526}",577298891419,2324026832,POINT (0.3418033983202155 0.2992676667618528),,,,,,,,,,,1,
0,32,10,"{'x': 656.2625247748138, 'y': 323.20908010280107, 'elapsedTime': 37666.300000071526}",577298908086,2324043499,POINT (0.3418033983202155 0.2992676667618528),,,,,,,,,,,1,
0,32,10,"{'x': 656.2625247748138, 'y': 323.20908010280107, 'elapsedTime': 37666.300000071526}",577298924754,2324060166,POINT (0.3418033983202155 0.2992676667618528),,,,,,,,,,,1,
0,32,10,"{'x': 655.0387125824818, 'y': 283.5334685475993, 'elapsedTime': 37711.60000002384}",577298941421,2324076832,POINT (0.3411659961367093 0.2625309893959253),,,,,,,,,,1,1,
0,32,10,"{'x': 655.0387125824818, 'y': 283.5334685475993, 'elapsedTime': 37711.60000002384}",577298958090,2324093501,POINT (0.3411659961367093 0.2625309893959253),,,,,,,,,,1,1,
0,32,10,"{'x': 655.0387125824818, 'y': 283.5334685475993, 'elapsedTime': 37711.60000002384}",577298974758,2324110168,POINT (0.3411659961367093 0.2625309893959253),,,,,,,,,,1,1,
0,32,10,"{'x': 655.0387125824818, 'y': 283.5334685475993, 'elapsedTime': 37711.60000002384}",577298991425,2324126835,POINT (0.3411659961367093 0.2625309893959253),,,,,,,,,,1,1,
0,32,10,"{'x': 655.0387125824818, 'y': 283.5334685475993, 'elapsedTime': 37711.60000002384}",577299008092,2324143501,POINT (0.3411659961367093 0.2625309893959253),,,,,,,,,,1,1,
0,32,10,"{'x': 635.1069054054424, 'y': 313.46000682807994, 'elapsedTime': 37758.10000002384}",577299024759,2324160168,POINT (0.3307848465653346 0.290240747063037),,,,,,,,,,1,1,
0,32,10,"{'x': 635.1069054054424, 'y': 313.46000682807994, 'elapsedTime': 37758.10000002384}",577299041429,2324176837,POINT (0.3307848465653346 0.290240747063037),,,,,,,,,,1,1,
0,32,10,"{'x': 635.1069054054424, 'y': 313.46000682807994, 'elapsedTime': 37758.10000002384}",577299058095,2324193503,POINT (0.3307848465653346 0.290240747063037),,,,,,,,,,1,1,
0,32,10,"{'x': 674.8991608013843, 'y': 410.6086664420428, 'elapsedTime': 37840.200000047684}",577299074764,2324210170,POINT (0.3515099795840543 0.3801932096685582),,,,,,,,,,,,
0,32,10,"{'x': 674.8991608013843, 'y': 410.6086664420428, 'elapsedTime': 37840.200000047684}",577299091434,2324226840,POINT (0.3515099795840543 0.3801932096685582),,,,,,,,,,,,
0,32,10,"{'x': 653.7488750674003, 'y': 403.41735774495993, 'elapsedTime': 37893.700000047684}",577299108100,2324243505,POINT (0.340494205764271 0.3735345905045925),,,,,,,,,,,,
0,32,10,"{'x': 653.7488750674003, 'y': 403.41735774495993, 'elapsedTime': 37893.700000047684}",577299124766,2324260171,POINT (0.340494205764271 0.3735345905045925),,,,,,,,,,,,
0,32,10,"{'x': 653.7488750674003, 'y': 403.41735774495993, 'elapsedTime': 37893.700000047684}",577299141434,2324276838,POINT (0.340494205764271 0.3735345905045925),,,,,,,,,,,,
0,32,10,"{'x': 626.1061844336612, 'y': 408.32365712460097, 'elapsedTime': 37937.700000047684}",577299158101,2324293505,POINT (0.3260969710591985 0.3780774603005564),,,,,,,,,,,,
0,32,10,"{'x': 626.1061844336612, 'y': 408.32365712460097, 'elapsedTime': 37937.700000047684}",577299174768,2324310171,POINT (0.3260969710591985 0.3780774603005564),,,,,,,,,,,,
0,32,10,"{'x': 626.1061844336612, 'y': 408.32365712460097, 'elapsedTime': 37937.700000047684}",577299191434,2324326837,POINT (0.3260969710591985 0.3780774603005564),,,,,,,,,,,,
0,32,10,"{'x': 594.386001478636, 'y': 370.88160039934155, 'elapsedTime': 37984.39999997616}",577299208102,2324343504,POINT (0.3095760424367896 0.3434088892586496),,,,,,,,,,,,
0,32,10,"{'x': 594.386001478636, 'y': 370.88160039934155, 'elapsedTime': 37984.39999997616}",577299224776,2324360178,POINT (0.3095760424367896 0.3434088892586496),,,,,,,,,,,,
0,32,10,"{'x': 594.386001478636, 'y': 370.88160039934155, 'elapsedTime': 37984.39999997616}",577299241444,2324376845,POINT (0.3095760424367896 0.3434088892586496),,,,,,,,,,,,
0,32,10,"{'x': 594.386001478636, 'y': 370.88160039934155, 'elapsedTime': 37984.39999997616}",577299258110,2324393511,POINT (0.3095760424367896 0.3434088892586496),,,,,,,,,,,,
0,32,10,"{'x': 572.7307465012323, 'y': 322.5621420988477, 'elapsedTime': 38036.5}",577299274778,2324410178,POINT (0.2982972638027251 0.2986686500915257),,,,,,,,,,,,
0,32,10,"{'x': 572.7307465012323, 'y': 322.5621420988477, 'elapsedTime': 38036.5}",577299291445,2324426845,POINT (0.2982972638027251 0.2986686500915257),,,,,,,,,,,,
0,32,10,"{'x': 572.7307465012323, 'y': 322.5621420988477, 'elapsedTime': 38036.5}",577299308113,2324443512,POINT (0.2982972638027251 0.2986686500915257),,,,,,,,,,,,
0,32,10,"{'x': 585.7270209391064, 'y': 359.66941218717733, 'elapsedTime': 38094.5}",577299324779,2324460178,POINT (0.3050661567391179 0.3330272335066456),,,,,,,,,,,,
0,32,10,"{'x': 585.7270209391064, 'y': 359.66941218717733, 'elapsedTime': 38094.5}",577299341446,2324476844,POINT (0.3050661567391179 0.3330272335066456),,,,,,,,,,,,
0,32,10,"{'x': 585.7270209391064, 'y': 359.66941218717733, 'elapsedTime': 38094.5}",577299358117,2324493515,POINT (0.3050661567391179 0.3330272335066456),,,,,,,,,,,,
0,32,10,"{'x': 658.7482443738186, 'y': 303.98870465962057, 'elapsedTime': 38149.5}",577299374785,2324510181,POINT (0.3430980439446972 0.281471022832982),,,,,,,,,,1,1,
0,32,10,"{'x': 658.7482443738186, 'y': 303.98870465962057, 'elapsedTime': 38149.5}",577299391452,2324526848,POINT (0.3430980439446972 0.281471022832982),,,,,,,,,,1,1,
0,32,10,"{'x': 658.7482443738186, 'y': 303.98870465962057, 'elapsedTime': 38149.5}",577299408119,2324543514,POINT (0.3430980439446972 0.281471022832982),,,,,,,,,,1,1,
0,32,10,"{'x': 626.396178674472, 'y': 272.0374388626314, 'elapsedTime': 38197.200000047684}",577299424786,2324560181,POINT (0.3262480097262875 0.2518865174653995),,,,,,,,,,,1,
0,32,10,"{'x': 626.396178674472, 'y': 272.0374388626314, 'elapsedTime': 38197.200000047684}",577299441453,2324576847,POINT (0.3262480097262875 0.2518865174653995),,,,,,,,,,,1,
0,32,10,"{'x': 626.396178674472, 'y': 272.0374388626314, 'elapsedTime': 38197.200000047684}",577299458121,2324593514,POINT (0.3262480097262875 0.2518865174653995),,,,,,,,,,,1,
0,32,10,"{'x': 606.7491907949268, 'y': 211.7037534577272, 'elapsedTime': 38245.300000071526}",577299474788,2324610181,POINT (0.3160152035390244 0.19602199394234),,,,,,,,,,,,
0,32,10,"{'x': 606.7491907949268, 'y': 211.7037534577272, 'elapsedTime': 38245.300000071526}",577299491462,2324626854,POINT (0.3160152035390244 0.19602199394234),,,,,,,,,,,,
0,32,10,"{'x': 628.8892326925292, 'y': 245.13052083790265, 'elapsedTime': 38290.39999997616}",577299508128,2324643520,POINT (0.3275464753606923 0.2269727044795395),,,,,,,,,,,1,
0,32,10,"{'x': 628.8892326925292, 'y': 245.13052083790265, 'elapsedTime': 38290.39999997616}",577299524796,2324660187,POINT (0.3275464753606923 0.2269727044795395),,,,,,,,,,,1,
0,32,10,"{'x': 628.8892326925292, 'y': 245.13052083790265, 'elapsedTime': 38290.39999997616}",577299541462,2324676853,POINT (0.3275464753606923 0.2269727044795395),,,,,,,,,,,1,
0,32,10,"{'x': 736.0723463488421, 'y': 312.2076776855021, 'elapsedTime': 38335.300000071526}",577299558130,2324693520,POINT (0.3833710137233552 0.2890811830421316),,,,,,,,,,1,1,
0,32,10,"{'x': 736.0723463488421, 'y': 312.2076776855021, 'elapsedTime': 38335.300000071526}",577299574797,2324710187,POINT (0.3833710137233552 0.2890811830421316),,,,,,,,,,1,1,
0,32,10,"{'x': 736.0723463488421, 'y': 312.2076776855021, 'elapsedTime': 38335.300000071526}",577299591464,2324726853,POINT (0.3833710137233552 0.2890811830421316),,,,,,,,,,1,1,
0,32,10,"{'x': 736.0723463488421, 'y': 312.2076776855021, 'elapsedTime': 38335.300000071526}",577299608131,2324743520,POINT (0.3833710137233552 0.2890811830421316),,,,,,,,,,1,1,
0,32,10,"{'x': 729.8069375994845, 'y': 320.08538007722336, 'elapsedTime': 38386.700000047684}",577299624804,2324760192,POINT (0.3801077799997315 0.296375351923355),,,,,,,,,,,1,
0,32,10,"{'x': 729.8069375994845, 'y': 320.08538007722336, 'elapsedTime': 38386.700000047684}",577299641471,2324776859,POINT (0.3801077799997315 0.296375351923355),,,,,,,,,,,1,
0,32,10,"{'x': 729.8069375994845, 'y': 320.08538007722336, 'elapsedTime': 38386.700000047684}",577299658138,2324793525,POINT (0.3801077799997315 0.296375351923355),,,,,,,,,,,1,
0,32,10,"{'x': 770.8101432571241, 'y': 283.6245952175228, 'elapsedTime': 38451.700000047684}",577299674805,2324810192,POINT (0.4014636162797521 0.2626153659421507),,,,,,,,,,1,1,
0,32,10,"{'x': 770.8101432571241, 'y': 283.6245952175228, 'elapsedTime': 38451.700000047684}",577299691473,2324826858,POINT (0.4014636162797521 0.2626153659421507),,,,,,,,,,1,1,
0,32,10,"{'x': 770.8101432571241, 'y': 283.6245952175228, 'elapsedTime': 38451.700000047684}",577299708140,2324843525,POINT (0.4014636162797521 0.2626153659421507),,,,,,,,,,1,1,
0,32,10,"{'x': 770.8101432571241, 'y': 283.6245952175228, 'elapsedTime': 38451.700000047684}",577299724808,2324860192,POINT (0.4014636162797521 0.2626153659421507),,,,,,,,,,1,1,
0,32,10,"{'x': 772.5513758652745, 'y': 301.4631630536674, 'elapsedTime': 38506.800000071526}",577299741475,2324876859,POINT (0.4023705082631638 0.2791325583830254),,,,,,,,,,1,1,
0,32,10,"{'x': 772.5513758652745, 'y': 301.4631630536674, 'elapsedTime': 38506.800000071526}",577299758148,2324893531,POINT (0.4023705082631638 0.2791325583830254),,,,,,,,,,1,1,
0,32,10,"{'x': 772.5513758652745, 'y': 301.4631630536674, 'elapsedTime': 38506.800000071526}",577299774815,2324910198,POINT (0.4023705082631638 0.2791325583830254),,,,,,,,,,1,1,
0,32,10,"{'x': 772.5513758652745, 'y': 301.4631630536674, 'elapsedTime': 38506.800000071526}",577299791483,2324926865,POINT (0.4023705082631638 0.2791325583830254),,,,,,,,,,1,1,
0,32,10,"{'x': 748.2936917171473, 'y': 305.8968397649893, 'elapsedTime': 38566.700000047684}",577299808150,2324943531,POINT (0.3897362977693476 0.2832378145972123),,,,,,,,,,1,1,
0,32,10,"{'x': 748.2936917171473, 'y': 305.8968397649893, 'elapsedTime': 38566.700000047684}",577299824816,2324960197,POINT (0.3897362977693476 0.2832378145972123),,,,,,,,,,1,1,
0,32,10,"{'x': 748.2936917171473, 'y': 305.8968397649893, 'elapsedTime': 38566.700000047684}",577299841484,2324976864,POINT (0.3897362977693476 0.2832378145972123),,,,,,,,,,1,1,
0,32,10,"{'x': 717.6383408534043, 'y': 357.18081496769634, 'elapsedTime': 38616.89999997616}",577299858151,2324993531,POINT (0.3737699691944814 0.3307229768219411),,,,,,,,,,,,
0,32,10,"{'x': 717.6383408534043, 'y': 357.18081496769634, 'elapsedTime': 38616.89999997616}",577299874819,2325010198,POINT (0.3737699691944814 0.3307229768219411),,,,,,,,,,,,
0,32,10,"{'x': 717.6383408534043, 'y': 357.18081496769634, 'elapsedTime': 38616.89999997616}",577299891487,2325026866,POINT (0.3737699691944814 0.3307229768219411),,,,,,,,,,,,
0,32,10,"{'x': 823.5387547658559, 'y': 412.59939633140226, 'elapsedTime': 38672}",577299908154,2325043532,POINT (0.4289264347738833 0.3820364780846317),,,,,,,,,,,,
0,32,10,"{'x': 823.5387547658559, 'y': 412.59939633140226, 'elapsedTime': 38672}",577299924820,2325060198,POINT (0.4289264347738833 0.3820364780846317),,,,,,,,,,,,
0,32,10,"{'x': 823.5387547658559, 'y': 412.59939633140226, 'elapsedTime': 38672}",577299941488,2325076865,POINT (0.4289264347738833 0.3820364780846317),,,,,,,,,,,,
0,32,10,"{'x': 823.5387547658559, 'y': 412.59939633140226, 'elapsedTime': 38672}",577299958155,2325093532,POINT (0.4289264347738833 0.3820364780846317),,,,,,,,,,,,
0,32,10,"{'x': 877.1159021210827, 'y': 505.20541782309846, 'elapsedTime': 38727.700000047684}",577299974823,2325110199,POINT (0.4568311990213972 0.4677827942806467),,,,,,,,,,,1,
0,32,10,"{'x': 877.1159021210827, 'y': 505.20541782309846, 'elapsedTime': 38727.700000047684}",577299991489,2325126865,POINT (0.4568311990213972 0.4677827942806467),,,,,,,,,,,1,
0,32,10,"{'x': 877.1159021210827, 'y': 505.20541782309846, 'elapsedTime': 38727.700000047684}",577300008163,2325143538,POINT (0.4568311990213972 0.4677827942806467),,,,,,,,,,,1,
0,32,10,"{'x': 877.1159021210827, 'y': 505.20541782309846, 'elapsedTime': 38727.700000047684}",577300024831,2325160205,POINT (0.4568311990213972 0.4677827942806467),,,,,,,,,,,1,
0,32,10,"{'x': 877.1159021210827, 'y': 505.20541782309846, 'elapsedTime': 38727.700000047684}",577300041497,2325176871,POINT (0.4568311990213972 0.4677827942806467),,,,,,,,,,,1,
0,32,10,"{'x': 709.1146155287922, 'y': 534.9126796279056, 'elapsedTime': 38787.60000002384}",577300058165,2325193538,POINT (0.369330528921246 0.4952895181739867),,,,,,,,,,,1,
0,32,10,"{'x': 709.1146155287922, 'y': 534.9126796279056, 'elapsedTime': 38787.60000002384}",577300074833,2325210205,POINT (0.369330528921246 0.4952895181739867),,,,,,,,,,,1,
0,32,10,"{'x': 709.1146155287922, 'y': 534.9126796279056, 'elapsedTime': 38787.60000002384}",577300091499,2325226871,POINT (0.369330528921246 0.4952895181739867),,,,,,,,,,,1,
0,32,10,"{'x': 642.1555139097586, 'y': 537.3137146074757, 'elapsedTime': 38877.700000047684}",577300108167,2325243538,POINT (0.3344559968279993 0.4975126987106257),,,,,,,,,,,,
0,32,10,"{'x': 642.1555139097586, 'y': 537.3137146074757, 'elapsedTime': 38877.700000047684}",577300124834,2325260205,POINT (0.3344559968279993 0.4975126987106257),,,,,,,,,,,,
0,32,10,"{'x': 642.1555139097586, 'y': 537.3137146074757, 'elapsedTime': 38877.700000047684}",577300141507,2325276877,POINT (0.3344559968279993 0.4975126987106257),,,,,,,,,,,,
0,32,10,"{'x': 624.0310933931576, 'y': 479.28284001422685, 'elapsedTime': 38926.60000002384}",577300158174,2325293544,POINT (0.3250161944756029 0.4437804074205804),,,,,,,,,,,,
0,32,10,"{'x': 624.0310933931576, 'y': 479.28284001422685, 'elapsedTime': 38926.60000002384}",577300174842,2325310211,POINT (0.3250161944756029 0.4437804074205804),,,,,,,,,,,,
0,32,10,"{'x': 624.0310933931576, 'y': 479.28284001422685, 'elapsedTime': 38926.60000002384}",577300191509,2325326877,POINT (0.3250161944756029 0.4437804074205804),,,,,,,,,,,,
0,32,10,"{'x': 717.2988684217237, 'y': 432.0640317931442, 'elapsedTime': 38979.60000002384}",577300208176,2325343544,POINT (0.3735931606363144 0.4000592886973557),,,,,,,,,,,,
0,32,10,"{'x': 717.2988684217237, 'y': 432.0640317931442, 'elapsedTime': 38979.60000002384}",577300224844,2325360211,POINT (0.3735931606363144 0.4000592886973557),,,,,,,,,,,,
0,32,10,"{'x': 717.2988684217237, 'y': 432.0640317931442, 'elapsedTime': 38979.60000002384}",577300241510,2325376877,POINT (0.3735931606363144 0.4000592886973557),,,,,,,,,,,,
0,32,10,"{'x': 704.0504059598929, 'y': 367.93104192420907, 'elapsedTime': 39030.800000071526}",577300258178,2325393544,POINT (0.3666929197707776 0.340676890670564),,,,,,,,,,,,
0,32,10,"{'x': 704.0504059598929, 'y': 367.93104192420907, 'elapsedTime': 39030.800000071526}",577300274848,2325410214,POINT (0.3666929197707776 0.340676890670564),,,,,,,,,,,,
0,32,10,"{'x': 704.0504059598929, 'y': 367.93104192420907, 'elapsedTime': 39030.800000071526}",577300291516,2325426881,POINT (0.3666929197707776 0.340676890670564),,,,,,,,,,,,
0,32,10,"{'x': 713.318845411957, 'y': 301.9204292198521, 'elapsedTime': 39081.300000071526}",577300308183,2325443548,POINT (0.3715202319853942 0.2795559529813446),,,,,,,,,,1,1,
0,32,10,"{'x': 713.318845411957, 'y': 301.9204292198521, 'elapsedTime': 39081.300000071526}",577300324850,2325460214,POINT (0.3715202319853942 0.2795559529813446),,,,,,,,,,1,1,
0,32,10,"{'x': 713.318845411957, 'y': 301.9204292198521, 'elapsedTime': 39081.300000071526}",577300341518,2325476881,POINT (0.3715202319853942 0.2795559529813446),,,,,,,,,,1,1,
0,32,10,"{'x': 713.318845411957, 'y': 301.9204292198521, 'elapsedTime': 39081.300000071526}",577300358184,2325493547,POINT (0.3715202319853942 0.2795559529813446),,,,,,,,,,1,1,
0,32,10,"{'x': 713.318845411957, 'y': 301.9204292198521, 'elapsedTime': 39081.300000071526}",577300374853,2325510215,POINT (0.3715202319853942 0.2795559529813446),,,,,,,,,,1,1,
0,32,10,"{'x': 738.3104361041885, 'y': 280.4525529475644, 'elapsedTime': 39131.39999997616}",577300391520,2325526881,POINT (0.3845366854709315 0.2596782897662633),,,,,,,,,,1,1,
0,32,10,"{'x': 738.3104361041885, 'y': 280.4525529475644, 'elapsedTime': 39131.39999997616}",577300408190,2325543551,POINT (0.3845366854709315 0.2596782897662633),,,,,,,,,,1,1,
0,32,10,"{'x': 738.3104361041885, 'y': 280.4525529475644, 'elapsedTime': 39131.39999997616}",577300424857,2325560217,POINT (0.3845366854709315 0.2596782897662633),,,,,,,,,,1,1,
0,32,10,"{'x': 756.0810133391823, 'y': 235.01858288622543, 'elapsedTime': 39220.39999997616}",577300441524,2325576884,POINT (0.3937921944474908 0.2176097989687273),,,,,,,,,,,1,
0,32,10,"{'x': 756.0810133391823, 'y': 235.01858288622543, 'elapsedTime': 39220.39999997616}",577300458192,2325593551,POINT (0.3937921944474908 0.2176097989687273),,,,,,,,,,,1,
0,32,10,"{'x': 756.0810133391823, 'y': 235.01858288622543, 'elapsedTime': 39220.39999997616}",577300474859,2325610218,POINT (0.3937921944474908 0.2176097989687273),,,,,,,,,,,1,
0,32,10,"{'x': 780.1255655783216, 'y': 210.38353815218053, 'elapsedTime': 39267.300000071526}",577300491526,2325626884,POINT (0.4063153987387091 0.1947995723631301),,,,,,,,,,,,
0,32,10,"{'x': 780.1255655783216, 'y': 210.38353815218053, 'elapsedTime': 39267.300000071526}",577300508193,2325643551,POINT (0.4063153987387091 0.1947995723631301),,,,,,,,,,,,
0,32,10,"{'x': 780.1255655783216, 'y': 210.38353815218053, 'elapsedTime': 39267.300000071526}",577300524860,2325660217,POINT (0.4063153987387091 0.1947995723631301),,,,,,,,,,,,
0,32,10,"{'x': 767.6613545363032, 'y': 217.51306203896962, 'elapsedTime': 39320.39999997616}",577300541535,2325676891,POINT (0.3998236221543246 0.2014009833694163),,,,,,,,,,,,
0,32,10,"{'x': 767.6613545363032, 'y': 217.51306203896962, 'elapsedTime': 39320.39999997616}",577300558201,2325693557,POINT (0.3998236221543246 0.2014009833694163),,,,,,,,,,,,
0,32,10,"{'x': 767.6613545363032, 'y': 217.51306203896962, 'elapsedTime': 39320.39999997616}",577300574869,2325710224,POINT (0.3998236221543246 0.2014009833694163),,,,,,,,,,,,
0,32,10,"{'x': 767.6613545363032, 'y': 217.51306203896962, 'elapsedTime': 39320.39999997616}",577300591534,2325726889,POINT (0.3998236221543246 0.2014009833694163),,,,,,,,,,,,
0,32,10,"{'x': 745.8478186834095, 'y': 244.89013138696077, 'elapsedTime': 39364.800000071526}",577300608202,2325743556,POINT (0.3884624055642758 0.2267501216545933),,,,,,,,,,,1,
0,32,10,"{'x': 745.8478186834095, 'y': 244.89013138696077, 'elapsedTime': 39364.800000071526}",577300624868,2325760222,POINT (0.3884624055642758 0.2267501216545933),,,,,,,,,,,1,
0,32,10,"{'x': 745.8478186834095, 'y': 244.89013138696077, 'elapsedTime': 39364.800000071526}",577300641538,2325776891,POINT (0.3884624055642758 0.2267501216545933),,,,,,,,,,,1,
0,32,10,"{'x': 837.1066639096352, 'y': 359.9118491157805, 'elapsedTime': 39415.800000071526}",577300658204,2325793557,POINT (0.4359930541196017 0.3332517121442412),,,,,,,,,,,1,
0,32,10,"{'x': 837.1066639096352, 'y': 359.9118491157805, 'elapsedTime': 39415.800000071526}",577300674877,2325810228,POINT (0.4359930541196017 0.3332517121442412),,,,,,,,,,,1,
0,32,10,"{'x': 870.2718698784984, 'y': 444.7694105214676, 'elapsedTime': 39468.700000047684}",577300691544,2325826895,POINT (0.4532665988950512 0.4118235282606181),,,,,,,,,,,,
0,32,10,"{'x': 870.2718698784984, 'y': 444.7694105214676, 'elapsedTime': 39468.700000047684}",577300708211,2325843561,POINT (0.4532665988950512 0.4118235282606181),,,,,,,,,,,,
0,32,10,"{'x': 870.2718698784984, 'y': 444.7694105214676, 'elapsedTime': 39468.700000047684}",577300724878,2325860228,POINT (0.4532665988950512 0.4118235282606181),,,,,,,,,,,,
0,32,10,"{'x': 768.7831484185858, 'y': 462.5952281399851, 'elapsedTime': 39514.5}",577300741546,2325876895,POINT (0.4004078898013468 0.4283289149444306),,,,,,,,,,,,
0,32,10,"{'x': 768.7831484185858, 'y': 462.5952281399851, 'elapsedTime': 39514.5}",577300758213,2325893562,POINT (0.4004078898013468 0.4283289149444306),,,,,,,,,,,,
0,32,10,"{'x': 768.7831484185858, 'y': 462.5952281399851, 'elapsedTime': 39514.5}",577300774880,2325910228,POINT (0.4004078898013468 0.4283289149444306),,,,,,,,,,,,
0,32,10,"{'x': 768.7831484185858, 'y': 462.5952281399851, 'elapsedTime': 39514.5}",577300791546,2325926894,POINT (0.4004078898013468 0.4283289149444306),,,,,,,,,,,,
0,32,10,"{'x': 788.6019242780377, 'y': 535.7308852539416, 'elapsedTime': 39569.5}",577300808220,2325943567,POINT (0.4107301688948113 0.4960471159758718),,,,,,,,,,,1,
0,32,10,"{'x': 788.6019242780377, 'y': 535.7308852539416, 'elapsedTime': 39569.5}",577300824886,2325960233,POINT (0.4107301688948113 0.4960471159758718),,,,,,,,,,,1,
0,32,10,"{'x': 788.6019242780377, 'y': 535.7308852539416, 'elapsedTime': 39569.5}",577300841554,2325976900,POINT (0.4107301688948113 0.4960471159758718),,,,,,,,,,,1,
0,32,10,"{'x': 745.2717567750648, 'y': 556.1995985591062, 'elapsedTime': 39616.200000047684}",577300858221,2325993567,POINT (0.3881623733203462 0.5149996282954687),,,,,,,,,,,1,
0,32,10,"{'x': 745.2717567750648, 'y': 556.1995985591062, 'elapsedTime': 39616.200000047684}",577300874888,2326010233,POINT (0.3881623733203462 0.5149996282954687),,,,,,,,,,,1,
0,32,10,"{'x': 745.2717567750648, 'y': 556.1995985591062, 'elapsedTime': 39616.200000047684}",577300891555,2326026900,POINT (0.3881623733203462 0.5149996282954687),,,,,,,,,,,1,
0,32,10,"{'x': 745.5460299163223, 'y': 491.4691428844204, 'elapsedTime': 39674}",577300908223,2326043567,POINT (0.3883052239147512 0.4550640211892782),,,,,,,,,,,,
0,32,10,"{'x': 745.5460299163223, 'y': 491.4691428844204, 'elapsedTime': 39674}",577300924895,2326060238,POINT (0.3883052239147512 0.4550640211892782),,,,,,,,,,,,
0,32,10,"{'x': 745.5460299163223, 'y': 491.4691428844204, 'elapsedTime': 39674}",577300941562,2326076905,POINT (0.3883052239147512 0.4550640211892782),,,,,,,,,,,,
0,32,10,"{'x': 756.9728945266913, 'y': 384.79489949018443, 'elapsedTime': 39728.5}",577300958230,2326093571,POINT (0.3942567158993184 0.3562915736020226),,,,,,,,,,,,
0,32,10,"{'x': 756.9728945266913, 'y': 384.79489949018443, 'elapsedTime': 39728.5}",577300974897,2326110238,POINT (0.3942567158993184 0.3562915736020226),,,,,,,,,,,,
0,32,10,"{'x': 756.9728945266913, 'y': 384.79489949018443, 'elapsedTime': 39728.5}",577300991564,2326126904,POINT (0.3942567158993184 0.3562915736020226),,,,,,,,,,,,
0,32,10,"{'x': 756.9728945266913, 'y': 384.79489949018443, 'elapsedTime': 39728.5}",577301008231,2326143571,POINT (0.3942567158993184 0.3562915736020226),,,,,,,,,,,,
0,32,10,"{'x': 756.9728945266913, 'y': 384.79489949018443, 'elapsedTime': 39728.5}",577301024899,2326160238,POINT (0.3942567158993184 0.3562915736020226),,,,,,,,,,,,
0,32,10,"{'x': 723.1046728584604, 'y': 334.56808284845533, 'elapsedTime': 39779.10000002384}",577301041565,2326176904,POINT (0.3766170171137814 0.3097852618967179),,,,,,,,,,,1,
0,32,10,"{'x': 723.1046728584604, 'y': 334.56808284845533, 'elapsedTime': 39779.10000002384}",577301058238,2326193576,POINT (0.3766170171137814 0.3097852618967179),,,,,,,,,,,1,
0,32,10,"{'x': 723.1046728584604, 'y': 334.56808284845533, 'elapsedTime': 39779.10000002384}",577301074904,2326210242,POINT (0.3766170171137814 0.3097852618967179),,,,,,,,,,,1,
0,32,10,"{'x': 649.6950291435382, 'y': 364.4454230841753, 'elapsedTime': 39852.5}",577301091571,2326226908,POINT (0.3383828276789262 0.3374494658186808),,,,,,,,,,,,
0,32,10,"{'x': 649.6950291435382, 'y': 364.4454230841753, 'elapsedTime': 39852.5}",577301108238,2326243575,POINT (0.3383828276789262 0.3374494658186808),,,,,,,,,,,,
0,32,10,"{'x': 649.6950291435382, 'y': 364.4454230841753, 'elapsedTime': 39852.5}",577301124906,2326260242,POINT (0.3383828276789262 0.3374494658186808),,,,,,,,,,,,
0,32,10,"{'x': 685.8660942336406, 'y': 365.5525839803982, 'elapsedTime': 39909.39999997616}",577301141573,2326276909,POINT (0.3572219240800212 0.338474614796665),,,,,,,,,,,,
0,32,10,"{'x': 685.8660942336406, 'y': 365.5525839803982, 'elapsedTime': 39909.39999997616}",577301158240,2326293575,POINT (0.3572219240800212 0.338474614796665),,,,,,,,,,,,
0,32,10,"{'x': 685.8660942336406, 'y': 365.5525839803982, 'elapsedTime': 39909.39999997616}",577301174907,2326310242,POINT (0.3572219240800212 0.338474614796665),,,,,,,,,,,,
0,32,10,"{'x': 739.37937971005, 'y': 291.7635169171133, 'elapsedTime': 39960.700000047684}",577301191579,2326326913,POINT (0.3850934269323177 0.2701514045528827),,,,,,,,,,1,1,
0,32,10,"{'x': 739.37937971005, 'y': 291.7635169171133, 'elapsedTime': 39960.700000047684}",577301208246,2326343580,POINT (0.3850934269323177 0.2701514045528827),,,,,,,,,,1,1,
0,32,10,"{'x': 812.7654308430241, 'y': 296.0464085303091, 'elapsedTime': 40012.39999997616}",577301224914,2326360247,POINT (0.4233153285640751 0.2741170449354714),,,,,,,,,,1,1,
0,32,10,"{'x': 812.7654308430241, 'y': 296.0464085303091, 'elapsedTime': 40012.39999997616}",577301241580,2326376913,POINT (0.4233153285640751 0.2741170449354714),,,,,,,,,,1,1,
0,32,10,"{'x': 812.7654308430241, 'y': 296.0464085303091, 'elapsedTime': 40012.39999997616}",577301258249,2326393580,POINT (0.4233153285640751 0.2741170449354714),,,,,,,,,,1,1,
0,32,10,"{'x': 812.7654308430241, 'y': 296.0464085303091, 'elapsedTime': 40012.39999997616}",577301274917,2326410247,POINT (0.4233153285640751 0.2741170449354714),,,,,,,,,,1,1,
0,32,10,"{'x': 812.7654308430241, 'y': 296.0464085303091, 'elapsedTime': 40012.39999997616}",577301291584,2326426914,POINT (0.4233153285640751 0.2741170449354714),,,,,,,,,,1,1,
0,32,10,"{'x': 721.1437358848099, 'y': 349.2822849806249, 'elapsedTime': 40066}",577301308251,2326443580,POINT (0.3755956957733385 0.3234095231302083),,,,,,,,,,,1,
0,32,10,"{'x': 721.1437358848099, 'y': 349.2822849806249, 'elapsedTime': 40066}",577301324925,2326460254,POINT (0.3755956957733385 0.3234095231302083),,,,,,,,,,,1,
0,32,10,"{'x': 721.1437358848099, 'y': 349.2822849806249, 'elapsedTime': 40066}",577301341593,2326476921,POINT (0.3755956957733385 0.3234095231302083),,,,,,,,,,,1,
0,32,10,"{'x': 748.1841963433116, 'y': 428.3599686370091, 'elapsedTime': 40118.89999997616}",577301358260,2326493588,POINT (0.3896792689288081 0.3966296005898232),,,,,,,,,,,,
0,32,10,"{'x': 748.1841963433116, 'y': 428.3599686370091, 'elapsedTime': 40118.89999997616}",577301374927,2326510254,POINT (0.3896792689288081 0.3966296005898232),,,,,,,,,,,,
0,32,10,"{'x': 748.1841963433116, 'y': 428.3599686370091, 'elapsedTime': 40118.89999997616}",577301391595,2326526922,POINT (0.3896792689288081 0.3966296005898232),,,,,,,,,,,,
0,32,10,"{'x': 756.1463848494695, 'y': 415.23056391154023, 'elapsedTime': 40169.300000071526}",577301408262,2326543588,POINT (0.3938262421090987 0.3844727443625373),,,,,,,,,,,,
0,32,10,"{'x': 756.1463848494695, 'y': 415.23056391154023, 'elapsedTime': 40169.300000071526}",577301424928,2326560254,POINT (0.3938262421090987 0.3844727443625373),,,,,,,,,,,,
0,32,10,"{'x': 756.1463848494695, 'y': 415.23056391154023, 'elapsedTime': 40169.300000071526}",577301441597,2326576922,POINT (0.3938262421090987 0.3844727443625373),,,,,,,,,,,,
0,32,10,"{'x': 756.1463848494695, 'y': 415.23056391154023, 'elapsedTime': 40169.300000071526}",577301458263,2326593588,POINT (0.3938262421090987 0.3844727443625373),,,,,,,,,,,,
0,32,10,"{'x': 762.0263419797964, 'y': 379.3967913234101, 'elapsedTime': 40245}",577301474931,2326610255,POINT (0.3968887197811439 0.3512933252994538),,,,,,,,,,,,
0,32,10,"{'x': 762.0263419797964, 'y': 379.3967913234101, 'elapsedTime': 40245}",577301491598,2326626922,POINT (0.3968887197811439 0.3512933252994538),,,,,,,,,,,,
0,32,10,"{'x': 762.0263419797964, 'y': 379.3967913234101, 'elapsedTime': 40245}",577301508265,2326643588,POINT (0.3968887197811439 0.3512933252994538),,,,,,,,,,,,
0,32,10,"{'x': 735.6568324032165, 'y': 358.6786399134815, 'elapsedTime': 40295.5}",577301524931,2326660254,POINT (0.3831546002100086 0.3321098517717421),,,,,,,,,,,,
0,32,10,"{'x': 735.6568324032165, 'y': 358.6786399134815, 'elapsedTime': 40295.5}",577301541599,2326676921,POINT (0.3831546002100086 0.3321098517717421),,,,,,,,,,,,
0,32,10,"{'x': 735.6568324032165, 'y': 358.6786399134815, 'elapsedTime': 40295.5}",577301558266,2326693588,POINT (0.3831546002100086 0.3321098517717421),,,,,,,,,,,,
0,32,10,"{'x': 735.9845231923208, 'y': 323.5216789367075, 'elapsedTime': 40346}",577301574934,2326710255,POINT (0.3833252724960004 0.299557110126581),,,,,,,,,,,1,
0,32,10,"{'x': 735.9845231923208, 'y': 323.5216789367075, 'elapsedTime': 40346}",577301591604,2326726925,POINT (0.3833252724960004 0.299557110126581),,,,,,,,,,,1,
0,32,10,"{'x': 735.9845231923208, 'y': 323.5216789367075, 'elapsedTime': 40346}",577301608272,2326743592,POINT (0.3833252724960004 0.299557110126581),,,,,,,,,,,1,
0,32,10,"{'x': 759.7585160417037, 'y': 285.34158306857114, 'elapsedTime': 40398.700000047684}",577301624939,2326760259,POINT (0.3957075604383873 0.2642051695079363),,,,,,,,,,1,1,
0,32,10,"{'x': 759.7585160417037, 'y': 285.34158306857114, 'elapsedTime': 40398.700000047684}",577301641606,2326776925,POINT (0.3957075604383873 0.2642051695079363),,,,,,,,,,1,1,
0,32,10,"{'x': 759.7585160417037, 'y': 285.34158306857114, 'elapsedTime': 40398.700000047684}",577301658274,2326793592,POINT (0.3957075604383873 0.2642051695079363),,,,,,,,,,1,1,
0,32,10,"{'x': 746.3710451191906, 'y': 272.8778949658743, 'elapsedTime': 40449.10000002384}",577301674940,2326810258,POINT (0.3887349193329118 0.2526647175609947),,,,,,,,,,1,1,
0,32,10,"{'x': 746.3710451191906, 'y': 272.8778949658743, 'elapsedTime': 40449.10000002384}",577301691608,2326826925,POINT (0.3887349193329118 0.2526647175609947),,,,,,,,,,1,1,
0,32,10,"{'x': 746.3710451191906, 'y': 272.8778949658743, 'elapsedTime': 40449.10000002384}",577301708275,2326843592,POINT (0.3887349193329118 0.2526647175609947),,,,,,,,,,1,1,
0,32,10,"{'x': 769.8002055920721, 'y': 293.5179390521264, 'elapsedTime': 40500.800000071526}",577301724948,2326860264,POINT (0.4009376070792042 0.2717758694927096),,,,,,,,,,1,1,
0,32,10,"{'x': 769.8002055920721, 'y': 293.5179390521264, 'elapsedTime': 40500.800000071526}",577301741615,2326876931,POINT (0.4009376070792042 0.2717758694927096),,,,,,,,,,1,1,
0,32,10,"{'x': 769.8002055920721, 'y': 293.5179390521264, 'elapsedTime': 40500.800000071526}",577301758283,2326893598,POINT (0.4009376070792042 0.2717758694927096),,,,,,,,,,1,1,
0,32,10,"{'x': 707.5389413199828, 'y': 264.8267209770858, 'elapsedTime': 40552.700000047684}",577301774949,2326910264,POINT (0.3685098652708244 0.245209926830635),,,,,,,,,,,1,
0,32,10,"{'x': 707.5389413199828, 'y': 264.8267209770858, 'elapsedTime': 40552.700000047684}",577301791617,2326926931,POINT (0.3685098652708244 0.245209926830635),,,,,,,,,,,1,
0,32,10,"{'x': 707.5389413199828, 'y': 264.8267209770858, 'elapsedTime': 40552.700000047684}",577301808284,2326943598,POINT (0.3685098652708244 0.245209926830635),,,,,,,,,,,1,
0,32,10,"{'x': 619.6716930912971, 'y': 257.5006663116951, 'elapsedTime': 40601.10000002384}",577301824951,2326960264,POINT (0.3227456734850506 0.2384265428811992),,,,,,,,,,,1,
0,32,10,"{'x': 619.6716930912971, 'y': 257.5006663116951, 'elapsedTime': 40601.10000002384}",577301841624,2326976937,POINT (0.3227456734850506 0.2384265428811992),,,,,,,,,,,1,
0,32,10,"{'x': 619.6716930912971, 'y': 257.5006663116951, 'elapsedTime': 40601.10000002384}",577301858292,2326993604,POINT (0.3227456734850506 0.2384265428811992),,,,,,,,,,,1,
0,32,10,"{'x': 619.6716930912971, 'y': 257.5006663116951, 'elapsedTime': 40601.10000002384}",577301874959,2327010271,POINT (0.3227456734850506 0.2384265428811992),,,,,,,,,,,1,
0,32,10,"{'x': 651.4364796402203, 'y': 255.08578801183492, 'elapsedTime': 40650.700000047684}",577301891626,2327026937,POINT (0.3392898331459481 0.2361905444554027),,,,,,,,,,,1,
0,32,10,"{'x': 651.4364796402203, 'y': 255.08578801183492, 'elapsedTime': 40650.700000047684}",577301908292,2327043603,POINT (0.3392898331459481 0.2361905444554027),,,,,,,,,,,1,
0,32,10,"{'x': 706.7104828405069, 'y': 251.29248776116555, 'elapsedTime': 40705.39999997616}",577301924961,2327060271,POINT (0.3680783764794306 0.2326782294084866),,,,,,,,,,,1,
0,32,10,"{'x': 706.7104828405069, 'y': 251.29248776116555, 'elapsedTime': 40705.39999997616}",577301941627,2327076937,POINT (0.3680783764794306 0.2326782294084866),,,,,,,,,,,1,
0,32,10,"{'x': 706.7104828405069, 'y': 251.29248776116555, 'elapsedTime': 40705.39999997616}",577301958295,2327093604,POINT (0.3680783764794306 0.2326782294084866),,,,,,,,,,,1,
0,32,10,"{'x': 706.7104828405069, 'y': 251.29248776116555, 'elapsedTime': 40705.39999997616}",577301974965,2327110274,POINT (0.3680783764794306 0.2326782294084866),,,,,,,,,,,1,
0,32,10,"{'x': 714.8965624178893, 'y': 267.3957529451705, 'elapsedTime': 40758.700000047684}",577301991633,2327126941,POINT (0.3723419595926506 0.2475886601344171),,,,,,,,,,,1,
0,32,10,"{'x': 714.8965624178893, 'y': 267.3957529451705, 'elapsedTime': 40758.700000047684}",577302008301,2327143608,POINT (0.3723419595926506 0.2475886601344171),,,,,,,,,,,1,
0,32,10,"{'x': 714.8965624178893, 'y': 267.3957529451705, 'elapsedTime': 40758.700000047684}",577302024967,2327160274,POINT (0.3723419595926506 0.2475886601344171),,,,,,,,,,,1,
0,32,10,"{'x': 735.8461946774912, 'y': 311.05501362974405, 'elapsedTime': 40810.89999997616}",577302041635,2327176941,POINT (0.3832532263945267 0.2880139015090223),,,,,,,,,,1,1,
0,32,10,"{'x': 735.8461946774912, 'y': 311.05501362974405, 'elapsedTime': 40810.89999997616}",577302058301,2327193607,POINT (0.3832532263945267 0.2880139015090223),,,,,,,,,,1,1,
0,32,10,"{'x': 735.8461946774912, 'y': 311.05501362974405, 'elapsedTime': 40810.89999997616}",577302074969,2327210274,POINT (0.3832532263945267 0.2880139015090223),,,,,,,,,,1,1,
0,32,10,"{'x': 748.1213229023058, 'y': 323.28796675305784, 'elapsedTime': 40867.10000002384}",577302091636,2327226941,POINT (0.389646522344951 0.2993407099565351),,,,,,,,,,,1,
0,32,10,"{'x': 748.1213229023058, 'y': 323.28796675305784, 'elapsedTime': 40867.10000002384}",577302108308,2327243612,POINT (0.389646522344951 0.2993407099565351),,,,,,,,,,,1,
0,32,10,"{'x': 748.1213229023058, 'y': 323.28796675305784, 'elapsedTime': 40867.10000002384}",577302124975,2327260279,POINT (0.389646522344951 0.2993407099565351),,,,,,,,,,,1,
0,32,10,"{'x': 748.1213229023058, 'y': 323.28796675305784, 'elapsedTime': 40867.10000002384}",577302141643,2327276946,POINT (0.389646522344951 0.2993407099565351),,,,,,,,,,,1,
0,32,10,"{'x': 784.6041201984236, 'y': 305.8966394331226, 'elapsedTime': 40918.300000071526}",577302158309,2327293612,POINT (0.4086479792700123 0.2832376291047432),,,,,,,,,,1,1,
0,32,10,"{'x': 784.6041201984236, 'y': 305.8966394331226, 'elapsedTime': 40918.300000071526}",577302174977,2327310279,POINT (0.4086479792700123 0.2832376291047432),,,,,,,,,,1,1,
0,32,10,"{'x': 784.6041201984236, 'y': 305.8966394331226, 'elapsedTime': 40918.300000071526}",577302191644,2327326946,POINT (0.4086479792700123 0.2832376291047432),,,,,,,,,,1,1,
0,32,10,"{'x': 727.9265443457832, 'y': 327.2852543121167, 'elapsedTime': 40971.89999997616}",577302208311,2327343612,POINT (0.3791284085134288 0.3030419021408488),,,,,,,,,,,1,
0,32,10,"{'x': 727.9265443457832, 'y': 327.2852543121167, 'elapsedTime': 40971.89999997616}",577302224978,2327360279,POINT (0.3791284085134288 0.3030419021408488),,,,,,,,,,,1,
0,32,10,"{'x': 727.9265443457832, 'y': 327.2852543121167, 'elapsedTime': 40971.89999997616}",577302241650,2327376950,POINT (0.3791284085134288 0.3030419021408488),,,,,,,,,,,1,
0,32,10,"{'x': 724.4766120134235, 'y': 303.74881964432825, 'elapsedTime': 41020.800000071526}",577302258316,2327393616,POINT (0.3773315687569914 0.2812489070780817),,,,,,,,,,1,1,
0,32,10,"{'x': 724.4766120134235, 'y': 303.74881964432825, 'elapsedTime': 41020.800000071526}",577302274984,2327410283,POINT (0.3773315687569914 0.2812489070780817),,,,,,,,,,1,1,
0,32,10,"{'x': 724.4766120134235, 'y': 303.74881964432825, 'elapsedTime': 41020.800000071526}",577302291651,2327426950,POINT (0.3773315687569914 0.2812489070780817),,,,,,,,,,1,1,
0,32,10,"{'x': 716.359133428874, 'y': 303.7057174000605, 'elapsedTime': 41081.60000002384}",577302308318,2327443616,POINT (0.3731037153275386 0.2812089975926486),,,,,,,,,,1,1,
0,32,10,"{'x': 716.359133428874, 'y': 303.7057174000605, 'elapsedTime': 41081.60000002384}",577302324985,2327460283,POINT (0.3731037153275386 0.2812089975926486),,,,,,,,,,1,1,
0,32,10,"{'x': 716.359133428874, 'y': 303.7057174000605, 'elapsedTime': 41081.60000002384}",577302341653,2327476950,POINT (0.3731037153275386 0.2812089975926486),,,,,,,,,,1,1,
0,32,10,"{'x': 708.5124092230604, 'y': 317.8187880984716, 'elapsedTime': 41130.5}",577302358320,2327493617,POINT (0.3690168798036773 0.2942766556467329),,,,,,,,,,1,1,
0,32,10,"{'x': 708.5124092230604, 'y': 317.8187880984716, 'elapsedTime': 41130.5}",577302374992,2327510288,POINT (0.3690168798036773 0.2942766556467329),,,,,,,,,,1,1,
0,32,10,"{'x': 708.5124092230604, 'y': 317.8187880984716, 'elapsedTime': 41130.5}",577302391660,2327526955,POINT (0.3690168798036773 0.2942766556467329),,,,,,,,,,1,1,
0,32,10,"{'x': 708.5124092230604, 'y': 317.8187880984716, 'elapsedTime': 41130.5}",577302408326,2327543621,POINT (0.3690168798036773 0.2942766556467329),,,,,,,,,,1,1,
0,32,10,"{'x': 743.9411726221651, 'y': 462.5259196566434, 'elapsedTime': 41182.300000071526}",577302424994,2327560288,POINT (0.387469360740711 0.428264740422818),,,,,,,,,,,,
0,32,10,"{'x': 743.9411726221651, 'y': 462.5259196566434, 'elapsedTime': 41182.300000071526}",577302441661,2327576955,POINT (0.387469360740711 0.428264740422818),,,,,,,,,,,,
0,32,10,"{'x': 743.9411726221651, 'y': 462.5259196566434, 'elapsedTime': 41182.300000071526}",577302458329,2327593622,POINT (0.387469360740711 0.428264740422818),,,,,,,,,,,,
0,32,10,"{'x': 757.3677946898395, 'y': 540.5555000855433, 'elapsedTime': 41233.200000047684}",577302474995,2327610288,POINT (0.3944623930676247 0.5005143519310585),,,,,,,,,,,1,
0,32,10,"{'x': 757.3677946898395, 'y': 540.5555000855433, 'elapsedTime': 41233.200000047684}",577302491663,2327626955,POINT (0.3944623930676247 0.5005143519310585),,,,,,,,,,,1,
0,32,10,"{'x': 757.3677946898395, 'y': 540.5555000855433, 'elapsedTime': 41233.200000047684}",577302508334,2327643626,POINT (0.3944623930676247 0.5005143519310585),,,,,,,,,,,1,
0,32,10,"{'x': 719.7736146401273, 'y': 522.585525847508, 'elapsedTime': 41291.700000047684}",577302525001,2327660292,POINT (0.3748820909583996 0.4838754868958408),,,,,,,,,,,,
0,32,10,"{'x': 719.7736146401273, 'y': 522.585525847508, 'elapsedTime': 41291.700000047684}",577302541668,2327676959,POINT (0.3748820909583996 0.4838754868958408),,,,,,,,,,,,
0,32,10,"{'x': 719.7736146401273, 'y': 522.585525847508, 'elapsedTime': 41291.700000047684}",577302558335,2327693625,POINT (0.3748820909583996 0.4838754868958408),,,,,,,,,,,,
0,32,10,"{'x': 633.1340651153675, 'y': 541.697243459759, 'elapsedTime': 41341.200000047684}",577302575002,2327710292,POINT (0.3297573255809206 0.501571521721999),,,,,,,,,,,,
0,32,10,"{'x': 633.1340651153675, 'y': 541.697243459759, 'elapsedTime': 41341.200000047684}",577302591670,2327726959,POINT (0.3297573255809206 0.501571521721999),,,,,,,,,,,,
0,32,10,"{'x': 633.1340651153675, 'y': 541.697243459759, 'elapsedTime': 41341.200000047684}",577302608336,2327743625,POINT (0.3297573255809206 0.501571521721999),,,,,,,,,,,,
0,32,10,"{'x': 651.5587024370268, 'y': 524.0789712573161, 'elapsedTime': 41390.89999997616}",577302625007,2327760295,POINT (0.3393534908526181 0.4852583067197371),,,,,,,,,,,,
0,32,10,"{'x': 651.5587024370268, 'y': 524.0789712573161, 'elapsedTime': 41390.89999997616}",577302641673,2327776961,POINT (0.3393534908526181 0.4852583067197371),,,,,,,,,,,,
0,32,10,"{'x': 651.5587024370268, 'y': 524.0789712573161, 'elapsedTime': 41390.89999997616}",577302658341,2327793628,POINT (0.3393534908526181 0.4852583067197371),,,,,,,,,,,,
0,32,10,"{'x': 726.7060539223894, 'y': 489.19733366864267, 'elapsedTime': 41439}",577302675008,2327810295,POINT (0.3784927364179112 0.4529604941376321),,,,,,,,,,,,
0,32,10,"{'x': 726.7060539223894, 'y': 489.19733366864267, 'elapsedTime': 41439}",577302691675,2327826961,POINT (0.3784927364179112 0.4529604941376321),,,,,,,,,,,,
0,32,10,"{'x': 726.7060539223894, 'y': 489.19733366864267, 'elapsedTime': 41439}",577302708342,2327843628,POINT (0.3784927364179112 0.4529604941376321),,,,,,,,,,,,
0,32,10,"{'x': 742.4647795763002, 'y': 475.67035959417336, 'elapsedTime': 41495.200000047684}",577302725010,2327860295,POINT (0.386700406029323 0.4404355181427531),,,,,,,,,,,,
0,32,10,"{'x': 742.4647795763002, 'y': 475.67035959417336, 'elapsedTime': 41495.200000047684}",577302741677,2327876961,POINT (0.386700406029323 0.4404355181427531),,,,,,,,,,,,
0,32,10,"{'x': 742.4647795763002, 'y': 475.67035959417336, 'elapsedTime': 41495.200000047684}",577302758348,2327893632,POINT (0.386700406029323 0.4404355181427531),,,,,,,,,,,,
0,32,10,"{'x': 771.9961728893358, 'y': 448.9874271718543, 'elapsedTime': 41545.89999997616}",577302775016,2327910299,POINT (0.402081340046529 0.4157290992331984),,,,,,,,,,,,
0,32,10,"{'x': 771.9961728893358, 'y': 448.9874271718543, 'elapsedTime': 41545.89999997616}",577302791682,2327926965,POINT (0.402081340046529 0.4157290992331984),,,,,,,,,,,,
0,32,10,"{'x': 771.9961728893358, 'y': 448.9874271718543, 'elapsedTime': 41545.89999997616}",577302808350,2327943632,POINT (0.402081340046529 0.4157290992331984),,,,,,,,,,,,
0,32,10,"{'x': 771.9961728893358, 'y': 448.9874271718543, 'elapsedTime': 41545.89999997616}",577302825017,2327960299,POINT (0.402081340046529 0.4157290992331984),,,,,,,,,,,,
0,32,10,"{'x': 771.9961728893358, 'y': 448.9874271718543, 'elapsedTime': 41545.89999997616}",577302841684,2327976965,POINT (0.402081340046529 0.4157290992331984),,,,,,,,,,,,
0,32,10,"{'x': 856.4686236746202, 'y': 349.218238197585, 'elapsedTime': 41597.700000047684}",577302858351,2327993632,POINT (0.4460774081638646 0.3233502205533194),,,,,,,,,,,1,
0,32,10,"{'x': 856.4686236746202, 'y': 349.218238197585, 'elapsedTime': 41597.700000047684}",577302875019,2328010299,POINT (0.4460774081638646 0.3233502205533194),,,,,,,,,,,1,
0,32,10,"{'x': 856.4686236746202, 'y': 349.218238197585, 'elapsedTime': 41597.700000047684}",577302891691,2328026971,POINT (0.4460774081638646 0.3233502205533194),,,,,,,,,,,1,
0,32,10,"{'x': 856.4686236746202, 'y': 349.218238197585, 'elapsedTime': 41597.700000047684}",577302908359,2328043638,POINT (0.4460774081638646 0.3233502205533194),,,,,,,,,,,1,
0,32,10,"{'x': 872.5945134364136, 'y': 322.6617913650536, 'elapsedTime': 41689.10000002384}",577302925026,2328060305,POINT (0.4544763090814655 0.2987609179306052),,,,,,,,,,,1,
0,32,10,"{'x': 872.5945134364136, 'y': 322.6617913650536, 'elapsedTime': 41689.10000002384}",577302941693,2328076971,POINT (0.4544763090814655 0.2987609179306052),,,,,,,,,,,1,
0,32,10,"{'x': 872.5945134364136, 'y': 322.6617913650536, 'elapsedTime': 41689.10000002384}",577302958360,2328093638,POINT (0.4544763090814655 0.2987609179306052),,,,,,,,,,,1,
0,32,10,"{'x': 801.5964696337079, 'y': 270.53666151626794, 'elapsedTime': 41744.10000002384}",577302975028,2328110305,POINT (0.4174981612675562 0.2504969088113592),,,,,,,,,,1,1,
0,32,10,"{'x': 801.5964696337079, 'y': 270.53666151626794, 'elapsedTime': 41744.10000002384}",577302991695,2328126972,POINT (0.4174981612675562 0.2504969088113592),,,,,,,,,,1,1,
0,32,10,"{'x': 801.5964696337079, 'y': 270.53666151626794, 'elapsedTime': 41744.10000002384}",577303008362,2328143638,POINT (0.4174981612675562 0.2504969088113592),,,,,,,,,,1,1,
0,32,10,"{'x': 814.4275915213304, 'y': 243.47168972325676, 'elapsedTime': 41795.89999997616}",577303025033,2328160309,POINT (0.424181037250693 0.2254367497437563),,,,,,,,,,,1,
0,32,10,"{'x': 814.4275915213304, 'y': 243.47168972325676, 'elapsedTime': 41795.89999997616}",577303041701,2328176976,POINT (0.424181037250693 0.2254367497437563),,,,,,,,,,,1,
0,32,10,"{'x': 814.4275915213304, 'y': 243.47168972325676, 'elapsedTime': 41795.89999997616}",577303058368,2328193643,POINT (0.424181037250693 0.2254367497437563),,,,,,,,,,,1,
0,32,10,"{'x': 814.4275915213304, 'y': 243.47168972325676, 'elapsedTime': 41795.89999997616}",577303075036,2328210310,POINT (0.424181037250693 0.2254367497437563),,,,,,,,,,,1,
0,32,10,"{'x': 754.0100447482074, 'y': 237.01037222000096, 'elapsedTime': 41862.700000047684}",577303091702,2328226976,POINT (0.3927135649730247 0.2194540483518528),,,,,,,,,,,1,
0,32,10,"{'x': 754.0100447482074, 'y': 237.01037222000096, 'elapsedTime': 41862.700000047684}",577303108370,2328243643,POINT (0.3927135649730247 0.2194540483518528),,,,,,,,,,,1,
0,32,10,"{'x': 754.0100447482074, 'y': 237.01037222000096, 'elapsedTime': 41862.700000047684}",577303125037,2328260309,POINT (0.3927135649730247 0.2194540483518528),,,,,,,,,,,1,
0,32,10,"{'x': 735.3756382897376, 'y': 214.13202718287042, 'elapsedTime': 41913.200000047684}",577303141704,2328276976,POINT (0.3830081449425717 0.1982703955396948),,,,,,,,,,,,
0,32,10,"{'x': 747.3805090810104, 'y': 177.55149392609707, 'elapsedTime': 41965}",577303158378,2328293649,POINT (0.3892606818130262 0.1643995314130528),,,,,,,,,,1,,
0,32,10,"{'x': 747.3805090810104, 'y': 177.55149392609707, 'elapsedTime': 41965}",577303175045,2328310316,POINT (0.3892606818130262 0.1643995314130528),,,,,,,,,,1,,
0,32,10,"{'x': 747.3805090810104, 'y': 177.55149392609707, 'elapsedTime': 41965}",577303191712,2328326982,POINT (0.3892606818130262 0.1643995314130528),,,,,,,,,,1,,
0,32,10,"{'x': 747.3805090810104, 'y': 177.55149392609707, 'elapsedTime': 41965}",577303208379,2328343649,POINT (0.3892606818130262 0.1643995314130528),,,,,,,,,,1,,
0,32,10,"{'x': 747.3805090810104, 'y': 177.55149392609707, 'elapsedTime': 41965}",577303225047,2328360316,POINT (0.3892606818130262 0.1643995314130528),,,,,,,,,,1,,
0,32,10,"{'x': 747.3805090810104, 'y': 177.55149392609707, 'elapsedTime': 41965}",577303241713,2328376982,POINT (0.3892606818130262 0.1643995314130528),,,,,,,,,,1,,
0,32,10,"{'x': 708.7436694671286, 'y': 203.7022556000839, 'elapsedTime': 42016.800000071526}",577303258381,2328393649,POINT (0.3691373278474628 0.1886131996297073),,,,,,,,,,,,
0,32,10,"{'x': 708.7436694671286, 'y': 203.7022556000839, 'elapsedTime': 42016.800000071526}",577303275048,2328410316,POINT (0.3691373278474628 0.1886131996297073),,,,,,,,,,,,
0,32,10,"{'x': 708.7436694671286, 'y': 203.7022556000839, 'elapsedTime': 42016.800000071526}",577303291718,2328426985,POINT (0.3691373278474628 0.1886131996297073),,,,,,,,,,,,
0,32,10,"{'x': 700.3051473910311, 'y': 251.26006225982488, 'elapsedTime': 42068.700000047684}",577303308385,2328443652,POINT (0.3647422642661621 0.2326482057961342),,,,,,,,,,,1,
0,32,10,"{'x': 700.3051473910311, 'y': 251.26006225982488, 'elapsedTime': 42068.700000047684}",577303325052,2328460318,POINT (0.3647422642661621 0.2326482057961342),,,,,,,,,,,1,
0,32,10,"{'x': 675.21881104156, 'y': 267.50422573009166, 'elapsedTime': 42122.10000002384}",577303341719,2328476985,POINT (0.3516764640841458 0.247689097898233),,,,,,,,,,,1,
0,32,10,"{'x': 675.21881104156, 'y': 267.50422573009166, 'elapsedTime': 42122.10000002384}",577303358387,2328493652,POINT (0.3516764640841458 0.247689097898233),,,,,,,,,,,1,
0,32,10,"{'x': 675.21881104156, 'y': 267.50422573009166, 'elapsedTime': 42122.10000002384}",577303375053,2328510318,POINT (0.3516764640841458 0.247689097898233),,,,,,,,,,,1,
0,32,10,"{'x': 675.21881104156, 'y': 267.50422573009166, 'elapsedTime': 42122.10000002384}",577303391721,2328526985,POINT (0.3516764640841458 0.247689097898233),,,,,,,,,,,1,
0,32,10,"{'x': 593.0593540964983, 'y': 282.2354991956738, 'elapsedTime': 42172.800000071526}",577303408387,2328543651,POINT (0.3088850802585928 0.2613291659219202),,,,,,,,,,1,1,
0,32,10,"{'x': 593.0593540964983, 'y': 282.2354991956738, 'elapsedTime': 42172.800000071526}",577303425060,2328560323,POINT (0.3088850802585928 0.2613291659219202),,,,,,,,,,1,1,
0,32,10,"{'x': 593.0593540964983, 'y': 282.2354991956738, 'elapsedTime': 42172.800000071526}",577303441727,2328576990,POINT (0.3088850802585928 0.2613291659219202),,,,,,,,,,1,1,
0,32,10,"{'x': 601.6438684415973, 'y': 277.2465055604779, 'elapsedTime': 42224.700000047684}",577303458395,2328593657,POINT (0.3133561814799986 0.2567097273708129),,,,,,,,,,,1,
0,32,10,"{'x': 601.6438684415973, 'y': 277.2465055604779, 'elapsedTime': 42224.700000047684}",577303475063,2328610324,POINT (0.3133561814799986 0.2567097273708129),,,,,,,,,,,1,
0,32,10,"{'x': 601.6438684415973, 'y': 277.2465055604779, 'elapsedTime': 42224.700000047684}",577303491729,2328626990,POINT (0.3133561814799986 0.2567097273708129),,,,,,,,,,,1,
0,32,10,"{'x': 592.2584982599564, 'y': 285.29977156150045, 'elapsedTime': 42273.800000071526}",577303508396,2328643656,POINT (0.3084679678437273 0.2641664551495375),,,,,,,,,,1,1,
0,32,10,"{'x': 592.2584982599564, 'y': 285.29977156150045, 'elapsedTime': 42273.800000071526}",577303525064,2328660324,POINT (0.3084679678437273 0.2641664551495375),,,,,,,,,,1,1,
0,32,10,"{'x': 592.2584982599564, 'y': 285.29977156150045, 'elapsedTime': 42273.800000071526}",577303541731,2328676990,POINT (0.3084679678437273 0.2641664551495375),,,,,,,,,,1,1,
0,32,10,"{'x': 598.7540840311304, 'y': 298.7673965885849, 'elapsedTime': 42331.5}",577303558404,2328693663,POINT (0.3118510854328804 0.2766364783227638),,,,,,,,,,1,1,
0,32,10,"{'x': 598.7540840311304, 'y': 298.7673965885849, 'elapsedTime': 42331.5}",577303575072,2328710330,POINT (0.3118510854328804 0.2766364783227638),,,,,,,,,,1,1,
0,32,10,"{'x': 598.7540840311304, 'y': 298.7673965885849, 'elapsedTime': 42331.5}",577303591738,2328726996,POINT (0.3118510854328804 0.2766364783227638),,,,,,,,,,1,1,
0,32,10,"{'x': 606.317971035831, 'y': 307.52893926390897, 'elapsedTime': 42392.300000071526}",577303608406,2328743663,POINT (0.3157906099144953 0.2847490178369527),,,,,,,,,,1,1,
0,32,10,"{'x': 606.317971035831, 'y': 307.52893926390897, 'elapsedTime': 42392.300000071526}",577303625072,2328760329,POINT (0.3157906099144953 0.2847490178369527),,,,,,,,,,1,1,
0,32,10,"{'x': 606.317971035831, 'y': 307.52893926390897, 'elapsedTime': 42392.300000071526}",577303641740,2328776996,POINT (0.3157906099144953 0.2847490178369527),,,,,,,,,,1,1,
0,32,10,"{'x': 606.317971035831, 'y': 307.52893926390897, 'elapsedTime': 42392.300000071526}",577303658407,2328793663,POINT (0.3157906099144953 0.2847490178369527),,,,,,,,,,1,1,
0,32,10,"{'x': 655.5014618121306, 'y': 297.93929629455334, 'elapsedTime': 42443}",577303675074,2328810329,POINT (0.3414070113604847 0.2758697187912531),,,,,,,,,,1,1,
0,32,10,"{'x': 655.5014618121306, 'y': 297.93929629455334, 'elapsedTime': 42443}",577303691745,2328827000,POINT (0.3414070113604847 0.2758697187912531),,,,,,,,,,1,1,
0,32,10,"{'x': 655.5014618121306, 'y': 297.93929629455334, 'elapsedTime': 42443}",577303708413,2328843667,POINT (0.3414070113604847 0.2758697187912531),,,,,,,,,,1,1,
0,32,10,"{'x': 655.5014618121306, 'y': 297.93929629455334, 'elapsedTime': 42443}",577303725079,2328860333,POINT (0.3414070113604847 0.2758697187912531),,,,,,,,,,1,1,
0,32,10,"{'x': 676.6482816470332, 'y': 298.294191561646, 'elapsedTime': 42497.60000002384}",577303741747,2328877000,POINT (0.3524209800244965 0.2761983255200426),,,,,,,,,,1,1,
0,32,10,"{'x': 676.6482816470332, 'y': 298.294191561646, 'elapsedTime': 42497.60000002384}",577303758414,2328893667,POINT (0.3524209800244965 0.2761983255200426),,,,,,,,,,1,1,
0,32,10,"{'x': 665.6403509926114, 'y': 259.42840002951846, 'elapsedTime': 42547.700000047684}",577303775082,2328910334,POINT (0.3466876828086518 0.2402114815088134),,,,,,,,,,,1,
0,32,10,"{'x': 665.6403509926114, 'y': 259.42840002951846, 'elapsedTime': 42547.700000047684}",577303791748,2328927000,POINT (0.3466876828086518 0.2402114815088134),,,,,,,,,,,1,
0,32,10,"{'x': 665.6403509926114, 'y': 259.42840002951846, 'elapsedTime': 42547.700000047684}",577303808421,2328943672,POINT (0.3466876828086518 0.2402114815088134),,,,,,,,,,,1,
0,32,10,"{'x': 665.6403509926114, 'y': 259.42840002951846, 'elapsedTime': 42547.700000047684}",577303825087,2328960338,POINT (0.3466876828086518 0.2402114815088134),,,,,,,,,,,1,
0,32,10,"{'x': 665.6403509926114, 'y': 259.42840002951846, 'elapsedTime': 42547.700000047684}",577303841755,2328977005,POINT (0.3466876828086518 0.2402114815088134),,,,,,,,,,,1,
0,32,10,"{'x': 660.1696674612359, 'y': 254.5057349476242, 'elapsedTime': 42612}",577303858423,2328993672,POINT (0.3438383684693937 0.2356534582848372),,,,,,,,,,,1,
0,32,10,"{'x': 660.1696674612359, 'y': 254.5057349476242, 'elapsedTime': 42612}",577303875089,2329010338,POINT (0.3438383684693937 0.2356534582848372),,,,,,,,,,,1,
0,32,10,"{'x': 598.9174024822437, 'y': 304.7670673484905, 'elapsedTime': 42669.700000047684}",577303891757,2329027005,POINT (0.3119361471261686 0.2821917290263801),,,,,,,,,,1,1,
0,32,10,"{'x': 598.9174024822437, 'y': 304.7670673484905, 'elapsedTime': 42669.700000047684}",577303908423,2329043671,POINT (0.3119361471261686 0.2821917290263801),,,,,,,,,,1,1,
0,32,10,"{'x': 598.9174024822437, 'y': 304.7670673484905, 'elapsedTime': 42669.700000047684}",577303925091,2329060338,POINT (0.3119361471261686 0.2821917290263801),,,,,,,,,,1,1,
0,32,10,"{'x': 598.9174024822437, 'y': 304.7670673484905, 'elapsedTime': 42669.700000047684}",577303941762,2329077009,POINT (0.3119361471261686 0.2821917290263801),,,,,,,,,,1,1,
0,32,10,"{'x': 571.7468429168752, 'y': 307.45846503717866, 'elapsedTime': 42726.300000071526}",577303958430,2329093676,POINT (0.2977848140192058 0.2846837639233136),,,,,,,,,,1,1,
0,32,10,"{'x': 571.7468429168752, 'y': 307.45846503717866, 'elapsedTime': 42726.300000071526}",577303975096,2329110342,POINT (0.2977848140192058 0.2846837639233136),,,,,,,,,,1,1,
0,32,10,"{'x': 571.7468429168752, 'y': 307.45846503717866, 'elapsedTime': 42726.300000071526}",577303991764,2329127009,POINT (0.2977848140192058 0.2846837639233136),,,,,,,,,,1,1,
0,32,10,"{'x': 571.7468429168752, 'y': 307.45846503717866, 'elapsedTime': 42726.300000071526}",577304008431,2329143676,POINT (0.2977848140192058 0.2846837639233136),,,,,,,,,,1,1,
0,32,10,"{'x': 601.5377464373385, 'y': 309.3480157820567, 'elapsedTime': 42774.800000071526}",577304025098,2329160342,POINT (0.3133009096027804 0.2864333479463488),,,,,,,,,,1,1,
0,32,10,"{'x': 601.5377464373385, 'y': 309.3480157820567, 'elapsedTime': 42774.800000071526}",577304041765,2329177009,POINT (0.3133009096027804 0.2864333479463488),,,,,,,,,,1,1,
0,32,10,"{'x': 601.5377464373385, 'y': 309.3480157820567, 'elapsedTime': 42774.800000071526}",577304058432,2329193675,POINT (0.3133009096027804 0.2864333479463488),,,,,,,,,,1,1,
0,32,10,"{'x': 614.3551247920362, 'y': 379.9282056639214, 'elapsedTime': 42838.10000002384}",577304075104,2329210347,POINT (0.3199766274958522 0.351785375614742),,,,,,,,,,,,
0,32,10,"{'x': 614.3551247920362, 'y': 379.9282056639214, 'elapsedTime': 42838.10000002384}",577304091772,2329227014,POINT (0.3199766274958522 0.351785375614742),,,,,,,,,,,,
0,32,10,"{'x': 637.9437607568638, 'y': 451.86999963349797, 'elapsedTime': 42887.89999997616}",577304108438,2329243680,POINT (0.3322623753941999 0.4183981478087944),,,,,,,,,,,,
0,32,10,"{'x': 637.9437607568638, 'y': 451.86999963349797, 'elapsedTime': 42887.89999997616}",577304125106,2329260347,POINT (0.3322623753941999 0.4183981478087944),,,,,,,,,,,,
0,32,10,"{'x': 637.9437607568638, 'y': 451.86999963349797, 'elapsedTime': 42887.89999997616}",577304141772,2329277013,POINT (0.3322623753941999 0.4183981478087944),,,,,,,,,,,,
0,32,10,"{'x': 637.9437607568638, 'y': 451.86999963349797, 'elapsedTime': 42887.89999997616}",577304158440,2329293680,POINT (0.3322623753941999 0.4183981478087944),,,,,,,,,,,,
0,32,10,"{'x': 688.6936183799803, 'y': 419.39964990680704, 'elapsedTime': 42933.700000047684}",577304175107,2329310347,POINT (0.3586945929062397 0.3883330091729695),,,,,,,,,,,,
0,32,10,"{'x': 688.6936183799803, 'y': 419.39964990680704, 'elapsedTime': 42933.700000047684}",577304191774,2329327013,POINT (0.3586945929062397 0.3883330091729695),,,,,,,,,,,,
0,32,10,"{'x': 674.9270533286553, 'y': 364.1825495760428, 'elapsedTime': 42984.89999997616}",577304208447,2329343685,POINT (0.351524506942008 0.3372060644222619),,,,,,,,,,,,
0,32,10,"{'x': 674.9270533286553, 'y': 364.1825495760428, 'elapsedTime': 42984.89999997616}",577304225114,2329360352,POINT (0.351524506942008 0.3372060644222619),,,,,,,,,,,,
0,32,10,"{'x': 674.9270533286553, 'y': 364.1825495760428, 'elapsedTime': 42984.89999997616}",577304241781,2329377018,POINT (0.351524506942008 0.3372060644222619),,,,,,,,,,,,
0,32,10,"{'x': 727.4394459805453, 'y': 336.8813485702133, 'elapsedTime': 43032}",577304258448,2329393685,POINT (0.3788747114482007 0.3119271746020493),,,,,,,,,,,1,
0,32,10,"{'x': 727.4394459805453, 'y': 336.8813485702133, 'elapsedTime': 43032}",577304275116,2329410352,POINT (0.3788747114482007 0.3119271746020493),,,,,,,,,,,1,
0,32,10,"{'x': 727.4394459805453, 'y': 336.8813485702133, 'elapsedTime': 43032}",577304291783,2329427019,POINT (0.3788747114482007 0.3119271746020493),,,,,,,,,,,1,
0,32,10,"{'x': 755.0126288832735, 'y': 390.7532342848872, 'elapsedTime': 43086.200000047684}",577304308450,2329443685,POINT (0.3932357442100383 0.3618085502637844),,,,,,,,,,,,
0,32,10,"{'x': 755.0126288832735, 'y': 390.7532342848872, 'elapsedTime': 43086.200000047684}",577304325117,2329460352,POINT (0.3932357442100383 0.3618085502637844),,,,,,,,,,,,
0,32,10,"{'x': 755.0126288832735, 'y': 390.7532342848872, 'elapsedTime': 43086.200000047684}",577304341789,2329477023,POINT (0.3932357442100383 0.3618085502637844),,,,,,,,,,,,
0,32,10,"{'x': 755.0126288832735, 'y': 390.7532342848872, 'elapsedTime': 43086.200000047684}",577304358455,2329493689,POINT (0.3932357442100383 0.3618085502637844),,,,,,,,,,,,
0,32,10,"{'x': 755.0126288832735, 'y': 390.7532342848872, 'elapsedTime': 43086.200000047684}",577304375123,2329510356,POINT (0.3932357442100383 0.3618085502637844),,,,,,,,,,,,
0,32,10,"{'x': 755.0126288832735, 'y': 390.7532342848872, 'elapsedTime': 43086.200000047684}",577304391789,2329527022,POINT (0.3932357442100383 0.3618085502637844),,,,,,,,,,,,
0,32,10,"{'x': 762.6779547228534, 'y': 381.1923482842793, 'elapsedTime': 43134.60000002384}",577304408457,2329543689,POINT (0.3972281014181528 0.3529558780409994),,,,,,,,,,,,
0,32,10,"{'x': 762.6779547228534, 'y': 381.1923482842793, 'elapsedTime': 43134.60000002384}",577304425124,2329560356,POINT (0.3972281014181528 0.3529558780409994),,,,,,,,,,,,
0,32,10,"{'x': 762.6779547228534, 'y': 381.1923482842793, 'elapsedTime': 43134.60000002384}",577304441791,2329577022,POINT (0.3972281014181528 0.3529558780409994),,,,,,,,,,,,
0,32,10,"{'x': 831.9418685598649, 'y': 520.9240392052418, 'elapsedTime': 43224.60000002384}",577304458458,2329593689,POINT (0.4333030565415963 0.4823370733381869),,,,,,,,,,,1,
0,32,10,"{'x': 831.9418685598649, 'y': 520.9240392052418, 'elapsedTime': 43224.60000002384}",577304475125,2329610355,POINT (0.4333030565415963 0.4823370733381869),,,,,,,,,,,1,
0,32,10,"{'x': 826.2262328491504, 'y': 597.834750256597, 'elapsedTime': 43269.800000071526}",577304491793,2329627023,POINT (0.4303261629422658 0.5535506946820342),,,,,,,,,,,1,
0,32,10,"{'x': 826.2262328491504, 'y': 597.834750256597, 'elapsedTime': 43269.800000071526}",577304508460,2329643689,POINT (0.4303261629422658 0.5535506946820342),,,,,,,,,,,1,
0,32,10,"{'x': 826.2262328491504, 'y': 597.834750256597, 'elapsedTime': 43269.800000071526}",577304525127,2329660356,POINT (0.4303261629422658 0.5535506946820342),,,,,,,,,,,1,
0,32,10,"{'x': 776.2447579406288, 'y': 527.1901323615107, 'elapsedTime': 43315.300000071526}",577304541794,2329677022,POINT (0.4042941447607442 0.4881390114458432),,,,,,,,,,,1,
0,32,10,"{'x': 776.2447579406288, 'y': 527.1901323615107, 'elapsedTime': 43315.300000071526}",577304558461,2329693689,POINT (0.4042941447607442 0.4881390114458432),,,,,,,,,,,1,
0,32,10,"{'x': 776.2447579406288, 'y': 527.1901323615107, 'elapsedTime': 43315.300000071526}",577304575129,2329710356,POINT (0.4042941447607442 0.4881390114458432),,,,,,,,,,,1,
0,32,10,"{'x': 726.7923026728319, 'y': 469.47434277210635, 'elapsedTime': 43359.39999997616}",577304591797,2329727023,POINT (0.3785376576420999 0.4346984655297281),,,,,,,,,,,,
0,32,10,"{'x': 726.7923026728319, 'y': 469.47434277210635, 'elapsedTime': 43359.39999997616}",577304608474,2329743700,POINT (0.3785376576420999 0.4346984655297281),,,,,,,,,,,,
0,32,10,"{'x': 800.6401400471939, 'y': 380.79427645335284, 'elapsedTime': 43409.300000071526}",577304625142,2329760367,POINT (0.4170000729412468 0.3525872930123637),,,,,,,,,,,,
0,32,10,"{'x': 800.6401400471939, 'y': 380.79427645335284, 'elapsedTime': 43409.300000071526}",577304641809,2329777034,POINT (0.4170000729412468 0.3525872930123637),,,,,,,,,,,,
0,32,10,"{'x': 800.6401400471939, 'y': 380.79427645335284, 'elapsedTime': 43409.300000071526}",577304658476,2329793700,POINT (0.4170000729412468 0.3525872930123637),,,,,,,,,,,,
0,32,10,"{'x': 827.4186728454679, 'y': 339.82154931433104, 'elapsedTime': 43453.200000047684}",577304675142,2329810366,POINT (0.4309472254403479 0.3146495826984547),,,,,,,,,,,1,
0,32,10,"{'x': 827.4186728454679, 'y': 339.82154931433104, 'elapsedTime': 43453.200000047684}",577304691811,2329827034,POINT (0.4309472254403479 0.3146495826984547),,,,,,,,,,,1,
0,32,10,"{'x': 827.4186728454679, 'y': 339.82154931433104, 'elapsedTime': 43453.200000047684}",577304708477,2329843700,POINT (0.4309472254403479 0.3146495826984547),,,,,,,,,,,1,
0,32,10,"{'x': 791.7166310911898, 'y': 239.97821541461886, 'elapsedTime': 43497.700000047684}",577304725146,2329860368,POINT (0.4123524120266613 0.2222020513098323),,,,,,,,,,,1,
0,32,10,"{'x': 791.7166310911898, 'y': 239.97821541461886, 'elapsedTime': 43497.700000047684}",577304741814,2329877036,POINT (0.4123524120266613 0.2222020513098323),,,,,,,,,,,1,
0,32,10,"{'x': 791.7166310911898, 'y': 239.97821541461886, 'elapsedTime': 43497.700000047684}",577304758481,2329893702,POINT (0.4123524120266613 0.2222020513098323),,,,,,,,,,,1,
0,32,10,"{'x': 732.9824084119471, 'y': 237.20862103793036, 'elapsedTime': 43541.5}",577304775148,2329910369,POINT (0.3817616710478891 0.2196376120721577),,,,,,,,,,,1,
0,32,10,"{'x': 732.9824084119471, 'y': 237.20862103793036, 'elapsedTime': 43541.5}",577304791815,2329927035,POINT (0.3817616710478891 0.2196376120721577),,,,,,,,,,,1,
0,32,10,"{'x': 732.9824084119471, 'y': 237.20862103793036, 'elapsedTime': 43541.5}",577304808482,2329943702,POINT (0.3817616710478891 0.2196376120721577),,,,,,,,,,,1,
0,32,10,"{'x': 732.9824084119471, 'y': 237.20862103793036, 'elapsedTime': 43541.5}",577304825150,2329960369,POINT (0.3817616710478891 0.2196376120721577),,,,,,,,,,,1,
0,32,10,"{'x': 758.8716888130147, 'y': 244.87767671194678, 'elapsedTime': 43604.39999997616}",577304841816,2329977035,POINT (0.3952456712567784 0.2267385895480989),,,,,,,,,,,1,
0,32,10,"{'x': 758.8716888130147, 'y': 244.87767671194678, 'elapsedTime': 43604.39999997616}",577304858489,2329993707,POINT (0.3952456712567784 0.2267385895480989),,,,,,,,,,,1,
0,32,10,"{'x': 758.8716888130147, 'y': 244.87767671194678, 'elapsedTime': 43604.39999997616}",577304875156,2330010374,POINT (0.3952456712567784 0.2267385895480989),,,,,,,,,,,1,
0,32,10,"{'x': 676.9301160316795, 'y': 300.80188093458077, 'elapsedTime': 43660.60000002384}",577304891823,2330027040,POINT (0.3525677687664998 0.2785202601246118),,,,,,,,,,1,1,
0,32,10,"{'x': 676.9301160316795, 'y': 300.80188093458077, 'elapsedTime': 43660.60000002384}",577304908490,2330043707,POINT (0.3525677687664998 0.2785202601246118),,,,,,,,,,1,1,
0,32,10,"{'x': 694.6593115034073, 'y': 306.9338519825617, 'elapsedTime': 43704.200000047684}",577304925158,2330060374,POINT (0.361801724741358 0.2841980110949645),,,,,,,,,,1,1,
0,32,10,"{'x': 694.6593115034073, 'y': 306.9338519825617, 'elapsedTime': 43704.200000047684}",577304941824,2330077040,POINT (0.361801724741358 0.2841980110949645),,,,,,,,,,1,1,
0,32,10,"{'x': 694.6593115034073, 'y': 306.9338519825617, 'elapsedTime': 43704.200000047684}",577304958492,2330093707,POINT (0.361801724741358 0.2841980110949645),,,,,,,,,,1,1,
0,32,10,"{'x': 751.3968774406535, 'y': 342.2433389801958, 'elapsedTime': 43748}",577304975160,2330110374,POINT (0.3913525403336737 0.3168919805372183),,,,,,,,,,,1,
0,32,10,"{'x': 751.3968774406535, 'y': 342.2433389801958, 'elapsedTime': 43748}",577304991827,2330127041,POINT (0.3913525403336737 0.3168919805372183),,,,,,,,,,,1,
0,32,10,"{'x': 751.3968774406535, 'y': 342.2433389801958, 'elapsedTime': 43748}",577305008495,2330143708,POINT (0.3913525403336737 0.3168919805372183),,,,,,,,,,,1,
0,32,10,"{'x': 814.6154725281904, 'y': 363.3977933148423, 'elapsedTime': 43795.39999997616}",577305025161,2330160374,POINT (0.4242788919417658 0.3364794382544836),,,,,,,,,,,1,
0,32,10,"{'x': 814.6154725281904, 'y': 363.3977933148423, 'elapsedTime': 43795.39999997616}",577305041829,2330177041,POINT (0.4242788919417658 0.3364794382544836),,,,,,,,,,,1,
0,32,10,"{'x': 814.6154725281904, 'y': 363.3977933148423, 'elapsedTime': 43795.39999997616}",577305058496,2330193708,POINT (0.4242788919417658 0.3364794382544836),,,,,,,,,,,1,
0,32,10,"{'x': 785.938141638788, 'y': 394.60694611473383, 'elapsedTime': 43852.800000071526}",577305075163,2330210374,POINT (0.4093427821035354 0.3653768019580869),,,,,,,,,,,,
0,32,10,"{'x': 785.938141638788, 'y': 394.60694611473383, 'elapsedTime': 43852.800000071526}",577305091830,2330227041,POINT (0.4093427821035354 0.3653768019580869),,,,,,,,,,,,
0,32,10,"{'x': 785.938141638788, 'y': 394.60694611473383, 'elapsedTime': 43852.800000071526}",577305108498,2330243708,POINT (0.4093427821035354 0.3653768019580869),,,,,,,,,,,,
0,32,10,"{'x': 872.5709700935159, 'y': 381.41657500888675, 'elapsedTime': 43901}",577305125176,2330260386,POINT (0.4544640469237062 0.3531634953785989),,,,,,,,,,,1,
0,32,10,"{'x': 872.5709700935159, 'y': 381.41657500888675, 'elapsedTime': 43901}",577305141843,2330277052,POINT (0.4544640469237062 0.3531634953785989),,,,,,,,,,,1,
0,32,10,"{'x': 872.5709700935159, 'y': 381.41657500888675, 'elapsedTime': 43901}",577305158509,2330293718,POINT (0.4544640469237062 0.3531634953785989),,,,,,,,,,,1,
0,32,10,"{'x': 906.6254725671328, 'y': 381.84683738259145, 'elapsedTime': 43945.300000071526}",577305175177,2330310385,POINT (0.4722007669620483 0.3535618864653625),,,,,,,,,,,1,
0,32,10,"{'x': 906.6254725671328, 'y': 381.84683738259145, 'elapsedTime': 43945.300000071526}",577305191844,2330327052,POINT (0.4722007669620483 0.3535618864653625),,,,,,,,,,,1,
0,32,10,"{'x': 906.6254725671328, 'y': 381.84683738259145, 'elapsedTime': 43945.300000071526}",577305208511,2330343718,POINT (0.4722007669620483 0.3535618864653625),,,,,,,,,,,1,
0,32,10,"{'x': 847.2352540914944, 'y': 388.7219410330015, 'elapsedTime': 43989.39999997616}",577305225178,2330360385,POINT (0.4412683615059867 0.3599277231787051),,,,,,,,,,,,
0,32,10,"{'x': 847.2352540914944, 'y': 388.7219410330015, 'elapsedTime': 43989.39999997616}",577305241846,2330377052,POINT (0.4412683615059867 0.3599277231787051),,,,,,,,,,,,
0,32,10,"{'x': 847.2352540914944, 'y': 388.7219410330015, 'elapsedTime': 43989.39999997616}",577305258514,2330393720,POINT (0.4412683615059867 0.3599277231787051),,,,,,,,,,,,
0,32,10,"{'x': 847.2352540914944, 'y': 388.7219410330015, 'elapsedTime': 43989.39999997616}",577305275182,2330410387,POINT (0.4412683615059867 0.3599277231787051),,,,,,,,,,,,
0,32,10,"{'x': 863.3359119624236, 'y': 484.64345475153056, 'elapsedTime': 44040.5}",577305291851,2330427056,POINT (0.4496541208137623 0.4487439395847505),,,,,,,,,,,,
0,32,10,"{'x': 863.3359119624236, 'y': 484.64345475153056, 'elapsedTime': 44040.5}",577305308518,2330443722,POINT (0.4496541208137623 0.4487439395847505),,,,,,,,,,,,
0,32,10,"{'x': 853.6123781437126, 'y': 550.7412399734683, 'elapsedTime': 44106}",577305325184,2330460387,POINT (0.4445897802831836 0.5099455925680262),,,,,,,,,,,1,
0,32,10,"{'x': 853.6123781437126, 'y': 550.7412399734683, 'elapsedTime': 44106}",577305341851,2330477054,POINT (0.4445897802831836 0.5099455925680262),,,,,,,,,,,1,
0,32,10,"{'x': 853.6123781437126, 'y': 550.7412399734683, 'elapsedTime': 44106}",577305358519,2330493721,POINT (0.4445897802831836 0.5099455925680262),,,,,,,,,,,1,
0,32,10,"{'x': 853.6123781437126, 'y': 550.7412399734683, 'elapsedTime': 44106}",577305375185,2330510387,POINT (0.4445897802831836 0.5099455925680262),,,,,,,,,,,1,
0,32,10,"{'x': 837.5040295625539, 'y': 613.7592971169784, 'elapsedTime': 44152.60000002384}",577305391859,2330527060,POINT (0.4362000153971635 0.5682956454786837),,,,,,,,,,,1,
0,32,10,"{'x': 837.5040295625539, 'y': 613.7592971169784, 'elapsedTime': 44152.60000002384}",577305408525,2330543726,POINT (0.4362000153971635 0.5682956454786837),,,,,,,,,,,1,
0,32,10,"{'x': 779.909925584487, 'y': 600.5936380008994, 'elapsedTime': 44200.200000047684}",577305425193,2330560393,POINT (0.4062030862419203 0.5561052203712031),,,,,,,,,,,1,
0,32,10,"{'x': 779.909925584487, 'y': 600.5936380008994, 'elapsedTime': 44200.200000047684}",577305441860,2330577060,POINT (0.4062030862419203 0.5561052203712031),,,,,,,,,,,1,
0,32,10,"{'x': 779.909925584487, 'y': 600.5936380008994, 'elapsedTime': 44200.200000047684}",577305458528,2330593727,POINT (0.4062030862419203 0.5561052203712031),,,,,,,,,,,1,
0,32,10,"{'x': 720.9321270411156, 'y': 549.2543919943314, 'elapsedTime': 44247.700000047684}",577305475194,2330610393,POINT (0.3754854828339144 0.5085688814762328),,,,,,,,,,,1,
0,32,10,"{'x': 720.9321270411156, 'y': 549.2543919943314, 'elapsedTime': 44247.700000047684}",577305491862,2330627060,POINT (0.3754854828339144 0.5085688814762328),,,,,,,,,,,1,
0,32,10,"{'x': 688.2382070167401, 'y': 485.8481666585933, 'elapsedTime': 44294.10000002384}",577305508531,2330643729,POINT (0.3584573994878855 0.4498594135727716),,,,,,,,,,,,
0,32,10,"{'x': 688.2382070167401, 'y': 485.8481666585933, 'elapsedTime': 44294.10000002384}",577305525199,2330660396,POINT (0.3584573994878855 0.4498594135727716),,,,,,,,,,,,
0,32,10,"{'x': 688.2382070167401, 'y': 485.8481666585933, 'elapsedTime': 44294.10000002384}",577305541866,2330677063,POINT (0.3584573994878855 0.4498594135727716),,,,,,,,,,,,
0,32,10,"{'x': 688.2382070167401, 'y': 485.8481666585933, 'elapsedTime': 44294.10000002384}",577305558533,2330693729,POINT (0.3584573994878855 0.4498594135727716),,,,,,,,,,,,
0,32,10,"{'x': 692.1293230036345, 'y': 413.20831678554, 'elapsedTime': 44342.300000071526}",577305575200,2330710396,POINT (0.3604840223977263 0.3826002933199444),,,,,,,,,,,,
0,32,10,"{'x': 692.1293230036345, 'y': 413.20831678554, 'elapsedTime': 44342.300000071526}",577305591868,2330727063,POINT (0.3604840223977263 0.3826002933199444),,,,,,,,,,,,
0,32,10,"{'x': 660.1701108524934, 'y': 425.0954913730718, 'elapsedTime': 44393.5}",577305608534,2330743729,POINT (0.3438385994023403 0.393606936456548),,,,,,,,,,,,
0,32,10,"{'x': 660.1701108524934, 'y': 425.0954913730718, 'elapsedTime': 44393.5}",577305625202,2330760396,POINT (0.3438385994023403 0.393606936456548),,,,,,,,,,,,
0,32,10,"{'x': 660.1701108524934, 'y': 425.0954913730718, 'elapsedTime': 44393.5}",577305641874,2330777068,POINT (0.3438385994023403 0.393606936456548),,,,,,,,,,,,
0,32,10,"{'x': 714.6357272502004, 'y': 431.3125190766988, 'elapsedTime': 44439.200000047684}",577305658542,2330793735,POINT (0.3722061079428127 0.3993634435895359),,,,,,,,,,,,
0,32,10,"{'x': 714.6357272502004, 'y': 431.3125190766988, 'elapsedTime': 44439.200000047684}",577305675208,2330810401,POINT (0.3722061079428127 0.3993634435895359),,,,,,,,,,,,
0,32,10,"{'x': 714.6357272502004, 'y': 431.3125190766988, 'elapsedTime': 44439.200000047684}",577305691875,2330827067,POINT (0.3722061079428127 0.3993634435895359),,,,,,,,,,,,
0,32,10,"{'x': 762.2638860388382, 'y': 407.47998126813025, 'elapsedTime': 44483.60000002384}",577305708544,2330843735,POINT (0.3970124406452282 0.3772962789519724),,,,,,,,,,,,
0,32,10,"{'x': 762.2638860388382, 'y': 407.47998126813025, 'elapsedTime': 44483.60000002384}",577305725210,2330860401,POINT (0.3970124406452282 0.3772962789519724),,,,,,,,,,,,
0,32,10,"{'x': 762.2638860388382, 'y': 407.47998126813025, 'elapsedTime': 44483.60000002384}",577305741878,2330877068,POINT (0.3970124406452282 0.3772962789519724),,,,,,,,,,,,
0,32,10,"{'x': 779.0600979633624, 'y': 391.12827410371636, 'elapsedTime': 44530.200000047684}",577305758544,2330893734,POINT (0.4057604676892513 0.362155809355293),,,,,,,,,,,,
0,32,10,"{'x': 779.0600979633624, 'y': 391.12827410371636, 'elapsedTime': 44530.200000047684}",577305775218,2330910407,POINT (0.4057604676892513 0.362155809355293),,,,,,,,,,,,
0,32,10,"{'x': 799.1025868606623, 'y': 340.8951694272093, 'elapsedTime': 44574.89999997616}",577305791884,2330927073,POINT (0.4161992639899283 0.3156436753955642),,,,,,,,,,,1,
0,32,10,"{'x': 799.1025868606623, 'y': 340.8951694272093, 'elapsedTime': 44574.89999997616}",577305808553,2330943741,POINT (0.4161992639899283 0.3156436753955642),,,,,,,,,,,1,
0,32,10,"{'x': 799.1025868606623, 'y': 340.8951694272093, 'elapsedTime': 44574.89999997616}",577305825219,2330960407,POINT (0.4161992639899283 0.3156436753955642),,,,,,,,,,,1,
0,32,10,"{'x': 765.6494705908726, 'y': 406.4843078227002, 'elapsedTime': 44620.89999997616}",577305841886,2330977073,POINT (0.3987757659327462 0.3763743590950928),,,,,,,,,,,,
0,32,10,"{'x': 765.6494705908726, 'y': 406.4843078227002, 'elapsedTime': 44620.89999997616}",577305858553,2330993740,POINT (0.3987757659327462 0.3763743590950928),,,,,,,,,,,,
0,32,10,"{'x': 765.6494705908726, 'y': 406.4843078227002, 'elapsedTime': 44620.89999997616}",577305875221,2331010407,POINT (0.3987757659327462 0.3763743590950928),,,,,,,,,,,,
0,32,10,"{'x': 718.3884961882525, 'y': 413.41101481805833, 'elapsedTime': 44664.700000047684}",577305891888,2331027074,POINT (0.3741606750980482 0.3827879766833873),,,,,,,,,,,,
0,32,10,"{'x': 718.3884961882525, 'y': 413.41101481805833, 'elapsedTime': 44664.700000047684}",577305908557,2331043742,POINT (0.3741606750980482 0.3827879766833873),,,,,,,,,,,,
0,32,10,"{'x': 718.3884961882525, 'y': 413.41101481805833, 'elapsedTime': 44664.700000047684}",577305925224,2331060409,POINT (0.3741606750980482 0.3827879766833873),,,,,,,,,,,,
0,32,10,"{'x': 747.2268666060427, 'y': 492.3782150691078, 'elapsedTime': 44712.10000002384}",577305941891,2331077075,POINT (0.3891806596906472 0.4559057546936183),,,,,,,,,,,,
0,32,10,"{'x': 747.2268666060427, 'y': 492.3782150691078, 'elapsedTime': 44712.10000002384}",577305958558,2331093742,POINT (0.3891806596906472 0.4559057546936183),,,,,,,,,,,,
0,32,10,"{'x': 747.2268666060427, 'y': 492.3782150691078, 'elapsedTime': 44712.10000002384}",577305975226,2331110409,POINT (0.3891806596906472 0.4559057546936183),,,,,,,,,,,,
0,32,10,"{'x': 704.9463810661614, 'y': 457.5860511352828, 'elapsedTime': 44758.89999997616}",577305991893,2331127076,POINT (0.367159573471959 0.4236907880882248),,,,,,,,,,,,
0,32,10,"{'x': 704.9463810661614, 'y': 457.5860511352828, 'elapsedTime': 44758.89999997616}",577306008560,2331143742,POINT (0.367159573471959 0.4236907880882248),,,,,,,,,,,,
0,32,10,"{'x': 704.9463810661614, 'y': 457.5860511352828, 'elapsedTime': 44758.89999997616}",577306025227,2331160409,POINT (0.367159573471959 0.4236907880882248),,,,,,,,,,,,
0,32,10,"{'x': 672.5389287315506, 'y': 428.37399210735504, 'elapsedTime': 44811.60000002384}",577306041903,2331177084,POINT (0.3502806920476826 0.396642585284588),,,,,,,,,,,,
0,32,10,"{'x': 672.5389287315506, 'y': 428.37399210735504, 'elapsedTime': 44811.60000002384}",577306058570,2331193750,POINT (0.3502806920476826 0.396642585284588),,,,,,,,,,,,
0,32,10,"{'x': 672.5389287315506, 'y': 428.37399210735504, 'elapsedTime': 44811.60000002384}",577306075237,2331210417,POINT (0.3502806920476826 0.396642585284588),,,,,,,,,,,,
0,32,10,"{'x': 638.4893360335108, 'y': 397.3488046297788, 'elapsedTime': 44873.200000047684}",577306091904,2331227083,POINT (0.3325465291841202 0.3679155598423878),,,,,,,,,,,,
0,32,10,"{'x': 638.4893360335108, 'y': 397.3488046297788, 'elapsedTime': 44873.200000047684}",577306108571,2331243750,POINT (0.3325465291841202 0.3679155598423878),,,,,,,,,,,,
0,32,10,"{'x': 638.4893360335108, 'y': 397.3488046297788, 'elapsedTime': 44873.200000047684}",577306125239,2331260417,POINT (0.3325465291841202 0.3679155598423878),,,,,,,,,,,,
0,32,10,"{'x': 697.6886833765772, 'y': 388.11293150868386, 'elapsedTime': 44917}",577306141906,2331277084,POINT (0.3633795225919673 0.3593638254710036),,,,,,,,,,,,
0,32,10,"{'x': 697.6886833765772, 'y': 388.11293150868386, 'elapsedTime': 44917}",577306158573,2331293750,POINT (0.3633795225919673 0.3593638254710036),,,,,,,,,,,,
0,32,10,"{'x': 697.6886833765772, 'y': 388.11293150868386, 'elapsedTime': 44917}",577306175241,2331310418,POINT (0.3633795225919673 0.3593638254710036),,,,,,,,,,,,
0,32,10,"{'x': 686.835701413085, 'y': 338.232110181153, 'elapsedTime': 44963.10000002384}",577306191909,2331327085,POINT (0.3577269278193151 0.3131778797973639),,,,,,,,,,,1,
0,32,10,"{'x': 686.835701413085, 'y': 338.232110181153, 'elapsedTime': 44963.10000002384}",577306208576,2331343752,POINT (0.3577269278193151 0.3131778797973639),,,,,,,,,,,1,
0,32,10,"{'x': 686.835701413085, 'y': 338.232110181153, 'elapsedTime': 44963.10000002384}",577306225244,2331360419,POINT (0.3577269278193151 0.3131778797973639),,,,,,,,,,,1,
0,32,10,"{'x': 626.4373336819041, 'y': 325.0505135296334, 'elapsedTime': 45011}",577306241910,2331377085,POINT (0.3262694446259917 0.3009726977126235),,,,,,,,,,,1,
0,32,10,"{'x': 626.4373336819041, 'y': 325.0505135296334, 'elapsedTime': 45011}",577306258578,2331393752,POINT (0.3262694446259917 0.3009726977126235),,,,,,,,,,,1,
0,32,10,"{'x': 575.6070628791988, 'y': 315.2772541715814, 'elapsedTime': 45056.300000071526}",577306275245,2331410419,POINT (0.2997953452495827 0.291923383492205),,,,,,,,,,1,1,
0,32,10,"{'x': 575.6070628791988, 'y': 315.2772541715814, 'elapsedTime': 45056.300000071526}",577306291912,2331427086,POINT (0.2997953452495827 0.291923383492205),,,,,,,,,,1,1,
0,32,10,"{'x': 575.6070628791988, 'y': 315.2772541715814, 'elapsedTime': 45056.300000071526}",577306308584,2331443758,POINT (0.2997953452495827 0.291923383492205),,,,,,,,,,1,1,
0,32,10,"{'x': 575.6070628791988, 'y': 315.2772541715814, 'elapsedTime': 45056.300000071526}",577306325251,2331460424,POINT (0.2997953452495827 0.291923383492205),,,,,,,,,,1,1,
0,32,10,"{'x': 640.3779010908572, 'y': 287.4695097373535, 'elapsedTime': 45103.89999997616}",577306341918,2331477091,POINT (0.3335301568181548 0.266175471979031),,,,,,,,,,1,1,
0,32,10,"{'x': 594.9381974424676, 'y': 304.73764427909435, 'elapsedTime': 45153}",577306358586,2331493758,POINT (0.3098636445012852 0.2821644854436059),,,,,,,,,,1,1,
0,32,10,"{'x': 594.9381974424676, 'y': 304.73764427909435, 'elapsedTime': 45153}",577306375252,2331510425,POINT (0.3098636445012852 0.2821644854436059),,,,,,,,,,1,1,
0,32,10,"{'x': 594.9381974424676, 'y': 304.73764427909435, 'elapsedTime': 45153}",577306391919,2331527091,POINT (0.3098636445012852 0.2821644854436059),,,,,,,,,,1,1,
0,32,10,"{'x': 594.9381974424676, 'y': 304.73764427909435, 'elapsedTime': 45153}",577306408586,2331543758,POINT (0.3098636445012852 0.2821644854436059),,,,,,,,,,1,1,
0,32,10,"{'x': 718.7413738212019, 'y': 396.96431394238357, 'elapsedTime': 45200.800000071526}",577306425253,2331560424,POINT (0.374344465531876 0.3675595499466515),,,,,,,,,,,,
0,32,10,"{'x': 718.7413738212019, 'y': 396.96431394238357, 'elapsedTime': 45200.800000071526}",577306441925,2331577095,POINT (0.374344465531876 0.3675595499466515),,,,,,,,,,,,
0,32,10,"{'x': 718.7413738212019, 'y': 396.96431394238357, 'elapsedTime': 45200.800000071526}",577306458591,2331593762,POINT (0.374344465531876 0.3675595499466515),,,,,,,,,,,,
0,32,10,"{'x': 777.6975551854446, 'y': 444.01453522491937, 'elapsedTime': 45252.800000071526}",577306475259,2331610429,POINT (0.405050809992419 0.4111245696527031),,,,,,,,,,,,
0,32,10,"{'x': 777.6975551854446, 'y': 444.01453522491937, 'elapsedTime': 45252.800000071526}",577306491925,2331627095,POINT (0.405050809992419 0.4111245696527031),,,,,,,,,,,,
0,32,10,"{'x': 768.7599800577641, 'y': 438.6317596582836, 'elapsedTime': 45299.800000071526}",577306508593,2331643762,POINT (0.4003958229467521 0.4061405182021144),,,,,,,,,,,,
0,32,10,"{'x': 768.7599800577641, 'y': 438.6317596582836, 'elapsedTime': 45299.800000071526}",577306525259,2331660428,POINT (0.4003958229467521 0.4061405182021144),,,,,,,,,,,,
0,32,10,"{'x': 768.7599800577641, 'y': 438.6317596582836, 'elapsedTime': 45299.800000071526}",577306541926,2331677095,POINT (0.4003958229467521 0.4061405182021144),,,,,,,,,,,,
0,32,10,"{'x': 768.7599800577641, 'y': 438.6317596582836, 'elapsedTime': 45299.800000071526}",577306558593,2331693762,POINT (0.4003958229467521 0.4061405182021144),,,,,,,,,,,,
0,32,10,"{'x': 826.8825819441391, 'y': 360.232135977888, 'elapsedTime': 45346.89999997616}",577306575267,2331710435,POINT (0.4306680114292391 0.3335482740536),,,,,,,,,,,1,
0,32,10,"{'x': 826.8825819441391, 'y': 360.232135977888, 'elapsedTime': 45346.89999997616}",577306591933,2331727101,POINT (0.4306680114292391 0.3335482740536),,,,,,,,,,,1,
0,32,10,"{'x': 826.8825819441391, 'y': 360.232135977888, 'elapsedTime': 45346.89999997616}",577306608601,2331743768,POINT (0.4306680114292391 0.3335482740536),,,,,,,,,,,1,
0,32,10,"{'x': 826.8825819441391, 'y': 360.232135977888, 'elapsedTime': 45346.89999997616}",577306625268,2331760435,POINT (0.4306680114292391 0.3335482740536),,,,,,,,,,,1,
0,32,10,"{'x': 848.2142062294434, 'y': 345.68362433363023, 'elapsedTime': 45402.700000047684}",577306641934,2331777101,POINT (0.4417782324111685 0.3200774299385465),,,,,,,,,,,1,
0,32,10,"{'x': 848.2142062294434, 'y': 345.68362433363023, 'elapsedTime': 45402.700000047684}",577306658601,2331793768,POINT (0.4417782324111685 0.3200774299385465),,,,,,,,,,,1,
0,32,10,"{'x': 848.2142062294434, 'y': 345.68362433363023, 'elapsedTime': 45402.700000047684}",577306675269,2331810435,POINT (0.4417782324111685 0.3200774299385465),,,,,,,,,,,1,
0,32,10,"{'x': 877.278412690966, 'y': 221.74746173549767, 'elapsedTime': 45458}",577306691938,2331827104,POINT (0.4569158399432114 0.2053217238291645),,,,,,,,,,,,
0,32,10,"{'x': 877.278412690966, 'y': 221.74746173549767, 'elapsedTime': 45458}",577306708606,2331843771,POINT (0.4569158399432114 0.2053217238291645),,,,,,,,,,,,
0,32,10,"{'x': 877.278412690966, 'y': 221.74746173549767, 'elapsedTime': 45458}",577306725272,2331860438,POINT (0.4569158399432114 0.2053217238291645),,,,,,,,,,,,
0,32,10,"{'x': 877.278412690966, 'y': 221.74746173549767, 'elapsedTime': 45458}",577306741939,2331877104,POINT (0.4569158399432114 0.2053217238291645),,,,,,,,,,,,
0,32,10,"{'x': 896.6540934108834, 'y': 175.6478997997467, 'elapsedTime': 45516.10000002384}",577306758606,2331893771,POINT (0.4670073403181684 0.1626369442590247),,,,,,,,,,1,,
0,32,10,"{'x': 896.6540934108834, 'y': 175.6478997997467, 'elapsedTime': 45516.10000002384}",577306775274,2331910438,POINT (0.4670073403181684 0.1626369442590247),,,,,,,,,,1,,
0,32,10,"{'x': 896.6540934108834, 'y': 175.6478997997467, 'elapsedTime': 45516.10000002384}",577306791941,2331927104,POINT (0.4670073403181684 0.1626369442590247),,,,,,,,,,1,,
0,32,10,"{'x': 844.2956694781567, 'y': 156.88863838031867, 'elapsedTime': 45581.800000071526}",577306808607,2331943771,POINT (0.4397373278532066 0.1452672577595543),,,,,,,,,,1,,
0,32,10,"{'x': 844.2956694781567, 'y': 156.88863838031867, 'elapsedTime': 45581.800000071526}",577306825277,2331960440,POINT (0.4397373278532066 0.1452672577595543),,,,,,,,,,1,,
0,32,10,"{'x': 844.2956694781567, 'y': 156.88863838031867, 'elapsedTime': 45581.800000071526}",577306841943,2331977106,POINT (0.4397373278532066 0.1452672577595543),,,,,,,,,,1,,
0,32,10,"{'x': 875.9825981712404, 'y': 165.9401726191955, 'elapsedTime': 45632.10000002384}",577306858610,2331993772,POINT (0.456240936547521 0.1536483079807366),,,,,,,,,,1,,
0,32,10,"{'x': 875.9825981712404, 'y': 165.9401726191955, 'elapsedTime': 45632.10000002384}",577306875277,2332010439,POINT (0.456240936547521 0.1536483079807366),,,,,,,,,,1,,
0,32,10,"{'x': 875.9825981712404, 'y': 165.9401726191955, 'elapsedTime': 45632.10000002384}",577306891944,2332027106,POINT (0.456240936547521 0.1536483079807366),,,,,,,,,,1,,
0,32,10,"{'x': 875.9825981712404, 'y': 165.9401726191955, 'elapsedTime': 45632.10000002384}",577306908611,2332043773,POINT (0.456240936547521 0.1536483079807366),,,,,,,,,,1,,
0,32,10,"{'x': 932.9796188929138, 'y': 157.14135321106937, 'elapsedTime': 45683.39999997616}",577306925278,2332060439,POINT (0.4859268848400592 0.1455012529732124),,,,,,,,,,1,,
0,32,10,"{'x': 932.9796188929138, 'y': 157.14135321106937, 'elapsedTime': 45683.39999997616}",577306941945,2332077106,POINT (0.4859268848400592 0.1455012529732124),,,,,,,,,,1,,
0,32,10,"{'x': 932.9796188929138, 'y': 157.14135321106937, 'elapsedTime': 45683.39999997616}",577306958621,2332093781,POINT (0.4859268848400592 0.1455012529732124),,,,,,,,,,1,,
0,32,10,"{'x': 882.8738278382913, 'y': 191.20668093482624, 'elapsedTime': 45744.89999997616}",577306975288,2332110448,POINT (0.4598301186657767 0.1770432230878021),,,,,,,,,,1,,
0,32,10,"{'x': 882.8738278382913, 'y': 191.20668093482624, 'elapsedTime': 45744.89999997616}",577306991955,2332127115,POINT (0.4598301186657767 0.1770432230878021),,,,,,,,,,1,,
0,32,10,"{'x': 882.8738278382913, 'y': 191.20668093482624, 'elapsedTime': 45744.89999997616}",577307008621,2332143781,POINT (0.4598301186657767 0.1770432230878021),,,,,,,,,,1,,
0,32,10,"{'x': 909.5306197452354, 'y': 245.80875546492734, 'elapsedTime': 45796.200000047684}",577307025289,2332160448,POINT (0.4737138644506434 0.2276006995045624),,,,,,,,,,,1,
0,32,10,"{'x': 909.5306197452354, 'y': 245.80875546492734, 'elapsedTime': 45796.200000047684}",577307041956,2332177115,POINT (0.4737138644506434 0.2276006995045624),,,,,,,,,,,1,
0,32,10,"{'x': 909.5306197452354, 'y': 245.80875546492734, 'elapsedTime': 45796.200000047684}",577307058623,2332193781,POINT (0.4737138644506434 0.2276006995045624),,,,,,,,,,,1,
0,32,10,"{'x': 909.5306197452354, 'y': 245.80875546492734, 'elapsedTime': 45796.200000047684}",577307075290,2332210449,POINT (0.4737138644506434 0.2276006995045624),,,,,,,,,,,1,
0,32,10,"{'x': 909.5306197452354, 'y': 245.80875546492734, 'elapsedTime': 45796.200000047684}",577307091962,2332227120,POINT (0.4737138644506434 0.2276006995045624),,,,,,,,,,,1,
0,32,10,"{'x': 909.5306197452354, 'y': 245.80875546492734, 'elapsedTime': 45796.200000047684}",577307108629,2332243787,POINT (0.4737138644506434 0.2276006995045624),,,,,,,,,,,1,
0,32,10,"{'x': 909.5306197452354, 'y': 245.80875546492734, 'elapsedTime': 45796.200000047684}",577307125296,2332260453,POINT (0.4737138644506434 0.2276006995045624),,,,,,,,,,,1,
0,32,10,"{'x': 887.2012120552756, 'y': 340.7926092158955, 'elapsedTime': 45856.89999997616}",577307141963,2332277120,POINT (0.4620839646121227 0.3155487122369402),,,,,,,,,,,1,
0,32,10,"{'x': 887.2012120552756, 'y': 340.7926092158955, 'elapsedTime': 45856.89999997616}",577307158630,2332293787,POINT (0.4620839646121227 0.3155487122369402),,,,,,,,,,,1,
0,32,10,"{'x': 887.2012120552756, 'y': 340.7926092158955, 'elapsedTime': 45856.89999997616}",577307175297,2332310453,POINT (0.4620839646121227 0.3155487122369402),,,,,,,,,,,1,
0,32,10,"{'x': 866.3797811548784, 'y': 341.27585196554134, 'elapsedTime': 45960.39999997616}",577307191964,2332327120,POINT (0.4512394693514992 0.3159961592273531),,,,,,,,,,,1,
0,32,10,"{'x': 866.3797811548784, 'y': 341.27585196554134, 'elapsedTime': 45960.39999997616}",577307208631,2332343786,POINT (0.4512394693514992 0.3159961592273531),,,,,,,,,,,1,
0,32,10,"{'x': 866.3797811548784, 'y': 341.27585196554134, 'elapsedTime': 45960.39999997616}",577307225302,2332360457,POINT (0.4512394693514992 0.3159961592273531),,,,,,,,,,,1,
0,32,10,"{'x': 904.9974242581123, 'y': 356.1205677690265, 'elapsedTime': 46020.700000047684}",577307241969,2332377124,POINT (0.4713528251344335 0.3297412664528023),,,,,,,,,,,1,
0,32,10,"{'x': 904.9974242581123, 'y': 356.1205677690265, 'elapsedTime': 46020.700000047684}",577307258635,2332393790,POINT (0.4713528251344335 0.3297412664528023),,,,,,,,,,,1,
0,32,10,"{'x': 904.9974242581123, 'y': 356.1205677690265, 'elapsedTime': 46020.700000047684}",577307275303,2332410457,POINT (0.4713528251344335 0.3297412664528023),,,,,,,,,,,1,
0,32,10,"{'x': 904.9974242581123, 'y': 356.1205677690265, 'elapsedTime': 46020.700000047684}",577307291970,2332427124,POINT (0.4713528251344335 0.3297412664528023),,,,,,,,,,,1,
0,32,10,"{'x': 820.0353241863963, 'y': 363.5060526936012, 'elapsedTime': 46072.10000002384}",577307308638,2332443791,POINT (0.4271017313470814 0.3365796784200011),,,,,,,,,,,1,
0,32,10,"{'x': 820.0353241863963, 'y': 363.5060526936012, 'elapsedTime': 46072.10000002384}",577307325304,2332460457,POINT (0.4271017313470814 0.3365796784200011),,,,,,,,,,,1,
0,32,10,"{'x': 820.0353241863963, 'y': 363.5060526936012, 'elapsedTime': 46072.10000002384}",577307341971,2332477124,POINT (0.4271017313470814 0.3365796784200011),,,,,,,,,,,1,
0,32,10,"{'x': 792.9885970387176, 'y': 387.79102968910996, 'elapsedTime': 46129.10000002384}",577307358641,2332493794,POINT (0.4130148942909988 0.3590657682306574),,,,,,,,,,,,
0,32,10,"{'x': 792.9885970387176, 'y': 387.79102968910996, 'elapsedTime': 46129.10000002384}",577307375308,2332510460,POINT (0.4130148942909988 0.3590657682306574),,,,,,,,,,,,
0,32,10,"{'x': 792.9885970387176, 'y': 387.79102968910996, 'elapsedTime': 46129.10000002384}",577307391975,2332527127,POINT (0.4130148942909988 0.3590657682306574),,,,,,,,,,,,
0,32,10,"{'x': 759.6902927819101, 'y': 397.99463911919054, 'elapsedTime': 46179.89999997616}",577307408641,2332543793,POINT (0.3956720274905782 0.3685135547399913),,,,,,,,,,,,
0,32,10,"{'x': 759.6902927819101, 'y': 397.99463911919054, 'elapsedTime': 46179.89999997616}",577307425308,2332560460,POINT (0.3956720274905782 0.3685135547399913),,,,,,,,,,,,
0,32,10,"{'x': 759.6902927819101, 'y': 397.99463911919054, 'elapsedTime': 46179.89999997616}",577307441976,2332577127,POINT (0.3956720274905782 0.3685135547399913),,,,,,,,,,,,
0,32,10,"{'x': 718.8144734684536, 'y': 403.86257493879765, 'elapsedTime': 46237.700000047684}",577307458642,2332593793,POINT (0.3743825382648195 0.3739468286470349),,,,,,,,,,,,
0,32,10,"{'x': 718.8144734684536, 'y': 403.86257493879765, 'elapsedTime': 46237.700000047684}",577307475310,2332610460,POINT (0.3743825382648195 0.3739468286470349),,,,,,,,,,,,
0,32,10,"{'x': 718.8144734684536, 'y': 403.86257493879765, 'elapsedTime': 46237.700000047684}",577307491983,2332627133,POINT (0.3743825382648195 0.3739468286470349),,,,,,,,,,,,
0,32,10,"{'x': 684.2046311627985, 'y': 392.489090319112, 'elapsedTime': 46290.39999997616}",577307508650,2332643800,POINT (0.3563565787306242 0.3634158243695482),,,,,,,,,,,,
0,32,10,"{'x': 684.2046311627985, 'y': 392.489090319112, 'elapsedTime': 46290.39999997616}",577307525318,2332660467,POINT (0.3563565787306242 0.3634158243695482),,,,,,,,,,,,
0,32,10,"{'x': 684.2046311627985, 'y': 392.489090319112, 'elapsedTime': 46290.39999997616}",577307541985,2332677134,POINT (0.3563565787306242 0.3634158243695482),,,,,,,,,,,,
0,32,10,"{'x': 684.2046311627985, 'y': 392.489090319112, 'elapsedTime': 46290.39999997616}",577307558652,2332693800,POINT (0.3563565787306242 0.3634158243695482),,,,,,,,,,,,
0,32,10,"{'x': 699.8878256440299, 'y': 439.8618012543572, 'elapsedTime': 46341.89999997616}",577307575318,2332710467,POINT (0.3645249091895989 0.4072794456058863),,,,,,,,,,,,
0,32,10,"{'x': 699.8878256440299, 'y': 439.8618012543572, 'elapsedTime': 46341.89999997616}",577307591985,2332727133,POINT (0.3645249091895989 0.4072794456058863),,,,,,,,,,,,
0,32,10,"{'x': 699.8878256440299, 'y': 439.8618012543572, 'elapsedTime': 46341.89999997616}",577307608657,2332743805,POINT (0.3645249091895989 0.4072794456058863),,,,,,,,,,,,
0,32,10,"{'x': 669.1085018786391, 'y': 474.48987944705453, 'elapsedTime': 46393.39999997616}",577307625325,2332760472,POINT (0.3484940113951245 0.439342480969495),,,,,,,,,,,,
0,32,10,"{'x': 669.1085018786391, 'y': 474.48987944705453, 'elapsedTime': 46393.39999997616}",577307641991,2332777138,POINT (0.3484940113951245 0.439342480969495),,,,,,,,,,,,
0,32,10,"{'x': 669.1085018786391, 'y': 474.48987944705453, 'elapsedTime': 46393.39999997616}",577307658658,2332793805,POINT (0.3484940113951245 0.439342480969495),,,,,,,,,,,,
0,32,10,"{'x': 613.935516237716, 'y': 451.82098086549496, 'elapsedTime': 46444.5}",577307675324,2332810471,POINT (0.3197580813738104 0.4183527600606435),,,,,,,,,,,,
0,32,10,"{'x': 613.935516237716, 'y': 451.82098086549496, 'elapsedTime': 46444.5}",577307691993,2332827139,POINT (0.3197580813738104 0.4183527600606435),,,,,,,,,,,,
0,32,10,"{'x': 613.935516237716, 'y': 451.82098086549496, 'elapsedTime': 46444.5}",577307708659,2332843805,POINT (0.3197580813738104 0.4183527600606435),,,,,,,,,,,,
0,32,10,"{'x': 636.7120767069464, 'y': 447.10243688487355, 'elapsedTime': 46496.5}",577307725326,2332860471,POINT (0.3316208732848679 0.4139837378563644),,,,,,,,,,,,
0,32,10,"{'x': 636.7120767069464, 'y': 447.10243688487355, 'elapsedTime': 46496.5}",577307741996,2332877142,POINT (0.3316208732848679 0.4139837378563644),,,,,,,,,,,,
0,32,10,"{'x': 636.7120767069464, 'y': 447.10243688487355, 'elapsedTime': 46496.5}",577307758664,2332893809,POINT (0.3316208732848679 0.4139837378563644),,,,,,,,,,,,
0,32,10,"{'x': 636.7120767069464, 'y': 447.10243688487355, 'elapsedTime': 46496.5}",577307775331,2332910476,POINT (0.3316208732848679 0.4139837378563644),,,,,,,,,,,,
0,32,10,"{'x': 588.7309130466155, 'y': 466.1718646939253, 'elapsedTime': 46548.39999997616}",577307791999,2332927143,POINT (0.3066306838784456 0.4316406154573382),,,,,,,,,,,,
0,32,10,"{'x': 588.7309130466155, 'y': 466.1718646939253, 'elapsedTime': 46548.39999997616}",577307808665,2332943809,POINT (0.3066306838784456 0.4316406154573382),,,,,,,,,,,,
0,32,10,"{'x': 635.819731670668, 'y': 453.9115937849298, 'elapsedTime': 46600}",577307825332,2332960475,POINT (0.3311561102451396 0.4202885127638239),,,,,,,,,,,,
0,32,10,"{'x': 635.819731670668, 'y': 453.9115937849298, 'elapsedTime': 46600}",577307841998,2332977142,POINT (0.3311561102451396 0.4202885127638239),,,,,,,,,,,,
0,32,10,"{'x': 635.819731670668, 'y': 453.9115937849298, 'elapsedTime': 46600}",577307858666,2332993809,POINT (0.3311561102451396 0.4202885127638239),,,,,,,,,,,,
0,32,10,"{'x': 635.819731670668, 'y': 453.9115937849298, 'elapsedTime': 46600}",577307875336,2333010479,POINT (0.3311561102451396 0.4202885127638239),,,,,,,,,,,,
0,32,10,"{'x': 621.1048895684514, 'y': 412.22859340369877, 'elapsedTime': 46653.700000047684}",577307892002,2333027145,POINT (0.3234921299835685 0.3816931420404618),,,,,,,,,,,,
0,32,10,"{'x': 621.1048895684514, 'y': 412.22859340369877, 'elapsedTime': 46653.700000047684}",577307908670,2333043812,POINT (0.3234921299835685 0.3816931420404618),,,,,,,,,,,,
0,32,10,"{'x': 621.1048895684514, 'y': 412.22859340369877, 'elapsedTime': 46653.700000047684}",577307925336,2333060478,POINT (0.3234921299835685 0.3816931420404618),,,,,,,,,,,,
0,32,10,"{'x': 656.0871372983414, 'y': 435.4282266033198, 'elapsedTime': 46707.60000002384}",577307942005,2333077146,POINT (0.3417120506762195 0.4031742838919628),,,,,,,,,,,,
0,32,10,"{'x': 656.0871372983414, 'y': 435.4282266033198, 'elapsedTime': 46707.60000002384}",577307958671,2333093812,POINT (0.3417120506762195 0.4031742838919628),,,,,,,,,,,,
0,32,10,"{'x': 715.8523847994815, 'y': 451.00673473525154, 'elapsedTime': 46756.5}",577307975338,2333110479,POINT (0.3728397837497299 0.4175988284585662),,,,,,,,,,,,
0,32,10,"{'x': 715.8523847994815, 'y': 451.00673473525154, 'elapsedTime': 46756.5}",577307992004,2333127145,POINT (0.3728397837497299 0.4175988284585662),,,,,,,,,,,,
0,32,10,"{'x': 715.8523847994815, 'y': 451.00673473525154, 'elapsedTime': 46756.5}",577308008679,2333143819,POINT (0.3728397837497299 0.4175988284585662),,,,,,,,,,,,
0,32,10,"{'x': 715.8523847994815, 'y': 451.00673473525154, 'elapsedTime': 46756.5}",577308025345,2333160485,POINT (0.3728397837497299 0.4175988284585662),,,,,,,,,,,,
0,32,10,"{'x': 780.7250976864832, 'y': 419.66306122092766, 'elapsedTime': 46802.89999997616}",577308042013,2333177152,POINT (0.4066276550450433 0.388576908537896),,,,,,,,,,,,
0,32,10,"{'x': 780.7250976864832, 'y': 419.66306122092766, 'elapsedTime': 46802.89999997616}",577308058679,2333193819,POINT (0.4066276550450433 0.388576908537896),,,,,,,,,,,,
0,32,10,"{'x': 780.7250976864832, 'y': 419.66306122092766, 'elapsedTime': 46802.89999997616}",577308075347,2333210486,POINT (0.4066276550450433 0.388576908537896),,,,,,,,,,,,
0,32,10,"{'x': 872.413710605024, 'y': 353.98019625872973, 'elapsedTime': 46858.5}",577308092013,2333227152,POINT (0.4543821409401166 0.3277594409803053),,,,,,,,,,,1,
0,32,10,"{'x': 872.413710605024, 'y': 353.98019625872973, 'elapsedTime': 46858.5}",577308108681,2333243819,POINT (0.4543821409401166 0.3277594409803053),,,,,,,,,,,1,
0,32,10,"{'x': 872.413710605024, 'y': 353.98019625872973, 'elapsedTime': 46858.5}",577308125348,2333260486,POINT (0.4543821409401166 0.3277594409803053),,,,,,,,,,,1,
0,32,10,"{'x': 857.1243812133874, 'y': 365.98369278904806, 'elapsedTime': 46912.10000002384}",577308142018,2333277156,POINT (0.4464189485486393 0.3388737896194889),,,,,,,,,,,1,
0,32,10,"{'x': 857.1243812133874, 'y': 365.98369278904806, 'elapsedTime': 46912.10000002384}",577308158685,2333293823,POINT (0.4464189485486393 0.3388737896194889),,,,,,,,,,,1,
0,32,10,"{'x': 857.1243812133874, 'y': 365.98369278904806, 'elapsedTime': 46912.10000002384}",577308175352,2333310489,POINT (0.4464189485486393 0.3388737896194889),,,,,,,,,,,1,
0,32,10,"{'x': 812.9281963834906, 'y': 395.66394984626857, 'elapsedTime': 46962.10000002384}",577308192019,2333327156,POINT (0.423400102283068 0.3663555091169153),,,,,,,,,,,,
0,32,10,"{'x': 812.9281963834906, 'y': 395.66394984626857, 'elapsedTime': 46962.10000002384}",577308208686,2333343822,POINT (0.423400102283068 0.3663555091169153),,,,,,,,,,,,
0,32,10,"{'x': 812.9281963834906, 'y': 395.66394984626857, 'elapsedTime': 46962.10000002384}",577308225352,2333360489,POINT (0.423400102283068 0.3663555091169153),,,,,,,,,,,,
0,32,10,"{'x': 814.2196027039166, 'y': 416.96056611516127, 'elapsedTime': 47017.5}",577308242020,2333377156,POINT (0.4240727097416232 0.386074598254779),,,,,,,,,,,,
0,32,10,"{'x': 814.2196027039166, 'y': 416.96056611516127, 'elapsedTime': 47017.5}",577308258688,2333393823,POINT (0.4240727097416232 0.386074598254779),,,,,,,,,,,,
0,32,10,"{'x': 814.2196027039166, 'y': 416.96056611516127, 'elapsedTime': 47017.5}",577308275356,2333410491,POINT (0.4240727097416232 0.386074598254779),,,,,,,,,,,,
0,32,10,"{'x': 918.6023344529401, 'y': 351.99237293769505, 'elapsedTime': 47067.60000002384}",577308292023,2333427158,POINT (0.4784387158609063 0.3259188638311991),,,,,,,,,,,1,
0,32,10,"{'x': 918.6023344529401, 'y': 351.99237293769505, 'elapsedTime': 47067.60000002384}",577308308690,2333443824,POINT (0.4784387158609063 0.3259188638311991),,,,,,,,,,,1,
0,32,10,"{'x': 918.6023344529401, 'y': 351.99237293769505, 'elapsedTime': 47067.60000002384}",577308325357,2333460491,POINT (0.4784387158609063 0.3259188638311991),,,,,,,,,,,1,
